0.015344
0.419872
0.012247
0.006674
0.006217
0.007327
0.006032
0.005828
0.005664
0.006010
0.005855
0.005798
0.007875
0.008826
0.011585
0.009171
0.009662
0.013428
0.013325
0.013060
0.013027
0.013093
0.016798
0.013288
0.012874
0.012867
0.013537
0.013334
0.017214
0.021117
0.021134
0.020911
0.021045
0.020980
0.021072
0.021032
0.020914
0.021024
0.021081
0.020836
0.020917
0.021070
0.020962
0.021168
0.020918
0.020844
0.021004
0.021003
0.021008
0.020943
0.021067
0.020877
0.020959
0.020915
0.020922
0.021022
0.021021
0.020908
0.020987
0.021016
0.020946
0.021069
0.020882
0.020930
0.020872
0.021110
0.020967
0.020856
0.020670
0.020842
0.021123
0.020864
0.020727
0.020739
0.021015
0.021057
0.021182
0.024185
0.021026
0.021143
0.021290
0.021190
0.021145
0.021012
0.020916
0.020998
0.020764
0.021219
0.021234
0.024912
0.025038
0.025056
0.024960
0.024949
0.024837
0.025121
0.025060
0.025077
0.024961
0.025010
0.025027
0.024967
0.025032
0.024986
0.025049
0.025078
0.025071
0.025044
0.025018
0.024951
0.025135
0.025053
0.025069
0.025062
0.024938
0.024978
0.025022
0.025069
0.025110
0.025180
0.025044
0.024945
0.024953
0.025113
0.025071
0.025038
0.025158
0.025172
0.024982
0.025009
0.024957
0.025092
0.025147
0.024966
0.025027
0.025017
0.025069
0.024989
0.024989
0.025172
0.025034
0.025054
0.025109
0.024958
0.025016
0.024932
0.024946
0.025128
0.024898
0.024969
0.025030
0.024903
0.024977
0.025003
0.024920
0.025033
0.025015
0.024861
0.024793
0.024961
0.024959
0.025104
0.025017
0.024957
0.025004
0.025037
0.024873
0.025028
0.024955
0.024897
0.025064
0.024933
0.024808
0.025038
0.025102
0.025007
0.025051
0.025068
0.024873
0.025021
0.025023
0.025083
0.024849
0.025004
0.024858
0.024935
0.025004
0.024949
0.025117
0.025023
0.024950
0.024960
0.025044
0.024985
0.025062
0.024926
0.024849
0.024869
0.024853
0.024974
0.024962
0.025108
0.024875
0.024926
0.025045
0.024990
0.024959
0.024943
0.025014
0.025010
0.024886
0.025007
0.024848
0.025033
0.024902
0.025014
0.024880
0.024938
0.025105
0.025024
0.025086
0.025036
0.024997
0.024937
0.024926
0.024919
0.024938
0.024986
0.024997
0.024910
0.024996
0.025141
0.024971
0.025065
0.024983
0.024832
0.024997
0.025094
0.024967
0.024986
0.024914
0.024964
0.024998
0.024985
0.024978
0.024852
0.024967
0.024924
0.024843
0.024910
0.024963
0.025014
0.024911
0.024971
0.024952
0.025015
0.025011
0.024948
0.024848
0.025045
0.024927
0.024975
0.024945
0.024957
0.025023
0.024926
0.024998
0.024965
0.025093
0.024915
0.025008
0.024914
0.025064
0.024896
0.024842
0.024964
0.025076
0.024975
0.024887
0.024948
0.024972
0.024955
0.024888
0.024840
0.024973
0.024917
0.025030
0.025071
0.024988
0.024966
0.024904
0.024973
0.024903
0.024818
0.024784
0.025125
0.025063
0.024991
0.025059
0.024931
0.024912
0.025004
0.024882
0.024968
0.024884
0.024879
0.024899
0.025027
0.024962
0.024995
0.025012
0.025045
0.025137
0.024983
0.025021
0.024906
0.024898
0.025064
0.024867
0.025046
0.024913
0.024956
0.025069
0.024938
0.025008
0.025080
0.024997
0.024855
0.025006
0.025049
0.025020
0.024930
0.024999
0.024960
0.025030
0.025010
0.025131
0.024934
0.024888
0.024924
0.024921
0.025070
0.025007
0.024929
0.024933
0.024933
0.024873
0.024914
0.024972
0.025016
0.024916
0.025091
0.024892
0.024906
0.024971
0.025087
0.025111
0.024857
0.024903
0.024933
0.024957
0.025016
0.024948
0.024767
0.024882
0.024946
0.024965
0.024941
0.025041
0.024923
0.025055
0.024950
0.024946
0.024987
0.024842
0.024871
0.025059
0.025112
0.025172
0.025013
0.024897
0.025000
0.025021
0.024912
0.024838
0.025165
0.025147
0.024992
0.024964
0.024896
0.024997
0.024883
0.025070
0.025162
0.024961
0.025002
0.025027
0.024963
0.024954
0.025005
0.025006
0.024906
0.025004
0.024983
0.024926
0.024971
0.024875
0.025003
0.025125
0.025048
0.024895
0.024962
0.024944
0.024922
0.025012
0.024908
0.024890
0.024768
0.025197
0.024921
0.024995
0.024985
0.025035
0.025013
0.024882
0.024995
0.024957
0.024897
0.025092
0.024892
0.024991
0.025017
0.025047
0.025044
0.024941
0.025036
0.024922
0.024932
0.025030
0.024927
0.025001
0.024978
0.024946
0.025022
0.024933
0.025019
0.025273
0.025082
0.025106
0.025023
0.024966
0.025064
0.024947
0.025024
0.024893
0.025053
0.024981
0.025014
0.024875
0.024962
0.024965
0.024904
0.025073
0.024929
0.024992
0.024911
0.024998
0.025011
0.025028
0.024993
0.025106
0.025050
0.024987
0.024960
0.025001
0.025017
0.024879
0.024927
0.024946
0.025017
0.025009
0.024873
0.024972
0.024961
0.024914
0.024910
0.025039
0.024972
0.025046
0.025049
0.024928
0.025176
0.025093
0.024989
0.025050
0.025094
0.024964
0.024886
0.025020
0.025080
0.025077
0.025072
0.024998
0.024925
0.025037
0.024850
0.024868
0.025042
0.024883
0.025004
0.024948
0.024948
0.024867
0.025023
0.024893
0.025041
0.025092
0.025189
0.025010
0.024886
0.025070
0.024994
0.024966
0.024943
0.024742
0.024774
0.024851
0.025023
0.025011
0.024915
0.025063
0.024969
0.024932
0.024948
0.025082
0.025040
0.025114
0.024936
0.024876
0.024929
0.024982
0.025010
0.024972
0.025084
0.024816
0.024907
0.024869
0.024926
0.024858
0.025134
0.025100
0.025072
0.025001
0.024936
0.025169
0.024999
0.024862
0.025131
0.025001
0.025044
0.025085
0.025094
0.025101
0.025093
0.025221
0.024877
0.024901
0.024992
0.024848
0.024931
0.025013
0.025122
0.025020
0.025064
0.024947
0.024944
0.024984
0.025018
0.025022
0.025033
0.024904
0.024992
0.024978
0.024808
0.025076
0.024836
0.025021
0.024811
0.024926
0.024994
0.024931
0.024904
0.025043
0.024934
0.024991
0.024918
0.024865
0.025110
0.024930
0.024831
0.024848
0.025009
0.025106
0.025066
0.024935
0.024938
0.025089
0.024974
0.025130
0.025141
0.024960
0.024976
0.024992
0.024880
0.024989
0.024992
0.025089
0.025078
0.025047
0.025002
0.025048
0.024912
0.025039
0.025037
0.024795
0.025098
0.025188
0.024958
0.025014
0.024995
0.025023
0.025199
0.025094
0.025166
0.024981
0.024978
0.025039
0.024932
0.024888
0.024963
0.024808
0.025012
0.024944
0.025036
0.024967
0.024945
0.024936
0.024891
0.024999
0.025118
0.024875
0.024879
0.025054
0.025048
0.024959
0.025129
0.024983
0.025053
0.024881
0.025020
0.025078
0.024999
0.024908
0.024935
0.024876
0.025006
0.024874
0.025083
0.025016
0.025020
0.024936
0.025019
0.024992
0.024912
0.025076
0.024956
0.025032
0.024932
0.024941
0.024982
0.025152
0.025050
0.024768
0.024951
0.024925
0.025131
0.025039
0.025191
0.024966
0.024980
0.024996
0.024911
0.024927
0.024834
0.025146
0.024967
0.025040
0.024924
0.025048
0.025126
0.025019
0.025079
0.025025
0.024918
0.025030
0.025111
0.024922
0.025004
0.024996
0.025073
0.025103
0.025005
0.024868
0.024886
0.025096
0.025194
0.025132
0.025047
0.025007
0.025176
0.025066
0.024987
0.025016
0.024899
0.025040
0.025131
0.025001
0.025062
0.025105
0.024942
0.024959
0.025166
0.025142
0.025144
0.025149
0.024970
0.024900
0.025102
0.025018
0.024999
0.025140
0.025067
0.025106
0.025040
0.025222
0.025084
0.025075
0.024961
0.024948
0.025025
0.025076
0.025013
0.025067
0.025016
0.025034
0.025157
0.025222
0.025102
0.024898
0.024947
0.025111
0.025058
0.025006
0.024997
0.025033
0.025046
0.025043
0.025095
0.025003
0.025179
0.025254
0.025058
0.024998
0.024999
0.025002
0.025162
0.025134
0.024945
0.025043
0.025015
0.024956
0.025087
0.025221
0.025068
0.024989
0.024879
0.025014
0.025128
0.025033
0.024999
0.025172
0.025068
0.025020
0.025157
0.025084
0.025134
0.025043
0.025020
0.025140
0.025000
0.025080
0.025059
0.025163
0.025064
0.025218
0.025113
0.025166
0.025245
0.025146
0.025102
0.025156
0.024929
0.024942
0.025085
0.025114
0.025053
0.024951
0.025026
0.024993
0.025208
0.025131
0.025317
0.025227
0.025101
0.025223
0.024896
0.025089
0.025066
0.025146
0.025142
0.025018
0.025215
0.024986
0.025064
0.025038
0.024999
0.025086
0.025051
0.024972
0.025059
0.025104
0.025182
0.025198
0.025138
0.025141
0.024981
0.025015
0.025051
0.025042
0.025168
0.025087
0.025068
0.024925
0.024942
0.024935
0.025076
0.024929
0.024987
0.025063
0.024974
0.025081
0.025097
0.024929
0.024948
0.025022
0.024934
0.025108
0.025085
0.025108
0.025065
0.024994
0.025069
0.024951
0.025152
0.025037
0.025051
0.025126
0.025140
0.024974
0.025201
0.025132
0.025299
0.025177
0.025067
0.025031
0.024990
0.025126
0.024933
0.025061
0.025049
0.025100
0.025099
0.024918
0.025180
0.025207
0.025082
0.025137
0.025066
0.024963
0.025093
0.025144
0.025125
0.025196
0.025118
0.025086
0.025256
0.024854
0.024958
0.025239
0.025145
0.025297
0.025056
0.025125
0.025162
0.024928
0.025020
0.025150
0.024933
0.024973
0.025250
0.025005
0.024894
0.025004
0.024990
0.025162
0.025096
0.025028
0.025130
0.025103
0.025150
0.025092
0.025259
0.024996
0.025056
0.025088
0.025035
0.025240
0.025175
0.025033
0.025037
0.025120
0.025019
0.025023
0.025012
0.025029
0.025019
0.025236
0.025048
0.025138
0.025048
0.025023
0.025053
0.025005
0.025088
0.025061
0.025229
0.025301
0.025105
0.025094
0.025218
0.025146
0.025208
0.024989
0.024950
0.025013
0.024961
0.025044
0.025064
0.025179
0.025153
0.025102
0.025192
0.025107
0.024999
0.024963
0.025125
0.024975
0.025061
0.025180
0.025172
0.025296
0.025151
0.025028
0.025215
0.025038
0.024980
0.025160
0.025054
0.025155
0.025203
0.025056
0.025104
0.025224
0.025198
0.025114
0.025178
0.025186
0.025005
0.025065
0.025025
0.025078
0.024994
0.025134
0.025224
0.025058
0.025063
0.025116
0.025053
0.024989
0.025123
0.024991
0.025133
0.025011
0.025169
0.025050
0.025125
0.025153
0.025159
0.024935
0.025228
0.025221
0.025004
0.025125
0.025120
0.025126
0.025033
0.025077
0.024985
0.024946
0.024974
0.025035
0.025027
0.025136
0.025025
0.025150
0.025185
0.025138
0.025143
0.025108
0.025203
0.025194
0.025132
0.025015
0.024976
0.025071
0.025054
0.025145
0.025161
0.025073
0.025181
0.025040
0.025113
0.024934
0.025136
0.025003
0.024944
0.025107
0.025200
0.025198
0.025082
0.024944
0.025181
0.025284
0.025044
0.025017
0.025089
0.025136
0.025087
0.025052
0.025022
0.025062
0.025167
0.025041
0.025098
0.024996
0.025157
0.025149
0.025128
0.024979
0.025188
0.025076
0.025227
0.025061
0.025053
0.024935
0.025155
0.024977
0.020999
0.020838
0.020743
0.020879
0.020837
0.020807
0.020837
0.020760
0.020752
0.020798
0.020863
0.020880
0.020780
0.020852
0.020942
0.020814
0.020756
0.020877
0.020747
0.020770
0.020762
0.020834
0.020812
0.020859
0.020900
0.020833
0.020900
0.020691
0.020830
0.020937
0.020839
0.020797
0.020911
0.020874
0.020821
0.020809
0.020891
0.020923
0.020822
0.020812
0.020783
0.020858
0.020726
0.020767
0.020780
0.020700
0.020850
0.020727
0.020792
0.020764
0.020828
0.020900
0.020706
0.020835
0.020936
0.020787
0.020821
0.020817
0.020943
0.020842
0.020929
0.020752
0.020940
0.021079
0.021083
0.021198
0.021181
0.021104
0.021120
0.021141
0.021055
0.021043
0.021135
0.021046
0.021175
0.021122
0.021064
0.021024
0.021063
0.021111
0.021122
0.021195
0.021228
0.021215
0.021098
0.021044
0.021099
0.021029
0.021065
0.021108
0.021062
0.021061
0.020971
0.021152
0.021031
0.021291
0.021077
0.021047
0.021037
0.021007
0.021151
0.021164
0.021137
0.021066
0.021098
0.020996
0.020992
0.021106
0.021043
0.021133
0.021135
0.021152
0.021098
0.021108
0.020973
0.021030
0.025145
0.025291
0.024947
0.025048
0.025301
0.025114
0.025059
0.025118
0.025204
0.025068
0.025032
0.025147
0.025000
0.025050
0.025086
0.025154
0.025200
0.025018
0.025073
0.025116
0.025198
0.025119
0.025075
0.025032
0.025165
0.024957
0.025109
0.025200
0.025118
0.025241
0.025053
0.025048
0.024992
0.025083
0.025036
0.025221
0.025242
0.025083
0.024949
0.025256
0.025009
0.025146
0.025100
0.025186
0.025020
0.025134
0.025047
0.025270
0.024999
0.025151
0.025187
0.025100
0.025072
0.025166
0.025067
0.025268
0.025109
0.025134
0.025140
0.025091
0.025068
0.025143
0.024953
0.025087
0.025199
0.025106
0.024987
0.025066
0.025124
0.025227
0.025190
0.025162
0.025129
0.025124
0.025022
0.025100
0.025152
0.025228
0.025219
0.024982
0.025178
0.025040
0.025115
0.025088
0.025103
0.025084
0.025126
0.025256
0.025160
0.025245
0.025253
0.025069
0.025241
0.025193
0.025193
0.025071
0.025237
0.025322
0.025057
0.025214
0.025250
0.025204
0.025155
0.025111
0.025222
0.025271
0.025025
0.025195
0.025068
0.025219
0.025114
0.025147
0.024991
0.025253
0.025142
0.025264
0.025045
0.025248
0.025191
0.025113
0.025182
0.025307
0.025119
0.025205
0.025135
0.025141
0.025213
0.025206
0.025108
0.025230
0.025268
0.025229
0.025090
0.025265
0.025174
0.025134
0.025206
0.025127
0.025044
0.025117
0.025098
0.025039
0.024972
0.025166
0.025168
0.025090
0.025104
0.025156
0.025235
0.025091
0.025280
0.025077
0.025143
0.025264
0.025155
0.025158
0.025184
0.025143
0.025059
0.025188
0.025268
0.024972
0.025076
0.025116
0.025139
0.025145
0.025067
0.025154
0.025145
0.025149
0.025108
0.025176
0.025086
0.025136
0.024984
0.025110
0.025045
0.025203
0.025132
0.025053
0.025153
0.025346
0.025104
0.025177
0.025131
0.025057
0.025056
0.025058
0.025200
0.025071
0.025237
0.025034
0.025036
0.025156
0.025199
0.025173
0.025165
0.025153
0.025124
0.025020
0.025177
0.025230
0.025113
0.025327
0.025160
0.025213
0.025078
0.025090
0.025019
0.025203
0.025115
0.025171
0.025137
0.025087
0.025370
0.025297
0.024973
0.025196
0.025220
0.025146
0.025153
0.025086
0.025210
0.025183
0.025170
0.025088
0.025001
0.025170
0.025027
0.025116
0.024990
0.025189
0.025182
0.025099
0.025057
0.025189
0.025220
0.025161
0.025134
0.025290
0.025181
0.025336
0.025076
0.024970
0.025172
0.025149
0.025177
0.025196
0.025137
0.025105
0.025168
0.025059
0.025198
0.025128
0.025131
0.025057
0.025298
0.025262
0.025236
0.025170
0.025127
0.025165
0.025106
0.025044
0.025101
0.025097
0.025223
0.025000
0.025133
0.025073
0.025175
0.025200
0.025151
0.025195
0.025140
0.025116
0.025012
0.025101
0.025130
0.025100
0.025221
0.025213
0.025020
0.025119
0.025017
0.025244
0.025116
0.025097
0.025201
0.025185
0.025071
0.025094
0.025067
0.025036
0.025238
0.025251
0.025093
