0.015006
0.359521
0.022608
0.012546
0.012754
0.013042
0.012731
0.012992
0.012716
0.013233
0.012707
0.013005
0.013280
0.015497
0.019287
0.020988
0.021033
0.020818
0.021067
0.020852
0.020979
0.020949
0.020828
0.020941
0.021015
0.020757
0.020845
0.020955
0.020966
0.021038
0.020761
0.020843
0.020967
0.020934
0.020885
0.020945
0.021016
0.020816
0.020869
0.020852
0.020891
0.020946
0.020930
0.020866
0.020950
0.020924
0.020922
0.020898
0.020785
0.020863
0.020847
0.021070
0.020866
0.020710
0.020641
0.020771
0.021013
0.020738
0.020652
0.020633
0.021099
0.021009
0.021158
0.023999
0.021024
0.021097
0.021264
0.021180
0.020983
0.020982
0.020779
0.020847
0.020856
0.021138
0.023266
0.024874
0.024985
0.024983
0.024885
0.024897
0.024886
0.025039
0.024983
0.024895
0.024987
0.024985
0.024982
0.024900
0.024827
0.025008
0.025018
0.025033
0.025057
0.025003
0.024901
0.024943
0.025133
0.024973
0.025022
0.024946
0.024933
0.024958
0.024977
0.024966
0.025079
0.025084
0.024950
0.024911
0.024883
0.025076
0.025017
0.024990
0.025156
0.025053
0.024950
0.024926
0.024920
0.025050
0.024980
0.024921
0.025017
0.025003
0.024967
0.024973
0.025007
0.025087
0.025010
0.025023
0.025125
0.024900
0.024995
0.024915
0.025026
0.025071
0.024972
0.024894
0.025040
0.024969
0.025030
0.024938
0.024973
0.025027
0.024981
0.024798
0.024844
0.025006
0.024986
0.025111
0.024890
0.024934
0.025075
0.024954
0.024909
0.025089
0.024948
0.024915
0.025073
0.024852
0.024909
0.025059
0.025070
0.025057
0.025038
0.025038
0.024941
0.024978
0.025122
0.025034
0.024848
0.024984
0.024941
0.024929
0.024922
0.025079
0.025153
0.024947
0.024972
0.024995
0.024973
0.025023
0.025023
0.024907
0.024849
0.024856
0.024962
0.024931
0.025003
0.025067
0.024885
0.024966
0.025035
0.024967
0.024914
0.025009
0.024984
0.025008
0.024905
0.024887
0.024976
0.024952
0.024949
0.024982
0.024826
0.025033
0.025071
0.025010
0.025092
0.024976
0.025030
0.024899
0.024991
0.024875
0.024998
0.025005
0.024945
0.024932
0.025004
0.025081
0.025049
0.024999
0.024994
0.024935
0.024956
0.025116
0.024919
0.024945
0.024912
0.024977
0.024990
0.025017
0.025002
0.024805
0.025019
0.024909
0.024894
0.024837
0.024992
0.025061
0.024860
0.025023
0.024977
0.025044
0.025014
0.024889
0.024939
0.025019
0.024951
0.024983
0.024950
0.024919
0.025027
0.024946
0.025009
0.025004
0.025069
0.024928
0.024971
0.024988
0.025017
0.024901
0.024879
0.025072
0.025011
0.024981
0.024924
0.024933
0.024979
0.024994
0.024933
0.024758
0.025038
0.024940
0.025077
0.025014
0.024990
0.024975
0.025017
0.024907
0.024941
0.024761
0.024937
0.025142
0.025095
0.024992
0.025049
0.024941
0.024935
0.024955
0.024948
0.025033
0.024871
0.024878
0.025038
0.025051
0.024991
0.024996
0.025097
0.025093
0.025084
0.025020
0.025018
0.024863
0.025062
0.024985
0.024986
0.025068
0.024904
0.025046
0.025073
0.024961
0.025015
0.025074
0.024975
0.024952
0.025033
0.025097
0.025033
0.024959
0.024974
0.024998
0.025065
0.025061
0.025093
0.024877
0.025020
0.024902
0.025036
0.025045
0.024949
0.024975
0.025038
0.024944
0.024932
0.024965
0.024991
0.025003
0.024920
0.025047
0.024937
0.024964
0.024989
0.025101
0.025030
0.024897
0.024893
0.024987
0.024943
0.024982
0.024890
0.024834
0.024947
0.024933
0.025049
0.024942
0.025081
0.024982
0.025096
0.024949
0.025009
0.024945
0.024837
0.024968
0.025151
0.025110
0.025181
0.024983
0.024923
0.025004
0.024993
0.024929
0.024917
0.025138
0.025156
0.024984
0.025011
0.024871
0.024986
0.024942
0.025090
0.025170
0.025022
0.025038
0.024993
0.024999
0.025040
0.024966
0.025091
0.024974
0.025022
0.024999
0.024954
0.024993
0.024957
0.025019
0.025146
0.024964
0.024960
0.025009
0.024945
0.025027
0.025017
0.024840
0.024953
0.024857
0.025113
0.024922
0.025015
0.024988
0.025035
0.025004
0.024917
0.024949
0.025007
0.024950
0.025123
0.024950
0.024986
0.025054
0.025089
0.025020
0.025028
0.025004
0.025002
0.024944
0.025032
0.024970
0.025022
0.024959
0.024979
0.025033
0.024899
0.025139
0.025259
0.025104
0.025111
0.025023
0.025031
0.025028
0.024970
0.025066
0.024966
0.025020
0.024970
0.025021
0.024963
0.024979
0.024942
0.024967
0.025065
0.025012
0.024983
0.024941
0.025058
0.024988
0.025088
0.025036
0.025136
0.025036
0.024995
0.024981
0.025021
0.024966
0.024917
0.024954
0.024976
0.024996
0.025033
0.024945
0.024935
0.024982
0.024941
0.024939
0.025005
0.025037
0.025086
0.025052
0.024974
0.025194
0.025073
0.024989
0.025052
0.025094
0.024965
0.024961
0.025053
0.025101
0.025083
0.025096
0.024939
0.025003
0.024997
0.024864
0.024977
0.024984
0.024875
0.025027
0.025012
0.024935
0.024883
0.024985
0.024962
0.025036
0.025137
0.025205
0.024950
0.024922
0.025108
0.025010
0.024968
0.024918
0.024743
0.024812
0.024934
0.025045
0.025045
0.025028
0.025084
0.024923
0.024959
0.024957
0.025212
0.025064
0.025075
0.024928
0.024871
0.024994
0.025044
0.024961
0.025080
0.025047
0.024871
0.024892
0.024972
0.024869
0.024994
0.025140
0.025117
0.025078
0.025021
0.024954
0.025199
0.024909
0.024988
0.025079
0.025045
0.025099
0.025100
0.025096
0.025114
0.025154
0.025164
0.024862
0.025047
0.024910
0.024952
0.024960
0.025093
0.025102
0.025065
0.025018
0.025005
0.024933
0.025028
0.025050
0.025030
0.025032
0.024908
0.024974
0.024960
0.024860
0.025096
0.024838
0.024969
0.024814
0.024968
0.024863
0.025048
0.024938
0.025101
0.024882
0.025064
0.024950
0.024850
0.025117
0.024914
0.024842
0.024939
0.025010
0.025157
0.024992
0.024992
0.024951
0.025068
0.025035
0.025141
0.025068
0.025014
0.024941
0.024947
0.024917
0.024989
0.024976
0.025159
0.025032
0.025039
0.024946
0.025094
0.025011
0.024979
0.024935
0.024930
0.025092
0.025116
0.025021
0.024990
0.025019
0.025087
0.025146
0.025180
0.025081
0.024921
0.025022
0.024978
0.024925
0.024940
0.024895
0.024849
0.025007
0.025064
0.024938
0.024957
0.025021
0.024942
0.024945
0.025021
0.025064
0.024887
0.024930
0.025098
0.024917
0.025110
0.025051
0.025034
0.025001
0.024849
0.025126
0.025017
0.024961
0.024946
0.024909
0.024903
0.024992
0.024992
0.025028
0.025063
0.025000
0.024991
0.025002
0.024994
0.024875
0.025065
0.025019
0.025058
0.024899
0.024984
0.025020
0.025133
0.024967
0.024859
0.024954
0.024919
0.025129
0.025132
0.025147
0.025020
0.024945
0.024978
0.024983
0.024884
0.024945
0.025074
0.024991
0.025029
0.024926
0.025054
0.025138
0.025053
0.025055
0.025005
0.024915
0.025082
0.025001
0.024933
0.024898
0.024999
0.025090
0.024979
0.024994
0.024802
0.024910
0.025078
0.025138
0.025061
0.024962
0.025088
0.025100
0.024964
0.024965
0.024881
0.024869
0.025095
0.025060
0.024973
0.024992
0.025007
0.024868
0.025024
0.025080
0.025013
0.025093
0.025069
0.024864
0.024965
0.025029
0.024909
0.025015
0.025023
0.025039
0.025054
0.024982
0.025122
0.024932
0.025026
0.024910
0.024944
0.024971
0.025000
0.024964
0.025005
0.024978
0.025065
0.025070
0.025140
0.024987
0.024875
0.024976
0.024981
0.025010
0.024913
0.024879
0.025047
0.024925
0.025027
0.024905
0.024971
0.025138
0.025084
0.025004
0.025015
0.024851
0.025056
0.025022
0.025062
0.024835
0.024971
0.024918
0.024942
0.025019
0.025155
0.024957
0.024950
0.024778
0.025000
0.025083
0.024956
0.024961
0.025091
0.024950
0.025001
0.025038
0.025133
0.024899
0.025005
0.024971
0.025090
0.024893
0.025029
0.025049
0.025063
0.025029
0.025120
0.025060
0.025075
0.025130
0.025107
0.024998
0.025060
0.024760
0.024915
0.025043
0.025041
0.024903
0.024909
0.024945
0.024966
0.025072
0.025066
0.025263
0.025043
0.025107
0.025066
0.024802
0.025077
0.024978
0.025101
0.024937
0.025040
0.025084
0.024977
0.024981
0.024929
0.024950
0.025071
0.024884
0.024984
0.024979
0.024982
0.025152
0.025115
0.025092
0.025007
0.024900
0.024881
0.025032
0.025017
0.024988
0.025064
0.024961
0.024868
0.024746
0.024969
0.024977
0.024789
0.024883
0.025043
0.024900
0.025032
0.024957
0.024809
0.024920
0.024913
0.024868
0.025027
0.025023
0.024988
0.024991
0.024940
0.024932
0.024927
0.025020
0.024962
0.024984
0.025009
0.024946
0.025051
0.025000
0.025104
0.025185
0.025102
0.024967
0.024886
0.024922
0.025029
0.024766
0.025000
0.025026
0.024995
0.024910
0.024952
0.025069
0.025078
0.025042
0.025069
0.024939
0.024894
0.024994
0.025064
0.025002
0.025103
0.025017
0.025078
0.024988
0.024862
0.024919
0.025159
0.025083
0.025081
0.024976
0.025039
0.024989
0.024847
0.024997
0.025087
0.024826
0.025040
0.025092
0.024824
0.024807
0.025035
0.024962
0.025075
0.024992
0.024955
0.025156
0.025045
0.025018
0.025137
0.025084
0.024945
0.024974
0.024973
0.024953
0.025174
0.025050
0.024930
0.024973
0.025052
0.024832
0.024933
0.024961
0.024928
0.025006
0.025082
0.024959
0.025007
0.024919
0.024915
0.024906
0.025007
0.025050
0.025033
0.025188
0.025133
0.025042
0.025058
0.025096
0.025014
0.025077
0.024833
0.024844
0.024997
0.024863
0.025015
0.024971
0.025023
0.025097
0.025017
0.025095
0.025007
0.024815
0.024905
0.025033
0.024971
0.024988
0.025115
0.025066
0.025218
0.024961
0.025042
0.025025
0.024965
0.024916
0.025084
0.024953
0.025121
0.025054
0.024974
0.025080
0.025102
0.025089
0.025051
0.025031
0.025098
0.024912
0.024889
0.024961
0.024955
0.024941
0.025107
0.025052
0.024902
0.025052
0.024992
0.024928
0.024947
0.025000
0.024936
0.025047
0.024956
0.024979
0.025001
0.025023
0.025080
0.024992
0.024937
0.025096
0.024993
0.024954
0.025089
0.025002
0.024972
0.024939
0.024942
0.024884
0.024876
0.024937
0.024951
0.024963
0.024976
0.024912
0.025064
0.025041
0.025029
0.025085
0.024988
0.025116
0.025040
0.025016
0.024880
0.024891
0.024981
0.024902
0.025127
0.024946
0.025031
0.025093
0.024968
0.024950
0.024866
0.025021
0.024838
0.024803
0.025048
0.025145
0.025071
0.024894
0.024933
0.025089
0.025121
0.024950
0.024928
0.024945
0.025147
0.024939
0.024915
0.024873
0.025031
0.025035
0.024928
0.025027
0.024912
0.025038
0.025040
0.024959
0.024929
0.025079
0.025029
0.025020
0.024965
0.024951
0.024844
0.025054
0.022837
0.020508
0.020681
0.020686
0.020782
0.020743
0.020680
0.020652
0.020649
0.020530
0.020739
0.020818
0.020741
0.020662
0.020723
0.020755
0.020687
0.020638
0.020606
0.020621
0.020705
0.020627
0.020692
0.020723
0.020748
0.020751
0.020707
0.020687
0.020645
0.020728
0.020819
0.020644
0.020785
0.020774
0.020675
0.020775
0.020725
0.020713
0.020805
0.020795
0.020367
0.020635
0.020732
0.020711
0.020490
0.020405
0.020446
0.020535
0.020411
0.020321
0.020187
0.020788
0.020741
0.020583
0.020824
0.020700
0.020625
0.020764
0.020710
0.020800
0.020738
0.020755
0.020727
0.020796
0.021032
0.020986
0.021012
0.021012
0.020956
0.021068
0.021045
0.020947
0.020934
0.021019
0.020914
0.021028
0.020998
0.020924
0.020864
0.020909
0.021061
0.020998
0.021047
0.021129
0.021051
0.020968
0.020945
0.020891
0.020933
0.020933
0.021007
0.020908
0.020947
0.020909
0.021017
0.021026
0.021145
0.020932
0.020911
0.020932
0.020946
0.021055
0.020991
0.020929
0.021045
0.020920
0.020923
0.020901
0.020926
0.020994
0.021038
0.021023
0.020995
0.020927
0.020950
0.020859
0.020983
0.025008
0.025126
0.024825
0.025002
0.025164
0.024984
0.024883
0.025014
0.025098
0.024946
0.024912
0.025003
0.024931
0.024872
0.025094
0.025056
0.025062
0.024922
0.024893
0.025124
0.024981
0.025017
0.024947
0.024909
0.025006
0.024871
0.025005
0.025092
0.025040
0.025095
0.024930
0.024967
0.024814
0.024998
0.024920
0.025100
0.025107
0.024900
0.024919
0.025087
0.024985
0.024991
0.024937
0.025055
0.024949
0.025014
0.024984
0.025127
0.024923
0.024976
0.025040
0.025000
0.025044
0.025022
0.025008
0.025087
0.024966
0.025025
0.024978
0.025053
0.024965
0.025006
0.024786
0.025086
0.025021
0.024961
0.024853
0.025016
0.025068
0.025113
0.025087
0.025033
0.024992
0.025016
0.024900
0.025010
0.025085
0.025073
0.025073
0.024922
0.025034
0.024901
0.025014
0.024992
0.024999
0.024952
0.025045
0.025109
0.025018
0.025140
0.025081
0.024991
0.025077
0.025074
0.025042
0.024986
0.025169
0.025127
0.024976
0.025168
0.025133
0.025026
0.025085
0.025018
0.025100
0.025067
0.024957
0.025177
0.024969
0.025110
0.025030
0.025009
0.024943
0.025113
0.025096
0.025093
0.024967
0.025066
0.025155
0.025033
0.025059
0.025169
0.025094
0.025012
0.025018
0.025065
0.025112
0.025017
0.025052
0.025131
0.025145
0.025050
0.025018
0.025123
0.025049
0.025068
0.025050
0.024915
0.025030
0.024967
0.025052
0.024834
0.024966
0.025089
0.025034
0.024927
0.025117
0.025006
0.025156
0.025011
0.025125
0.024957
0.025052
0.025174
0.025091
0.025040
0.025038
0.025006
0.024983
0.025095
0.025097
0.024860
0.024969
0.025082
0.025094
0.025042
0.024961
0.025014
0.025116
0.025039
0.025026
0.025078
0.024985
0.024979
0.024894
0.025042
0.024974
0.025108
0.024989
0.025003
0.025072
0.025205
0.024999
0.025047
0.025002
0.024992
0.024950
0.025008
0.025054
0.024973
0.025073
0.024913
0.024987
0.025102
0.025107
0.025082
0.025009
0.025069
0.024993
0.025013
0.025033
0.025101
0.025050
0.025224
0.025100
0.024959
0.025019
0.025023
0.024975
0.025033
0.025010
0.025060
0.025085
0.024993
0.025183
0.025179
0.024875
0.025140
0.025062
0.025026
0.025041
0.025012
0.025033
0.025091
0.025058
0.024951
0.024844
0.025055
0.024900
0.025033
0.024877
0.025213
0.025002
0.024966
0.024948
0.025220
0.025048
0.025003
0.025141
0.025201
0.025076
0.025197
0.024900
0.024942
0.025058
0.025026
0.025049
0.025124
0.025033
0.024982
0.024960
0.024938
0.025158
0.024963
0.025048
0.024961
0.025246
0.025152
0.025076
0.025101
0.025046
0.025071
0.024919
0.024961
0.025070
0.025018
0.025043
0.024907
0.024995
0.025054
0.025028
0.025069
0.025038
0.025107
0.025029
0.024947
0.024943
0.025064
0.024997
0.025032
0.025080
0.025155
0.024956
0.024915
0.024972
0.025120
0.025011
0.025058
0.025038
0.025011
0.024975
0.025073
0.024950
0.024990
0.025162
0.025092
0.025084
0.020861
0.020714
0.020792
0.020670
0.020878
0.020838
0.020842
0.020587
0.020749
0.020769
0.014579
0.020926
0.012880
0.020709
