0.015477
0.361651
0.017874
0.008183
0.008727
0.009217
0.009628
0.013317
0.013076
0.013013
0.013115
0.013049
0.010913
0.013295
0.013014
0.012822
0.013076
0.013306
0.017261
0.021077
0.021204
0.020954
0.020972
0.021021
0.021036
0.021006
0.020952
0.020966
0.021010
0.020955
0.020869
0.020990
0.020975
0.021075
0.020980
0.020828
0.020774
0.021070
0.020952
0.020960
0.021120
0.020902
0.020931
0.020937
0.020900
0.021029
0.021025
0.020933
0.020998
0.021022
0.020910
0.021113
0.020851
0.020876
0.020928
0.021137
0.020967
0.020860
0.020710
0.020780
0.021074
0.020926
0.020737
0.020752
0.020944
0.020997
0.021253
0.024092
0.021089
0.021167
0.021243
0.021334
0.021087
0.021000
0.020967
0.021030
0.020739
0.021099
0.021097
0.025073
0.025053
0.024935
0.025046
0.024911
0.024900
0.025134
0.025066
0.025131
0.024943
0.025031
0.025074
0.025032
0.025017
0.025054
0.025076
0.025099
0.025112
0.025008
0.025046
0.024971
0.025120
0.025045
0.025130
0.025087
0.024954
0.025003
0.024992
0.025164
0.025055
0.025163
0.025051
0.024946
0.024994
0.025108
0.025085
0.025065
0.025125
0.025226
0.025006
0.025014
0.024997
0.025146
0.025144
0.024970
0.025074
0.025055
0.025091
0.024956
0.025096
0.025181
0.025117
0.025104
0.025190
0.025060
0.025072
0.025016
0.025023
0.025170
0.024966
0.025114
0.025022
0.025032
0.025080
0.025120
0.024980
0.025166
0.025102
0.024964
0.024872
0.025023
0.025073
0.025136
0.025095
0.025103
0.025047
0.025139
0.025009
0.025068
0.025060
0.024981
0.025105
0.025107
0.024844
0.025146
0.025134
0.025067
0.025191
0.025027
0.025075
0.025054
0.025069
0.025260
0.024964
0.025033
0.024912
0.025081
0.025061
0.024925
0.025206
0.025118
0.025081
0.025052
0.025079
0.025083
0.025100
0.025024
0.024893
0.025023
0.024855
0.025140
0.025067
0.025105
0.025024
0.024975
0.025116
0.024993
0.025052
0.024945
0.025156
0.025061
0.024990
0.025070
0.024890
0.025102
0.024970
0.025140
0.024884
0.025057
0.025131
0.025112
0.025165
0.025084
0.025081
0.025026
0.025029
0.025017
0.024964
0.025112
0.025099
0.025034
0.025028
0.025191
0.025063
0.025162
0.025024
0.024930
0.025097
0.025110
0.025139
0.025030
0.025004
0.025030
0.025088
0.025017
0.025074
0.024950
0.024985
0.024959
0.024973
0.024982
0.024965
0.025112
0.024969
0.025035
0.025115
0.025108
0.025121
0.025007
0.024907
0.025070
0.025046
0.025079
0.025010
0.025036
0.025089
0.024999
0.025085
0.025031
0.025213
0.024994
0.025097
0.025016
0.025062
0.025039
0.024917
0.025031
0.025120
0.025084
0.025012
0.024963
0.025073
0.025083
0.024920
0.024991
0.024902
0.025074
0.025064
0.025219
0.025047
0.025087
0.025047
0.025093
0.024951
0.024928
0.024857
0.025176
0.025208
0.025172
0.025079
0.025022
0.025026
0.025077
0.024974
0.025044
0.025079
0.024982
0.024943
0.025168
0.025052
0.025096
0.025106
0.025163
0.025258
0.025103
0.025092
0.025095
0.024872
0.025230
0.024963
0.025127
0.025099
0.024977
0.025106
0.025155
0.025043
0.025088
0.025047
0.025030
0.025104
0.025129
0.025114
0.025040
0.025117
0.025060
0.025105
0.025133
0.025203
0.025095
0.024873
0.025097
0.025023
0.025185
0.025077
0.025012
0.025024
0.025126
0.024980
0.025044
0.025095
0.025106
0.025023
0.025184
0.024973
0.025036
0.025146
0.025137
0.025132
0.024955
0.024994
0.025074
0.025049
0.025130
0.024996
0.024897
0.024940
0.025059
0.025023
0.025170
0.025048
0.025083
0.025144
0.025127
0.024975
0.025128
0.025026
0.024926
0.025130
0.025195
0.025290
0.025084
0.025064
0.025080
0.025154
0.024978
0.024961
0.025178
0.025259
0.025139
0.025060
0.024995
0.025060
0.024992
0.025134
0.025209
0.025160
0.025189
0.025134
0.025073
0.025138
0.025090
0.025090
0.025048
0.025152
0.025096
0.025054
0.025043
0.025026
0.025112
0.025199
0.025175
0.025021
0.025028
0.025105
0.025011
0.025052
0.025028
0.024908
0.024942
0.025237
0.025049
0.025061
0.025047
0.025162
0.025044
0.025033
0.025109
0.025036
0.025002
0.025136
0.025089
0.025048
0.025142
0.025159
0.025186
0.025045
0.025126
0.025017
0.025037
0.025089
0.025054
0.025023
0.025120
0.025025
0.025121
0.025047
0.025046
0.025359
0.025177
0.025251
0.025108
0.025081
0.025190
0.025013
0.025106
0.025018
0.025182
0.025078
0.025092
0.025005
0.025083
0.025037
0.025028
0.025232
0.025030
0.025121
0.024963
0.025154
0.025164
0.025018
0.025105
0.025238
0.025110
0.025130
0.025063
0.025087
0.025100
0.024968
0.024961
0.025046
0.025056
0.025051
0.025013
0.025089
0.025043
0.025004
0.025017
0.025116
0.025010
0.025178
0.025131
0.025065
0.025270
0.025143
0.025109
0.025163
0.025136
0.025107
0.024921
0.025190
0.025133
0.025180
0.025153
0.025167
0.024957
0.025139
0.024951
0.024990
0.025147
0.024968
0.025028
0.025057
0.025085
0.024997
0.025057
0.025028
0.025108
0.025158
0.025230
0.025130
0.024983
0.025076
0.025115
0.025034
0.025096
0.024875
0.024799
0.025030
0.025140
0.025054
0.025087
0.025148
0.025074
0.024995
0.025008
0.025189
0.025207
0.025189
0.024990
0.025104
0.025002
0.025020
0.025166
0.025075
0.025199
0.024966
0.025017
0.024996
0.025016
0.024961
0.025187
0.025233
0.025222
0.025115
0.025054
0.025236
0.025176
0.024906
0.025146
0.025132
0.025118
0.025184
0.025149
0.025169
0.025281
0.025240
0.025122
0.024961
0.025141
0.024926
0.025044
0.025089
0.025264
0.025128
0.025138
0.025052
0.025104
0.024987
0.025105
0.025146
0.025145
0.025012
0.025059
0.025061
0.024946
0.025105
0.025017
0.025070
0.024937
0.024993
0.025110
0.024920
0.025112
0.025077
0.025096
0.025010
0.025019
0.024911
0.025132
0.025065
0.024987
0.024903
0.025166
0.025135
0.025194
0.024988
0.025140
0.025086
0.025151
0.025137
0.025241
0.025024
0.025125
0.025053
0.025010
0.025111
0.025100
0.025067
0.025241
0.025153
0.025090
0.025066
0.025086
0.025101
0.025162
0.024846
0.025194
0.025245
0.025041
0.025121
0.025075
0.025124
0.025241
0.025214
0.025183
0.025081
0.025039
0.025042
0.024999
0.024898
0.025042
0.024946
0.025059
0.024978
0.025109
0.025061
0.024987
0.025074
0.024984
0.025125
0.025190
0.024970
0.024955
0.025120
0.025155
0.025038
0.025170
0.025094
0.025170
0.025039
0.024991
0.025247
0.025112
0.024980
0.024998
0.024957
0.025070
0.025007
0.025147
0.025120
0.025091
0.025107
0.025124
0.025102
0.025017
0.025047
0.025045
0.025100
0.025017
0.025052
0.025109
0.025240
0.025173
0.024924
0.024966
0.025010
0.025193
0.025119
0.025266
0.025092
0.025103
0.025044
0.025029
0.025048
0.024914
0.025237
0.025089
0.025132
0.025104
0.025016
0.025219
0.025094
0.025225
0.025077
0.025042
0.025089
0.025166
0.024968
0.025111
0.024871
0.025159
0.025172
0.025054
0.024877
0.024922
0.025107
0.025241
0.025186
0.025146
0.025004
0.025187
0.025163
0.025013
0.025108
0.024889
0.025046
0.025183
0.025072
0.025098
0.025062
0.024984
0.025006
0.025213
0.025133
0.025171
0.025193
0.025080
0.024875
0.025118
0.025081
0.024946
0.025187
0.025072
0.025169
0.025087
0.025196
0.025148
0.025023
0.025035
0.024964
0.025102
0.025044
0.025054
0.025056
0.025095
0.025025
0.025188
0.025169
0.025177
0.024933
0.025002
0.025120
0.025077
0.025025
0.025064
0.024947
0.025086
0.025056
0.025081
0.024997
0.025097
0.025319
0.025022
0.025019
0.025049
0.024980
0.025160
0.025105
0.025009
0.025089
0.025090
0.024921
0.025036
0.025295
0.025163
0.024995
0.024940
0.024970
0.025156
0.025024
0.025028
0.025182
0.025177
0.024969
0.025138
0.025058
0.025240
0.024985
0.025054
0.025102
0.025035
0.025059
0.025086
0.025154
0.025059
0.025176
0.025116
0.025146
0.025176
0.025150
0.025168
0.025071
0.025033
0.024899
0.025040
0.025120
0.025093
0.024914
0.025081
0.024996
0.025178
0.025195
0.025234
0.025283
0.025087
0.025164
0.024994
0.025005
0.025176
0.025112
0.025169
0.024935
0.025198
0.025000
0.025079
0.025030
0.025054
0.025046
0.025051
0.024938
0.025167
0.025128
0.025075
0.025195
0.025203
0.025118
0.025016
0.025057
0.024999
0.025111
0.025156
0.025062
0.025179
0.024928
0.024985
0.024892
0.025058
0.025028
0.024911
0.024961
0.025040
0.025083
0.025133
0.024911
0.024938
0.025011
0.024956
0.025057
0.025091
0.025121
0.024961
0.024960
0.025088
0.024872
0.025073
0.025058
0.025085
0.025136
0.025108
0.024934
0.025244
0.025052
0.025261
0.025147
0.025144
0.025051
0.024921
0.025072
0.025036
0.024972
0.025061
0.025116
0.025085
0.024891
0.025181
0.025126
0.025109
0.025158
0.025084
0.024972
0.025109
0.025100
0.025141
0.025129
0.025167
0.025097
0.025253
0.024914
0.024868
0.025246
0.025119
0.025218
0.025026
0.025099
0.025150
0.024999
0.024947
0.025109
0.025054
0.024942
0.025226
0.025046
0.024900
0.024953
0.024943
0.025236
0.025122
0.025010
0.025099
0.025188
0.025161
0.025053
0.025317
0.024994
0.025038
0.025032
0.025089
0.025139
0.025200
0.025015
0.025007
0.025115
0.025033
0.024954
0.024959
0.025049
0.025020
0.025173
0.025028
0.025151
0.024969
0.025065
0.024975
0.024973
0.025078
0.025070
0.025194
0.025281
0.025116
0.025113
0.025227
0.025131
0.025165
0.025081
0.024911
0.024969
0.025013
0.024946
0.025046
0.025133
0.025110
0.025098
0.025184
0.025146
0.025027
0.024909
0.025081
0.024965
0.025073
0.025118
0.025207
0.025252
0.025188
0.025039
0.025181
0.025022
0.024990
0.025126
0.025029
0.025097
0.025188
0.024987
0.025104
0.025202
0.025156
0.025090
0.025208
0.025083
0.025085
0.025035
0.024978
0.024955
0.024987
0.025077
0.025259
0.025076
0.024968
0.025161
0.025046
0.024990
0.025128
0.024966
0.025091
0.025028
0.025175
0.025002
0.025089
0.025096
0.025154
0.024954
0.025160
0.025233
0.024945
0.025098
0.025137
0.025107
0.025025
0.025050
0.024967
0.024921
0.024930
0.025029
0.025013
0.025132
0.025008
0.025107
0.025112
0.025114
0.025143
0.025141
0.025123
0.025214
0.025097
0.025009
0.024994
0.024985
0.025090
0.025082
0.025181
0.025028
0.025152
0.025112
0.025058
0.024933
0.025141
0.025052
0.024966
0.024971
0.025174
0.025212
0.025099
0.024903
0.025187
0.025245
0.025034
0.024971
0.025110
0.025013
0.025093
0.025007
0.024992
0.025078
0.025131
0.025029
0.025113
0.024978
0.025132
0.025115
0.025096
0.025014
0.025152
0.025122
0.025190
0.025000
0.025148
0.024919
0.025108
0.025033
0.021041
0.020862
0.020720
0.020792
0.020874
0.020779
0.020765
0.020745
0.020742
0.020653
0.020839
0.020918
0.020708
0.020795
0.020920
0.020850
0.020764
0.020783
0.020771
0.020751
0.020796
0.020706
0.020770
0.020791
0.020815
0.020802
0.020805
0.020743
0.020847
0.020844
0.020826
0.020803
0.020901
0.020838
0.020716
0.020764
0.020897
0.020857
0.020823
0.020873
0.020753
0.020773
0.020782
0.020733
0.020710
0.020659
0.020849
0.020716
0.020719
0.020779
0.020746
0.020912
0.020716
0.020732
0.020925
0.020694
0.020790
0.020849
0.020849
0.020848
0.020905
0.020723
0.020890
0.020945
0.021114
0.021119
0.021140
0.021047
0.021089
0.021115
0.021132
0.020964
0.021079
0.020997
0.021122
0.021119
0.021086
0.020938
0.021046
0.020987
0.021124
0.021080
0.021205
0.021163
0.021109
0.020970
0.021145
0.020934
0.021099
0.021023
0.021039
0.020998
0.020869
0.021126
0.021013
0.021177
0.021129
0.020983
0.020985
0.020934
0.021144
0.021126
0.021115
0.020999
0.021106
0.020920
0.021039
0.021051
0.020987
0.021080
0.021086
0.021169
0.021039
0.021050
0.020955
0.020972
0.023313
0.025125
0.024991
0.024966
0.025231
0.025148
0.025060
0.025021
0.025165
0.025081
0.025051
0.025082
0.024964
0.025057
0.025054
0.025095
0.025160
0.025027
0.025069
0.025053
0.025187
0.025018
0.025099
0.025065
0.025128
0.025001
0.025027
0.025106
0.025131
0.025170
0.025093
0.025020
0.024976
0.024971
0.025038
0.025117
0.025226
0.025101
0.024868
0.025184
0.025127
0.025062
0.025092
0.025137
0.025047
0.025117
0.025028
0.025211
0.025041
0.025181
0.025070
0.025084
0.025113
0.025160
0.025087
0.025189
0.025092
0.025087
0.025191
0.024969
0.025196
0.025026
0.024961
0.024985
0.025206
0.025071
0.025046
0.024978
0.025102
0.025223
0.025165
0.025179
0.025103
0.025030
0.025037
0.025084
0.025122
0.025152
0.025231
0.025037
0.025115
0.025092
0.025067
0.025070
0.025118
0.025014
0.025055
0.025215
0.025131
0.025156
0.025223
0.025127
0.025222
0.025144
0.025184
0.025049
0.025193
0.025313
0.025080
0.025166
0.025256
0.025186
0.025095
0.025167
0.025124
0.025278
0.025059
0.025157
0.025144
0.025128
0.025197
0.025159
0.025060
0.025122
0.025163
0.025248
0.025043
0.025226
0.025132
0.025189
0.025128
0.025201
0.025187
0.025221
0.025044
0.025162
0.025124
0.025230
0.025069
0.025202
0.025235
0.025187
0.025086
0.025192
0.025178
0.025105
0.025188
0.025160
0.024979
0.025130
0.025120
0.025087
0.024972
0.025127
0.025124
0.025145
0.025018
0.025176
0.025120
0.025176
0.025166
0.025131
0.025076
0.025249
0.025172
0.025209
0.025122
0.025069
0.025100
0.025085
0.025144
0.025092
0.024999
0.025102
0.025184
0.025110
0.025111
0.025097
0.025073
0.025162
0.025107
0.025151
0.025099
0.025108
0.025028
0.025068
0.025053
0.025114
0.025148
0.025054
0.025183
0.025272
0.025167
0.025163
0.025128
0.025022
0.025058
0.025034
0.025218
0.025024
0.025137
0.025147
0.025031
0.025171
0.025198
0.025172
0.025184
0.025112
0.025132
0.025037
0.025192
0.025198
0.025098
0.025288
0.025205
0.025198
0.024999
0.025111
0.024983
0.025214
0.025050
0.025184
0.025158
0.025082
0.025236
0.025266
0.025069
0.025086
0.025245
0.025160
0.025114
0.025062
0.025115
0.025100
0.025269
0.025030
0.025056
0.025065
0.025089
0.025016
0.025100
0.025084
0.025287
0.025116
0.025041
0.025081
0.025292
0.025131
0.025131
0.025253
0.025224
0.025275
0.025171
0.024889
0.025129
0.025150
0.025150
0.025146
0.025194
0.025094
0.025150
0.025063
0.025093
0.025147
0.025096
0.025055
0.025181
0.025285
0.025184
0.025136
0.025231
0.025148
0.025158
0.024997
0.025105
0.025102
0.025163
0.024954
0.025107
0.025059
0.025175
0.025137
0.025195
0.025195
0.025159
0.025107
0.025016
0.025025
0.025190
0.025066
0.025200
0.025147
0.025111
0.025191
0.024980
0.025151
0.025172
0.025084
0.025175
0.025183
0.025065
0.025023
0.025161
0.025060
0.025153
0.025236
0.025182
0.023006
0.020804
0.020852
0.020821
0.020818
0.020972
0.020861
0.020807
0.020794
0.020811
