0.015346
0.385116
0.018941
0.018523
0.020872
0.021025
0.020891
0.021130
0.020913
0.021075
0.021008
0.020921
0.020971
0.020935
0.020646
0.020808
0.021009
0.020957
0.021072
0.020778
0.020915
0.021025
0.020973
0.020941
0.021044
0.020994
0.020904
0.020935
0.020898
0.020939
0.021058
0.020946
0.020982
0.020948
0.020895
0.020992
0.020927
0.020851
0.020911
0.020952
0.021118
0.020896
0.020748
0.020669
0.020833
0.021075
0.020813
0.020713
0.020741
0.021165
0.021079
0.021153
0.024066
0.021121
0.021080
0.021329
0.021265
0.020993
0.021032
0.020807
0.020939
0.020870
0.021152
0.023325
0.024929
0.025040
0.025022
0.024971
0.024915
0.024977
0.025124
0.024987
0.025021
0.025024
0.024998
0.025061
0.025013
0.025025
0.025047
0.025143
0.025051
0.025107
0.025066
0.024940
0.025068
0.025173
0.025005
0.025080
0.024986
0.025004
0.025060
0.025029
0.025091
0.025158
0.025079
0.024982
0.024959
0.024953
0.025192
0.025070
0.025091
0.025230
0.025091
0.024973
0.025011
0.025080
0.025058
0.025066
0.024990
0.025049
0.025120
0.024957
0.025029
0.025046
0.025147
0.025062
0.025125
0.025136
0.024971
0.025025
0.025014
0.025069
0.025101
0.024962
0.025006
0.025023
0.025011
0.025016
0.025015
0.025052
0.025089
0.024978
0.024911
0.024878
0.025055
0.024977
0.025153
0.025053
0.025013
0.025117
0.025023
0.024987
0.025089
0.024980
0.025041
0.025071
0.024884
0.024978
0.025157
0.025080
0.025116
0.025069
0.025035
0.025001
0.024985
0.025189
0.025108
0.024916
0.025020
0.024980
0.024970
0.024945
0.025119
0.025104
0.025058
0.024985
0.025055
0.025017
0.025086
0.025107
0.024962
0.024898
0.024931
0.025021
0.025074
0.025031
0.025159
0.024912
0.025045
0.025056
0.025120
0.024977
0.025063
0.025061
0.025066
0.024971
0.024974
0.025056
0.025014
0.025027
0.025036
0.024895
0.025146
0.025084
0.025120
0.025086
0.025067
0.025108
0.024965
0.025041
0.024927
0.025085
0.025127
0.024984
0.025015
0.025088
0.025087
0.025117
0.025042
0.025002
0.024983
0.024959
0.025174
0.024976
0.025002
0.024951
0.025018
0.025049
0.025019
0.025026
0.024933
0.025063
0.024957
0.024942
0.024907
0.025044
0.025117
0.024931
0.025097
0.025048
0.025102
0.025076
0.024947
0.024948
0.025127
0.024984
0.025013
0.025083
0.024937
0.025072
0.025047
0.025072
0.025088
0.025162
0.025008
0.025051
0.025048
0.025064
0.024948
0.024998
0.025178
0.025009
0.025104
0.024962
0.025002
0.025033
0.025055
0.024871
0.024854
0.025048
0.025036
0.025088
0.025136
0.025003
0.025055
0.025035
0.024957
0.024961
0.024799
0.024946
0.025117
0.025212
0.024909
0.025156
0.024982
0.024958
0.025046
0.025012
0.025155
0.024893
0.024928
0.025107
0.025079
0.025008
0.025058
0.025178
0.025173
0.025140
0.025067
0.025128
0.024933
0.025137
0.025065
0.025065
0.025162
0.024940
0.025128
0.025109
0.025038
0.025066
0.025136
0.025034
0.025086
0.025062
0.025155
0.025098
0.025097
0.025004
0.025066
0.025186
0.025139
0.025164
0.024956
0.025092
0.024965
0.025151
0.025059
0.025041
0.025037
0.025089
0.025003
0.024995
0.025106
0.025007
0.025067
0.025029
0.025064
0.024974
0.025046
0.025037
0.025211
0.025036
0.024931
0.024998
0.025063
0.025020
0.025021
0.025020
0.024897
0.025059
0.025017
0.025160
0.025030
0.025136
0.025057
0.025210
0.025017
0.025128
0.024955
0.024921
0.025076
0.025171
0.025195
0.025200
0.025120
0.024974
0.025050
0.025099
0.024998
0.025009
0.025161
0.025197
0.024993
0.025035
0.024956
0.024991
0.025017
0.025156
0.025162
0.025113
0.025074
0.025058
0.025113
0.025086
0.025012
0.025124
0.024980
0.025088
0.025041
0.025014
0.025077
0.025031
0.025084
0.025162
0.025083
0.025002
0.025114
0.024956
0.025119
0.025006
0.024881
0.024955
0.025003
0.025105
0.024963
0.025051
0.025114
0.025084
0.025050
0.025104
0.024998
0.025014
0.025028
0.025192
0.024968
0.025083
0.025077
0.025138
0.025141
0.025077
0.025068
0.025048
0.025077
0.025093
0.025008
0.025097
0.024999
0.025068
0.025136
0.024958
0.025316
0.025228
0.025198
0.025134
0.025106
0.025061
0.025080
0.024999
0.025114
0.024979
0.025116
0.025036
0.025071
0.025038
0.025090
0.024942
0.025113
0.025104
0.025062
0.025054
0.025038
0.025136
0.025009
0.025144
0.025169
0.025182
0.025107
0.025047
0.025110
0.024981
0.025002
0.024975
0.025083
0.024964
0.025029
0.025025
0.025118
0.024933
0.025016
0.024970
0.025074
0.024992
0.025096
0.025162
0.025061
0.025047
0.025250
0.025127
0.025131
0.025138
0.025139
0.025048
0.025079
0.025122
0.025078
0.025144
0.025128
0.024996
0.025124
0.025012
0.024962
0.025087
0.025001
0.024975
0.025082
0.025106
0.024938
0.025025
0.025000
0.025037
0.025114
0.025265
0.025198
0.025000
0.024980
0.025170
0.025093
0.025056
0.024967
0.024773
0.024868
0.024955
0.025134
0.025072
0.025073
0.025149
0.025008
0.025000
0.025116
0.025214
0.025198
0.025074
0.025009
0.024973
0.025033
0.025074
0.025110
0.025135
0.025116
0.024925
0.024960
0.025062
0.024927
0.025064
0.025198
0.025205
0.025158
0.025050
0.025100
0.025187
0.025000
0.025124
0.025099
0.025116
0.025149
0.025154
0.025215
0.025225
0.025194
0.025225
0.024977
0.025100
0.024969
0.025045
0.025055
0.025169
0.025165
0.025122
0.025091
0.025047
0.024992
0.025090
0.025144
0.025051
0.025134
0.024917
0.025104
0.025003
0.024949
0.025192
0.024852
0.025052
0.024881
0.025097
0.024994
0.025073
0.025002
0.025212
0.024946
0.025102
0.025036
0.024952
0.025182
0.024926
0.024975
0.024965
0.025115
0.025194
0.025109
0.025103
0.025097
0.025130
0.025139
0.025148
0.025156
0.025058
0.025064
0.024992
0.025052
0.025156
0.024976
0.025210
0.025154
0.025069
0.025060
0.025083
0.025122
0.025103
0.024981
0.025017
0.025235
0.025169
0.025134
0.025044
0.025184
0.025114
0.025227
0.025213
0.025231
0.024937
0.025066
0.025081
0.024985
0.025000
0.025005
0.025013
0.025027
0.025140
0.025028
0.025033
0.025022
0.024987
0.025085
0.025122
0.025198
0.024918
0.025009
0.025222
0.024992
0.025148
0.025132
0.025151
0.025105
0.024901
0.025262
0.025088
0.025088
0.025037
0.025005
0.024979
0.025077
0.025065
0.025160
0.025113
0.025106
0.025073
0.025055
0.025149
0.024946
0.025148
0.025103
0.025177
0.024996
0.025094
0.025166
0.025216
0.025095
0.024903
0.025008
0.025088
0.025183
0.025230
0.025228
0.025077
0.025044
0.025141
0.025054
0.024969
0.025072
0.025139
0.025029
0.025152
0.025077
0.025201
0.025153
0.025179
0.025181
0.025083
0.025028
0.025139
0.025141
0.025012
0.024985
0.025111
0.025174
0.025114
0.025083
0.024940
0.024950
0.025272
0.025207
0.025192
0.025030
0.025190
0.025183
0.025028
0.025147
0.024922
0.024958
0.025154
0.025173
0.025041
0.025076
0.025143
0.025009
0.025122
0.025161
0.025133
0.025249
0.025126
0.024937
0.025051
0.025184
0.024938
0.025202
0.025076
0.025159
0.025150
0.025073
0.025259
0.025029
0.025153
0.025037
0.025046
0.025022
0.025143
0.025003
0.025128
0.025040
0.025133
0.025167
0.025246
0.025108
0.025009
0.025067
0.025156
0.025164
0.024989
0.024933
0.025158
0.025056
0.025147
0.025000
0.025108
0.025287
0.025147
0.025044
0.025093
0.024962
0.025183
0.025085
0.025153
0.024976
0.025082
0.024990
0.025034
0.025244
0.025197
0.025048
0.025058
0.024905
0.025135
0.025133
0.025062
0.025126
0.025151
0.025114
0.025070
0.025159
0.025240
0.024961
0.025120
0.025051
0.025160
0.025060
0.025079
0.025088
0.025199
0.025153
0.025164
0.025172
0.025107
0.025262
0.025136
0.025099
0.025123
0.024901
0.025024
0.025136
0.025142
0.024991
0.024933
0.025068
0.025069
0.025287
0.025091
0.025346
0.025078
0.025226
0.025096
0.024940
0.025138
0.025032
0.025126
0.025063
0.025096
0.025136
0.025020
0.025053
0.024979
0.025036
0.025100
0.024939
0.025010
0.025086
0.025033
0.025180
0.025167
0.025198
0.025048
0.025006
0.024912
0.025113
0.025057
0.025064
0.025121
0.025066
0.024958
0.024844
0.025040
0.025079
0.024895
0.024983
0.025116
0.025030
0.025062
0.025054
0.024871
0.025023
0.024956
0.024994
0.025080
0.025189
0.025020
0.025028
0.024996
0.024991
0.024972
0.025076
0.025043
0.025087
0.025034
0.025067
0.025159
0.025094
0.025160
0.025334
0.025127
0.025086
0.024982
0.024984
0.025081
0.024871
0.025114
0.025137
0.025066
0.025018
0.025018
0.025177
0.025121
0.025181
0.025139
0.025050
0.024971
0.025138
0.025161
0.025165
0.025181
0.025085
0.025192
0.025083
0.024919
0.025050
0.025205
0.025109
0.025173
0.025014
0.025105
0.025125
0.024943
0.025108
0.025141
0.024889
0.025084
0.025175
0.024888
0.024901
0.025090
0.025082
0.025091
0.025095
0.025038
0.025223
0.025054
0.025091
0.025210
0.025141
0.024987
0.025014
0.025007
0.025096
0.025215
0.025185
0.024920
0.025084
0.025135
0.024977
0.024958
0.025080
0.025023
0.025136
0.025120
0.025150
0.024981
0.025083
0.024998
0.024993
0.025026
0.025151
0.025097
0.025283
0.025194
0.025105
0.025134
0.025210
0.025068
0.025238
0.024871
0.024993
0.025019
0.024965
0.025075
0.025109
0.025059
0.025179
0.025058
0.025206
0.025049
0.024932
0.024979
0.025098
0.025032
0.025122
0.025142
0.025215
0.025226
0.025127
0.025065
0.025154
0.025029
0.025046
0.025108
0.025055
0.025178
0.025174
0.025020
0.025200
0.025146
0.025184
0.025127
0.025082
0.025116
0.025037
0.024986
0.025088
0.024984
0.025074
0.025146
0.025196
0.024955
0.025184
0.025064
0.025047
0.025017
0.025134
0.024987
0.025155
0.025077
0.025056
0.025092
0.025100
0.025167
0.025147
0.025002
0.025157
0.025051
0.025100
0.025122
0.025143
0.025072
0.025078
0.024999
0.024918
0.024895
0.024995
0.024995
0.025045
0.025035
0.025057
0.025137
0.025183
0.025104
0.025238
0.025026
0.025294
0.025113
0.025097
0.025005
0.024994
0.025090
0.025071
0.025172
0.025061
0.025123
0.025179
0.025088
0.025091
0.024960
0.025164
0.024942
0.024932
0.025136
0.025277
0.025131
0.025043
0.025034
0.025225
0.025116
0.025109
0.025008
0.025030
0.025141
0.025046
0.024954
0.025029
0.025089
0.025213
0.024973
0.025134
0.024981
0.025160
0.025168
0.025062
0.025076
0.025189
0.025070
0.025164
0.025103
0.024998
0.024940
0.025181
0.022874
0.020919
0.020742
0.020850
0.020812
0.020809
0.020761
0.020830
0.020776
0.020679
0.020859
0.020965
0.020746
0.020823
0.020878
0.020951
0.020748
0.020775
0.020857
0.020832
0.020830
0.020778
0.020789
0.020809
0.020789
0.020835
0.020806
0.020856
0.020761
0.020822
0.020888
0.020867
0.020890
0.020860
0.020773
0.020954
0.020782
0.020908
0.020845
0.020916
0.020736
0.020772
0.020856
0.020801
0.020727
0.020753
0.020748
0.020919
0.020669
0.020851
0.020781
0.020952
0.020824
0.020711
0.020881
0.020792
0.020743
0.020903
0.020813
0.020931
0.020846
0.020911
0.020853
0.020824
0.021131
0.021193
0.021086
0.021182
0.021055
0.021153
0.021109
0.021050
0.021060
0.021136
0.021020
0.021154
0.021144
0.021044
0.020931
0.021027
0.021132
0.021140
0.021125
0.021244
0.021147
0.021061
0.021024
0.021014
0.021060
0.021084
0.021044
0.021078
0.020953
0.021039
0.021087
0.021140
0.021250
0.021022
0.021011
0.021042
0.020994
0.021185
0.021049
0.021046
0.021116
0.021063
0.020980
0.021062
0.021007
0.021123
0.021144
0.021108
0.021066
0.021080
0.021069
0.020933
0.021076
0.025170
0.025152
0.024917
0.025057
0.025261
0.025123
0.024952
0.025086
0.025236
0.025010
0.025035
0.025027
0.025052
0.024997
0.025171
0.025147
0.025148
0.025042
0.025002
0.025244
0.025026
0.025101
0.025084
0.025043
0.025075
0.024971
0.025166
0.025153
0.025144
0.025161
0.025042
0.025039
0.024943
0.025063
0.025022
0.025224
0.025203
0.024986
0.025008
0.025221
0.025081
0.025026
0.025090
0.025090
0.025097
0.025067
0.025104
0.025182
0.025096
0.025047
0.025164
0.025085
0.025191
0.025099
0.025141
0.025173
0.025127
0.025111
0.025122
0.025148
0.025102
0.025032
0.024907
0.025178
0.025130
0.025084
0.024953
0.025069
0.025216
0.025085
0.025212
0.025134
0.025079
0.025119
0.025034
0.025069
0.025232
0.025126
0.025151
0.025018
0.025149
0.025010
0.025115
0.025093
0.025064
0.025070
0.025215
0.025153
0.025156
0.025227
0.025228
0.025088
0.025174
0.025209
0.025163
0.025085
0.025271
0.025184
0.025162
0.025188
0.025220
0.025053
0.025187
0.025059
0.025204
0.025109
0.025111
0.025216
0.025074
0.025187
0.025089
0.025112
0.025001
0.025156
0.025179
0.025144
0.025139
0.025056
0.025334
0.025022
0.025154
0.025242
0.025157
0.025030
0.025111
0.025096
0.025222
0.025003
0.025140
0.025220
0.025213
0.025109
0.025137
0.025135
0.025164
0.025077
0.025172
0.024958
0.025070
0.025038
0.025109
0.024891
0.025051
0.025136
0.025102
0.024931
0.025212
0.025018
0.025216
0.025014
0.025197
0.024980
0.025151
0.025144
0.025185
0.025087
0.025076
0.025008
0.025058
0.025081
0.025164
0.024857
0.025064
0.025125
0.025111
0.025042
0.025066
0.025058
0.025156
0.025072
0.025068
0.025063
0.025069
0.025011
0.024958
0.025049
0.025025
0.025179
0.025059
0.025025
0.025173
0.025208
0.025098
0.025024
0.025069
0.025009
0.025022
0.025081
0.025030
0.025004
0.025155
0.024983
0.025093
0.025127
0.025157
0.025059
0.025054
0.025112
0.025063
0.024975
0.025165
0.025066
0.025172
0.025285
0.025179
0.025014
0.025088
0.025087
0.025075
0.025044
0.025044
0.025160
0.025163
0.025082
0.025260
0.025212
0.024958
0.025212
0.025094
0.025055
0.025062
0.025108
0.025081
0.025189
0.025095
0.025000
0.024971
0.025122
0.024983
0.025122
0.024985
0.025306
0.025117
0.025017
0.025056
0.025267
0.025058
0.025099
0.025220
0.025227
0.025194
0.025204
0.024993
0.024999
0.025150
0.025110
0.025120
0.025202
0.025067
0.025069
0.025073
0.024981
0.025221
0.025030
0.025057
0.025016
0.025293
0.025198
0.025061
0.025214
0.025123
0.025087
0.025049
0.024989
0.025155
0.025090
0.025086
0.024965
0.025054
0.025175
0.025051
0.025119
0.025107
0.025202
0.025122
0.024955
0.024986
0.025139
0.025132
0.025025
0.025131
0.025189
0.025081
0.024910
0.025068
0.025191
0.025080
0.025167
0.025111
0.025021
0.024975
0.025095
0.025017
0.025086
0.025191
0.025120
0.025102
0.020800
0.020808
0.020850
0.020761
0.020948
0.020832
0.020833
0.020715
0.020742
0.020874
0.014519
0.013166
0.020511
0.013206
0.014727
0.012453
0.012525
0.012593
0.012555
0.012558
0.012567
0.012710
0.012413
0.012534
0.012611
