0.020537
0.519620
0.035304
0.019784
0.020395
0.020847
0.021119
0.020900
0.021046
0.020997
0.020847
0.020987
0.020981
0.020966
0.020853
0.021019
0.021032
0.020586
0.020821
0.020954
0.021062
0.020931
0.020967
0.021049
0.020999
0.020912
0.020903
0.020837
0.020927
0.021029
0.020926
0.020975
0.021017
0.020900
0.021005
0.020906
0.020772
0.020920
0.020953
0.021137
0.020838
0.020798
0.020711
0.020822
0.021108
0.020809
0.020746
0.020696
0.021182
0.021084
0.021051
0.024050
0.021164
0.021072
0.021317
0.021257
0.020930
0.021071
0.020790
0.020920
0.020805
0.021129
0.023284
0.024916
0.025002
0.025023
0.024946
0.024888
0.024943
0.025147
0.024971
0.024937
0.025060
0.025011
0.025034
0.024993
0.024985
0.025085
0.025048
0.025022
0.025112
0.025019
0.024917
0.025036
0.025182
0.025020
0.025110
0.024901
0.025005
0.025052
0.025049
0.025047
0.025161
0.025069
0.025015
0.024950
0.024930
0.025129
0.025072
0.025003
0.025259
0.025042
0.024959
0.024970
0.025036
0.025094
0.025023
0.025012
0.025073
0.025060
0.024959
0.025033
0.025086
0.025112
0.025064
0.025103
0.025130
0.024978
0.025060
0.024965
0.025069
0.025090
0.025022
0.024966
0.025070
0.025046
0.025068
0.024953
0.025054
0.025097
0.024994
0.024839
0.024845
0.025116
0.025018
0.025155
0.025017
0.024992
0.025160
0.024948
0.024920
0.025099
0.025011
0.025033
0.025087
0.024839
0.025061
0.025080
0.025097
0.025200
0.025071
0.025054
0.024998
0.025022
0.025243
0.025020
0.024920
0.024987
0.025026
0.024991
0.024909
0.025177
0.025166
0.025029
0.025038
0.025046
0.024962
0.025153
0.025055
0.024887
0.024948
0.024945
0.024968
0.025085
0.025078
0.025077
0.024932
0.025091
0.024967
0.025082
0.024970
0.025030
0.025118
0.024970
0.024985
0.024934
0.025030
0.024989
0.025057
0.025002
0.024876
0.025162
0.025013
0.025115
0.025143
0.025002
0.025078
0.024971
0.025093
0.024862
0.025139
0.025100
0.024936
0.025048
0.025084
0.025080
0.025136
0.025037
0.024972
0.025002
0.025037
0.025172
0.025003
0.024969
0.024985
0.024997
0.025049
0.024966
0.025091
0.024920
0.025061
0.024943
0.024931
0.024871
0.025106
0.025062
0.024931
0.025033
0.025106
0.025109
0.025017
0.024941
0.025000
0.025105
0.025019
0.024987
0.025055
0.024959
0.025102
0.025053
0.024983
0.025140
0.025013
0.025051
0.025064
0.025084
0.025055
0.024914
0.024942
0.025188
0.025069
0.025065
0.024901
0.025059
0.025041
0.025087
0.024899
0.024842
0.025101
0.025008
0.025121
0.025118
0.025005
0.025052
0.025045
0.024977
0.024973
0.024806
0.025011
0.025211
0.025127
0.024994
0.025084
0.024969
0.024997
0.024953
0.024943
0.025165
0.024889
0.024898
0.025088
0.025072
0.025017
0.025056
0.025117
0.025138
0.025178
0.024981
0.025046
0.024948
0.025166
0.025015
0.025051
0.025121
0.024946
0.025162
0.025087
0.025002
0.025110
0.025122
0.024988
0.025115
0.025063
0.025145
0.025065
0.025084
0.024991
0.025076
0.025125
0.025120
0.025032
0.024951
0.025075
0.024952
0.025146
0.025088
0.024956
0.025012
0.025125
0.024901
0.024944
0.025110
0.024968
0.025023
0.025025
0.025039
0.024999
0.025053
0.025059
0.025201
0.025064
0.024930
0.024984
0.025094
0.025032
0.024966
0.024984
0.024889
0.025041
0.024985
0.025090
0.025035
0.025114
0.025051
0.025140
0.024939
0.025130
0.024926
0.024849
0.025091
0.025206
0.025186
0.025197
0.025029
0.025017
0.025010
0.025087
0.024967
0.025054
0.025187
0.025128
0.025033
0.025043
0.024985
0.024946
0.025088
0.025175
0.025090
0.025079
0.025085
0.025054
0.025087
0.025040
0.025060
0.025137
0.025021
0.025034
0.025074
0.025021
0.025028
0.025077
0.025092
0.025211
0.024976
0.024985
0.025136
0.024931
0.025109
0.024972
0.024926
0.024977
0.025060
0.025074
0.025006
0.025064
0.025128
0.025017
0.025046
0.025092
0.024935
0.025034
0.024994
0.025175
0.024974
0.025047
0.025104
0.025182
0.025055
0.025081
0.025086
0.024992
0.025051
0.025059
0.025065
0.025095
0.024939
0.025059
0.025129
0.024976
0.025257
0.025215
0.025215
0.025091
0.025102
0.025065
0.025090
0.025040
0.025142
0.025008
0.025069
0.025038
0.024949
0.025094
0.025036
0.024925
0.025148
0.025043
0.025016
0.024987
0.025059
0.025061
0.025000
0.025082
0.025202
0.025163
0.025117
0.024981
0.025067
0.025027
0.024995
0.024905
0.025059
0.024970
0.025050
0.025002
0.025028
0.024963
0.025002
0.024987
0.025036
0.025012
0.025120
0.025073
0.025078
0.025036
0.025278
0.025057
0.025092
0.025068
0.025126
0.025014
0.025051
0.025175
0.025128
0.025129
0.025128
0.024961
0.025145
0.024990
0.024963
0.025037
0.024989
0.024930
0.025054
0.025073
0.024964
0.024983
0.024994
0.025035
0.025118
0.025202
0.025178
0.024951
0.024924
0.025115
0.025099
0.025040
0.024918
0.024753
0.024856
0.024999
0.025073
0.025018
0.025095
0.025159
0.024945
0.024979
0.025142
0.025214
0.025205
0.024997
0.025032
0.024945
0.025056
0.025055
0.025061
0.025149
0.025050
0.024916
0.024961
0.025046
0.024887
0.025062
0.025239
0.025135
0.025136
0.025047
0.025121
0.025199
0.024913
0.025099
0.025195
0.025010
0.025199
0.025109
0.025191
0.025233
0.025167
0.025166
0.024915
0.025115
0.024960
0.025006
0.025024
0.025199
0.025119
0.025105
0.024981
0.025082
0.024929
0.025114
0.025107
0.025030
0.025064
0.024951
0.025041
0.024966
0.024896
0.025158
0.024895
0.024956
0.024840
0.025100
0.024880
0.025068
0.024983
0.025178
0.024905
0.025098
0.025004
0.025028
0.025122
0.024933
0.024942
0.025006
0.025045
0.025204
0.025038
0.025085
0.025024
0.025010
0.025138
0.025147
0.025103
0.025026
0.024953
0.025085
0.024990
0.025073
0.024981
0.025270
0.025080
0.025033
0.025057
0.025052
0.025082
0.025052
0.024944
0.025064
0.025139
0.025082
0.025146
0.024982
0.025123
0.025088
0.025177
0.025220
0.025168
0.024940
0.025092
0.024987
0.024946
0.024975
0.024931
0.024951
0.025036
0.025167
0.024966
0.024899
0.024991
0.024979
0.024995
0.025083
0.025060
0.024907
0.024972
0.025187
0.024980
0.025228
0.025046
0.025123
0.025049
0.024913
0.025203
0.025064
0.024987
0.025018
0.024934
0.024999
0.025024
0.025104
0.025064
0.025110
0.025037
0.025063
0.025064
0.025063
0.024935
0.025069
0.025069
0.025057
0.024923
0.025068
0.025113
0.025119
0.025040
0.024900
0.024971
0.025022
0.025171
0.025194
0.025169
0.025061
0.025020
0.025074
0.025071
0.024924
0.025090
0.025014
0.025115
0.025098
0.024993
0.025094
0.025191
0.025149
0.025093
0.025079
0.025013
0.025043
0.025072
0.025011
0.024936
0.025071
0.025136
0.025025
0.025033
0.024890
0.024950
0.025252
0.025156
0.025086
0.025001
0.025177
0.025083
0.024974
0.025059
0.024928
0.024913
0.025136
0.025077
0.025033
0.025040
0.025066
0.024972
0.025089
0.025131
0.025066
0.025185
0.025085
0.024899
0.025038
0.025157
0.024888
0.025192
0.024984
0.025130
0.025093
0.025103
0.025123
0.024995
0.025060
0.024991
0.025032
0.025001
0.025022
0.025118
0.025017
0.025039
0.025109
0.025137
0.025175
0.025044
0.024873
0.025101
0.025048
0.025071
0.024943
0.024940
0.025148
0.025022
0.025122
0.024955
0.025028
0.025293
0.025079
0.025075
0.025084
0.024879
0.025178
0.024981
0.025106
0.024918
0.024969
0.024948
0.025012
0.025100
0.025199
0.024994
0.025006
0.024881
0.025048
0.025105
0.025039
0.025093
0.025102
0.025045
0.025127
0.025067
0.025210
0.024865
0.025082
0.024996
0.025139
0.024976
0.025016
0.025123
0.025075
0.025131
0.025137
0.025174
0.025014
0.025235
0.025174
0.025068
0.025088
0.024815
0.024999
0.025141
0.025017
0.024971
0.025022
0.024914
0.025029
0.025179
0.025090
0.025262
0.024994
0.025146
0.025077
0.024851
0.025081
0.025031
0.025152
0.024983
0.025079
0.025097
0.025054
0.025037
0.024947
0.025019
0.025111
0.024891
0.024977
0.025044
0.025055
0.025179
0.025128
0.025200
0.025019
0.024963
0.024888
0.025103
0.025070
0.025056
0.025142
0.024987
0.024888
0.024764
0.025034
0.024998
0.024879
0.024917
0.025129
0.024957
0.025062
0.024971
0.024881
0.025014
0.024881
0.024940
0.025101
0.025100
0.024947
0.025014
0.024948
0.024962
0.024976
0.025033
0.024999
0.025065
0.024970
0.025002
0.025176
0.025016
0.025144
0.025242
0.025132
0.025002
0.024950
0.024967
0.025063
0.024856
0.025079
0.025117
0.025014
0.024982
0.025002
0.025187
0.025069
0.025100
0.025079
0.024949
0.024930
0.025024
0.025117
0.025065
0.025148
0.025003
0.025165
0.025006
0.025002
0.025038
0.025195
0.025137
0.025164
0.025043
0.025075
0.025001
0.024880
0.025104
0.024994
0.024878
0.025168
0.025110
0.024821
0.024886
0.025032
0.025003
0.025118
0.025010
0.024979
0.025210
0.025087
0.025031
0.025220
0.025041
0.024922
0.025014
0.024987
0.025009
0.025157
0.025081
0.024929
0.024982
0.025087
0.024902
0.024903
0.025019
0.024969
0.025107
0.025008
0.025101
0.024913
0.024929
0.024935
0.024946
0.025007
0.025074
0.025085
0.025212
0.025167
0.024999
0.025108
0.025107
0.025137
0.025075
0.024826
0.024945
0.024968
0.024911
0.025043
0.024998
0.025056
0.025121
0.025007
0.025146
0.025004
0.024791
0.024953
0.025007
0.025004
0.025073
0.025051
0.025184
0.025165
0.025009
0.025020
0.025039
0.024992
0.025019
0.025038
0.025009
0.025167
0.025035
0.024975
0.025183
0.025097
0.025101
0.025072
0.025103
0.025096
0.024959
0.024945
0.025068
0.024966
0.025012
0.025157
0.025127
0.024917
0.025154
0.024996
0.025010
0.025041
0.025018
0.024912
0.025087
0.025089
0.024937
0.024997
0.025038
0.025104
0.025054
0.024992
0.025107
0.025020
0.024995
0.025093
0.025134
0.024958
0.025048
0.024889
0.024918
0.024826
0.024976
0.024967
0.025010
0.024979
0.025042
0.025119
0.025096
0.025053
0.025173
0.024981
0.025185
0.025078
0.024978
0.024973
0.024937
0.025056
0.024939
0.025215
0.024994
0.025095
0.025037
0.025112
0.025017
0.024965
0.025025
0.024894
0.024864
0.025136
0.025190
0.025073
0.025008
0.024997
0.025176
0.025087
0.025048
0.024955
0.024955
0.025150
0.025008
0.024898
0.024983
0.025034
0.025131
0.024946
0.025058
0.024982
0.025069
0.025061
0.024982
0.025036
0.025117
0.025062
0.025088
0.025007
0.024958
0.024920
0.025122
0.022919
0.020798
0.020705
0.020722
0.020851
0.020750
0.020706
0.020653
0.020741
0.020587
0.020775
0.020943
0.020679
0.020735
0.020856
0.020840
0.020698
0.020719
0.020701
0.020688
0.020823
0.020656
0.020678
0.020725
0.020767
0.020754
0.020790
0.020687
0.020799
0.020730
0.020767
0.020741
0.020939
0.020758
0.020640
0.020828
0.020718
0.020799
0.020709
0.020809
0.020682
0.020650
0.020752
0.020657
0.020669
0.020604
0.020791
0.020723
0.020629
0.020752
0.020686
0.020812
0.020830
0.020614
0.020841
0.020680
0.020757
0.020850
0.020733
0.020820
0.020854
0.020803
0.020840
0.020725
0.021089
0.021098
0.020977
0.021039
0.021039
0.021079
0.021031
0.020964
0.020994
0.021052
0.020952
0.021053
0.021133
0.020967
0.020888
0.021000
0.021106
0.021075
0.021116
0.021199
0.021098
0.021045
0.021011
0.020917
0.021065
0.021003
0.021020
0.021007
0.020967
0.021001
0.021028
0.021133
0.021215
0.020956
0.020965
0.020980
0.021079
0.021144
0.021030
0.020944
0.021147
0.020983
0.020947
0.021038
0.020955
0.021084
0.021098
0.021043
0.021047
0.020958
0.020972
0.020849
0.021065
0.025087
0.025058
0.024889
0.025096
0.025219
0.025036
0.024902
0.025110
0.025176
0.025016
0.025007
0.024944
0.025053
0.024969
0.025069
0.025137
0.025030
0.025017
0.024917
0.025229
0.024951
0.025079
0.025002
0.025030
0.024999
0.024969
0.025071
0.025139
0.025081
0.025109
0.024981
0.024987
0.024882
0.025099
0.024878
0.025262
0.025130
0.024971
0.025009
0.025098
0.024994
0.025029
0.025032
0.025072
0.025068
0.025021
0.025084
0.025119
0.025047
0.025036
0.025061
0.025075
0.025156
0.025089
0.025087
0.025105
0.025124
0.025050
0.025002
0.025178
0.024979
0.024894
0.024803
0.025162
0.024953
0.025044
0.024848
0.025037
0.025221
0.025028
0.025096
0.025093
0.024964
0.025080
0.024936
0.025082
0.025119
0.025094
0.025024
0.024977
0.025084
0.024969
0.025017
0.025100
0.025012
0.024941
0.025140
0.025121
0.025077
0.025206
0.025117
0.025059
0.025105
0.025069
0.025129
0.025036
0.025220
0.025109
0.025070
0.025197
0.025162
0.025043
0.025092
0.025059
0.025184
0.025054
0.024987
0.025192
0.025063
0.025188
0.025010
0.025049
0.024992
0.025138
0.025112
0.024997
0.025126
0.024949
0.025264
0.024972
0.025125
0.025190
0.025150
0.024924
0.025131
0.025096
0.025136
0.024952
0.025158
0.025173
0.025151
0.024998
0.025122
0.025163
0.025043
0.025112
0.025115
0.024973
0.025057
0.024987
0.025125
0.024904
0.025042
0.025115
0.025045
0.024955
0.025168
0.024969
0.025169
0.025076
0.025090
0.024979
0.025139
0.025158
0.025118
0.025017
0.025010
0.025033
0.025060
0.025071
0.025132
0.024915
0.025003
0.025086
0.025120
0.025049
0.025017
0.025048
0.025117
0.025107
0.025032
0.025041
0.025046
0.025056
0.024914
0.025060
0.024956
0.025161
0.025005
0.025045
0.025171
0.025219
0.025020
0.025054
0.024996
0.025010
0.024973
0.025116
0.024974
0.025078
0.025053
0.024954
0.025119
0.025066
0.025065
0.025033
0.025033
0.025179
0.025019
0.025051
0.025123
0.025110
0.025124
0.025181
0.025226
0.024949
0.025068
0.024996
0.025116
0.025004
0.025025
0.025107
0.025088
0.025113
0.025186
0.025113
0.024942
0.025265
0.025006
0.025041
0.024984
0.025121
0.025023
0.025236
0.025045
0.024953
0.024882
0.025126
0.024958
0.025022
0.024973
0.025177
0.025130
0.024943
0.024962
0.025253
0.025033
0.025074
0.025194
0.025171
0.025219
0.025149
0.024883
0.024995
0.025126
0.025041
0.025015
0.025160
0.025024
0.025032
0.025016
0.024906
0.025194
0.024989
0.025051
0.025015
0.025300
0.025147
0.024988
0.025265
0.025082
0.025064
0.024981
0.024972
0.025053
0.025113
0.025009
0.024904
0.025073
0.025162
0.024982
0.025161
0.025084
0.025061
0.025079
0.024985
0.024954
0.025099
0.025072
0.025037
0.025055
0.025278
0.025040
0.024837
0.025098
0.025125
0.025012
0.025208
0.025052
0.025011
0.024999
0.025121
0.024970
0.025106
0.025122
0.025162
0.025127
0.020742
0.020714
0.020817
0.020752
0.020922
0.020819
0.020809
0.020674
0.020845
0.020811
0.016948
0.016698
0.016965
0.016596
0.012799
0.012548
0.012624
0.012467
0.012638
0.012543
0.012535
0.012574
0.012584
0.012579
0.012578
0.008487
