0.016088
0.016830
0.025007
0.025170
0.025125
0.024939
0.025009
0.025128
0.025254
0.025183
0.025108
0.025029
0.025198
0.025081
0.025046
0.025061
0.025100
0.025127
0.025244
0.025080
0.025174
0.024998
0.025095
0.025109
0.025103
0.025094
0.025196
0.025141
0.025163
0.025153
0.025014
0.024923
0.025221
0.025148
0.025228
0.025005
0.025045
0.025072
0.025057
0.025137
0.025189
0.025133
0.025240
0.025191
0.025019
0.024993
0.025177
0.024917
0.025235
0.025187
0.025091
0.025033
0.025118
0.024976
0.025091
0.025112
0.025133
0.025112
0.025095
0.025090
0.025112
0.025161
0.025220
0.025106
0.025182
0.025069
0.025154
0.025192
0.025194
0.025066
0.025162
0.025021
0.025018
0.025034
0.025035
0.025003
0.025048
0.025072
0.025019
0.025165
0.025071
0.025103
0.025016
0.025049
0.025078
0.025071
0.025127
0.025137
0.025074
0.025125
0.025159
0.025072
0.025005
0.025205
0.025129
0.025153
0.025264
0.025120
0.025123
0.024972
0.025123
0.025066
0.025098
0.025142
0.025100
0.025041
0.025263
0.025196
0.025084
0.025032
0.024956
0.024916
0.025104
0.025030
0.025093
0.025001
0.025152
0.025105
0.025073
0.025062
0.025085
0.025167
0.025167
0.025114
0.025080
0.024937
0.025148
0.025061
0.025160
0.025126
0.025126
0.025046
0.025099
0.025200
0.025171
0.025113
0.025159
0.025207
0.025165
0.025200
0.025125
0.025104
0.025139
0.025130
0.025048
0.025213
0.025182
0.025215
0.025149
0.025028
0.025167
0.025256
0.025162
0.025071
0.025043
0.024955
0.024953
0.025055
0.025232
0.025233
0.025086
0.025107
0.025193
0.025046
0.025057
0.025051
0.025049
0.025124
0.025141
0.025119
0.025077
0.025130
0.025127
0.025059
0.025120
0.025111
0.025157
0.025158
0.025066
0.025163
0.025245
0.025135
0.025071
0.025088
0.025134
0.024998
0.025138
0.025158
0.025043
0.025077
0.025091
0.025110
0.025159
0.025227
0.025110
0.025014
0.025130
0.025137
0.025048
0.025114
0.025099
0.024948
0.025110
0.025108
0.025127
0.025186
0.025070
0.025103
0.025180
0.025040
0.025135
0.025071
0.025074
0.025176
0.025204
0.025123
0.025180
0.025162
0.025066
0.025077
0.025287
0.025226
0.025073
0.025100
0.025184
0.025112
0.025159
0.024872
0.024958
0.025054
0.025220
0.025166
0.025196
0.025132
0.025167
0.025039
0.025038
0.025043
0.024983
0.025142
0.025152
0.024983
0.025136
0.025223
0.025101
0.025003
0.025102
0.025145
0.025233
0.025182
0.025079
0.024978
0.025076
0.025161
0.025229
0.025121
0.025133
0.025145
0.025113
0.025038
0.025178
0.025160
0.025078
0.025111
0.025134
0.025227
0.025212
0.025194
0.023268
0.015005
0.028653
0.019202
0.014899
0.020576
0.027152
0.014872
0.028803
0.019116
0.014929
0.028852
0.019027
0.022663
0.019029
0.022959
0.019137
0.014868
0.028672
0.019076
0.014914
0.026955
0.014863
0.028563
0.017298
0.024542
0.017286
0.020729
0.024939
0.019193
0.022647
0.017206
0.024524
0.017251
0.024680
0.017432
0.024560
0.019233
0.023133
0.017490
0.021203
0.021585
0.021498
0.021482
0.021425
0.021602
0.021589
0.021496
0.021427
0.021426
0.021454
0.021542
0.021503
0.021550
0.021448
0.021492
0.021506
0.021525
0.021481
0.021487
0.021560
0.021384
0.023474
0.023150
0.013595
0.027167
0.023151
0.017422
0.023292
0.023039
0.013551
0.025625
0.023139
0.023185
0.013505
0.027213
0.023031
0.013435
0.027102
0.023097
0.017409
0.021222
0.023397
0.023145
0.017480
0.023191
0.021368
0.025280
0.029469
0.021413
0.029230
0.021345
0.029119
0.021402
0.029193
0.021267
0.029115
0.021238
0.029186
0.021335
0.029181
0.021341
0.029238
0.021407
0.029246
0.021399
0.029160
0.021332
0.029013
0.021306
0.029221
0.021420
0.029179
0.021392
0.029228
0.021230
0.029086
0.021262
0.029155
0.021339
0.029275
0.021080
0.018900
0.020843
0.017035
0.028683
0.019146
0.015244
0.028651
0.019189
0.015214
0.026888
0.015105
0.028599
0.019169
0.015076
0.026992
0.022853
0.018979
0.014904
0.028733
0.019146
0.014921
0.028738
0.019143
0.015051
0.026900
0.014916
0.026949
0.014959
0.026949
0.014916
0.028749
0.019192
0.014976
0.026993
0.014866
0.027029
0.015010
0.027061
0.022788
0.019571
0.023152
0.017532
0.023321
0.023082
0.017454
0.021410
0.023207
0.015245
0.025408
0.021539
0.021475
0.023090
0.015200
0.025467
0.021458
0.023186
0.022960
0.017696
0.021620
0.023010
0.021275
0.023096
0.019391
0.023195
0.017470
0.023210
0.023120
0.013682
0.027085
0.023214
0.017386
0.023218
0.023119
0.017562
0.021154
0.024864
0.017373
0.023259
0.023087
0.017528
0.023261
0.023030
0.017525
0.023177
0.022920
0.017421
0.023240
0.015154
0.024588
0.025014
0.024952
0.025095
0.025029
0.025048
0.024981
0.025026
0.025026
0.025090
0.025079
0.025055
0.025036
0.025074
0.025120
0.025206
0.025121
0.025084
0.025054
0.025201
0.025106
0.025209
0.025106
0.025231
0.025127
0.025060
0.025049
0.025141
0.025127
0.025155
0.025120
0.025093
0.025132
0.025128
0.025048
0.025095
0.024951
0.025054
0.025001
0.022902
0.020758
0.020841
0.020766
0.020811
0.020728
0.020665
0.020745
0.020687
0.020829
0.020689
0.020701
0.020625
0.020654
0.020651
0.020631
0.020660
0.020729
0.020699
0.020775
0.020711
0.020732
0.020642
0.020699
0.020740
0.020720
0.020775
0.020645
0.020603
0.020703
0.020540
0.020718
0.020790
0.020804
0.020733
0.020782
0.020589
0.020741
0.020784
0.020913
0.020931
0.020999
0.021253
0.021030
0.021055
0.021070
0.021031
0.021101
0.021050
0.020953
0.021114
0.020915
0.021046
0.020960
0.021123
0.021017
0.021081
0.021080
0.021081
0.021054
0.021180
0.020967
0.020928
0.021124
0.021023
0.020979
0.021014
0.021090
0.020914
0.020977
0.021095
0.020997
0.020947
0.020924
0.021035
0.020960
0.020899
0.021004
0.020875
0.020957
0.021064
0.020969
0.020900
0.021001
0.021165
0.021012
0.021144
0.021060
0.020918
0.020987
0.020910
0.020986
0.024943
0.024928
0.024997
0.025213
0.025006
0.025032
0.025157
0.024985
0.024994
0.025155
0.024963
0.024995
0.024933
0.024970
0.024997
0.025023
0.024976
0.024983
0.025132
0.025052
0.025114
0.025136
0.024983
0.025019
0.025020
0.025020
0.024852
0.024857
0.025070
0.025107
0.025038
0.025118
0.025051
0.025012
0.025161
0.025015
0.024981
0.024948
0.024900
0.024998
0.024981
0.025022
0.024998
0.025029
0.025036
0.025023
0.025115
0.025076
0.024998
0.025088
0.025055
0.025029
0.025054
0.024977
0.025119
0.025066
0.025080
0.025037
0.025045
0.024973
0.025000
0.025093
0.025016
0.024990
0.024973
0.024961
0.024937
0.025057
0.025074
0.025112
0.025013
0.025020
0.024910
0.025081
0.025053
0.025074
0.025070
0.025032
0.025039
0.025027
0.025011
0.025173
0.025124
0.024932
0.025021
0.025181
0.025060
0.025038
0.025170
0.025049
0.024958
0.025002
0.025002
0.025067
0.025036
0.025119
0.025124
0.025146
0.025090
0.025072
0.025097
0.025065
0.025163
0.025099
0.025025
0.024988
0.025121
0.025102
0.025155
0.025024
0.025069
0.025048
0.025001
0.025065
0.025138
0.025175
0.024918
0.025101
0.025224
0.025005
0.025082
0.025106
0.025068
0.025075
0.024918
0.025057
0.025137
0.025034
0.025058
0.025054
0.025111
0.025069
0.024916
0.025016
0.025005
0.025079
0.024977
0.025045
0.025008
0.024981
0.024927
0.025028
0.025059
0.024996
0.025183
0.025031
0.025233
0.025146
0.025167
0.025080
0.025167
0.025099
0.024959
0.025074
0.024868
0.024898
0.025005
0.025019
0.025062
0.025066
0.025129
0.025063
0.025139
0.024983
0.025000
0.025172
0.025068
0.024889
0.024991
0.025023
0.025017
0.024940
0.025095
0.025160
0.025099
0.024963
0.025036
0.024921
0.025064
0.024947
0.025156
0.025093
0.025003
0.024904
0.025084
0.024956
0.024963
0.024999
0.025019
0.024976
0.025006
0.025005
0.025215
0.025012
0.025068
0.025041
0.025133
0.024959
0.025047
0.025214
0.024970
0.024989
0.025063
0.024867
0.024960
0.025126
0.025078
0.025038
0.025118
0.025198
0.025039
0.024981
0.025056
0.025018
0.025097
0.024991
0.025022
0.025127
0.025064
0.025016
0.024992
0.024931
0.025227
0.024949
0.025046
0.025014
0.025088
0.024913
0.024999
0.025001
0.025033
0.025019
0.024981
0.025035
0.025100
0.025020
0.025066
0.025079
0.025140
0.025025
0.025024
0.024987
0.025031
0.025110
0.025041
0.024986
0.025026
0.025016
0.025126
0.025233
0.025075
0.025029
0.025014
0.025027
0.025105
0.025041
0.025060
0.025100
0.025059
0.024884
0.025119
0.024908
0.025007
0.024968
0.025077
0.025095
0.025031
0.024920
0.025000
0.025084
0.022846
0.020748
0.020663
0.020764
0.020729
0.020781
0.020742
0.020689
0.020715
0.020716
0.020711
0.020783
0.020832
0.020682
0.020671
0.020629
0.020782
0.020678
0.020905
0.020794
0.020691
0.020622
0.020761
0.020736
0.020811
0.020809
0.020793
0.020759
0.020667
0.020833
0.020701
0.020769
0.020657
0.020652
0.020828
0.020683
0.020803
0.020830
0.020778
0.020753
0.020962
0.020979
0.021047
0.021008
0.021012
0.020916
0.020990
0.021052
0.021120
0.018796
0.016590
0.016588
0.016744
0.016648
0.016648
0.016666
0.016654
0.016553
0.016547
0.016663
0.016652
0.016643
0.016753
0.016605
0.016677
0.016656
0.016751
0.016615
0.016541
0.016693
0.016640
0.016687
0.016640
0.016658
0.016640
0.016813
0.016603
0.016666
0.016727
0.016617
0.016660
0.016629
0.016750
0.016587
0.016724
0.016790
0.016628
0.016682
0.016667
0.016713
0.016707
0.016689
0.018874
0.020626
0.020808
0.020783
0.020827
0.021090
0.021091
0.021082
0.020967
0.021056
0.021047
0.021004
0.020977
0.020864
0.021000
0.021063
0.021114
0.021014
0.021168
0.021065
0.021021
0.021047
0.021073
0.020907
0.012945
0.020752
0.011324
0.018741
0.016919
