0.032655
0.485644
0.039198
0.024180
0.024676
0.025019
0.024894
0.024894
0.024906
0.025137
0.024971
0.024900
0.025030
0.025008
0.024959
0.024955
0.024996
0.025046
0.025054
0.025001
0.025040
0.024967
0.024831
0.025023
0.025186
0.024938
0.025070
0.024886
0.024941
0.024999
0.025022
0.025015
0.025124
0.025010
0.024977
0.024897
0.024954
0.025070
0.025063
0.024984
0.025198
0.024957
0.024991
0.024873
0.025058
0.025082
0.024943
0.024922
0.025023
0.025043
0.024889
0.024958
0.025043
0.025154
0.024993
0.025055
0.025142
0.024891
0.025015
0.024943
0.025035
0.025028
0.025001
0.024926
0.025005
0.025022
0.025075
0.024875
0.025070
0.025026
0.024978
0.024840
0.024863
0.025054
0.024986
0.025134
0.025005
0.024947
0.025110
0.024885
0.024905
0.024963
0.025002
0.024959
0.025059
0.024813
0.025075
0.024991
0.025020
0.025142
0.025000
0.024994
0.024984
0.024943
0.025222
0.024937
0.024928
0.024913
0.025045
0.024910
0.024883
0.025125
0.025147
0.024944
0.024966
0.025015
0.025001
0.025073
0.025053
0.024797
0.024882
0.024915
0.025005
0.025015
0.024987
0.025037
0.024905
0.025041
0.024963
0.024963
0.024938
0.025039
0.025027
0.025012
0.024922
0.024859
0.025049
0.024863
0.025029
0.024940
0.024859
0.025120
0.025005
0.025040
0.025098
0.024929
0.025100
0.024848
0.024985
0.024868
0.025067
0.025091
0.024912
0.024987
0.025035
0.025029
0.025135
0.024951
0.024926
0.025034
0.024935
0.025114
0.024937
0.024938
0.024960
0.024960
0.024971
0.024970
0.025010
0.024846
0.024995
0.024903
0.024890
0.024806
0.025025
0.025052
0.024867
0.025040
0.025011
0.025098
0.024983
0.024888
0.024986
0.024864
0.024979
0.024929
0.025074
0.024860
0.025046
0.025004
0.024970
0.025141
0.025029
0.024949
0.025017
0.025007
0.025021
0.024917
0.024914
0.025149
0.024927
0.025063
0.024892
0.024967
0.025008
0.025005
0.024889
0.024754
0.025084
0.024933
0.025065
0.024984
0.024977
0.024981
0.025043
0.024873
0.024903
0.024782
0.025049
0.025175
0.025071
0.025025
0.025038
0.024907
0.024977
0.024942
0.024962
0.025100
0.024818
0.024912
0.025126
0.025031
0.024983
0.025007
0.025117
0.025131
0.025051
0.024990
0.025023
0.024890
0.025131
0.024976
0.025052
0.025038
0.024922
0.025127
0.025010
0.024953
0.025043
0.025099
0.024921
0.025041
0.025033
0.025138
0.025030
0.025032
0.024954
0.025056
0.025133
0.025055
0.025087
0.024867
0.025090
0.024851
0.025146
0.025017
0.024947
0.024988
0.025101
0.024883
0.025004
0.025025
0.024984
0.024973
0.025050
0.024927
0.024994
0.025043
0.025043
0.025074
0.025031
0.024919
0.024994
0.024973
0.025019
0.024962
0.024986
0.024805
0.025054
0.024905
0.025067
0.024921
0.025065
0.025039
0.025067
0.024928
0.025081
0.024890
0.024874
0.025021
0.025215
0.025136
0.025147
0.024954
0.024989
0.025051
0.025027
0.024896
0.025009
0.025194
0.025036
0.024911
0.024972
0.024861
0.024916
0.024998
0.025143
0.025048
0.025109
0.024978
0.024971
0.025071
0.025026
0.024967
0.025155
0.024948
0.025066
0.024987
0.024984
0.024949
0.025071
0.024994
0.025198
0.024926
0.024946
0.025105
0.024898
0.025134
0.024949
0.024847
0.024918
0.025035
0.024993
0.024932
0.024997
0.025057
0.025064
0.024940
0.025045
0.024875
0.025029
0.024978
0.025127
0.024872
0.025048
0.025056
0.025130
0.024973
0.025098
0.025000
0.024995
0.024934
0.025067
0.025035
0.025055
0.024892
0.025084
0.025044
0.024908
0.025299
0.025161
0.025192
0.025018
0.025037
0.025097
0.024979
0.024996
0.025070
0.025034
0.024989
0.025006
0.025046
0.024985
0.024913
0.024867
0.025120
0.024963
0.025055
0.024871
0.025062
0.025116
0.024940
0.025079
0.025107
0.025092
0.025072
0.024959
0.025068
0.025059
0.024957
0.024890
0.024981
0.025009
0.024968
0.025006
0.025059
0.024880
0.024946
0.024971
0.025024
0.024974
0.025065
0.025133
0.025031
0.025073
0.025201
0.025000
0.025036
0.025032
0.025133
0.024922
0.025054
0.025048
0.025128
0.025088
0.025054
0.024916
0.025070
0.024914
0.024953
0.025054
0.024949
0.024891
0.025043
0.025085
0.024913
0.024973
0.024962
0.025017
0.025037
0.025207
0.025149
0.024829
0.024957
0.024995
0.025006
0.024990
0.024911
0.024757
0.024832
0.024953
0.025033
0.025070
0.025059
0.025074
0.024888
0.024924
0.025054
0.025236
0.025108
0.024978
0.024960
0.024878
0.024977
0.025105
0.024975
0.025070
0.025013
0.024906
0.024899
0.025029
0.024816
0.025077
0.025121
0.025136
0.025043
0.025102
0.024967
0.025189
0.024843
0.025096
0.025075
0.025007
0.025151
0.025120
0.025127
0.025158
0.025199
0.025075
0.024841
0.025110
0.024825
0.025007
0.024963
0.025224
0.025067
0.025096
0.024952
0.025015
0.024925
0.025039
0.025066
0.025064
0.024992
0.024952
0.025036
0.024915
0.024905
0.025068
0.024865
0.024890
0.024831
0.025024
0.024848
0.025030
0.024993
0.025100
0.024881
0.025040
0.024956
0.024940
0.025042
0.024936
0.024873
0.025012
0.025001
0.025178
0.025004
0.025034
0.024990
0.025061
0.025081
0.025117
0.025049
0.025013
0.024964
0.024998
0.024981
0.025030
0.025014
0.025194
0.025072
0.025014
0.025015
0.025051
0.025096
0.025033
0.024897
0.025045
0.025132
0.025022
0.025195
0.024905
0.025061
0.025181
0.025115
0.025179
0.025133
0.024909
0.025038
0.024972
0.024926
0.024947
0.024917
0.025002
0.024974
0.025184
0.024909
0.024957
0.024953
0.024922
0.025025
0.025130
0.025004
0.024891
0.024985
0.025197
0.024909
0.025225
0.024949
0.025140
0.025007
0.024838
0.025225
0.025003
0.024955
0.024954
0.024917
0.025006
0.024965
0.025069
0.024995
0.025130
0.025022
0.025017
0.024967
0.025061
0.024881
0.024953
0.025048
0.025108
0.024855
0.025048
0.025091
0.025121
0.024940
0.024925
0.024919
0.024967
0.025107
0.025220
0.025057
0.025026
0.024935
0.025033
0.025040
0.024819
0.025075
0.024996
0.025034
0.025108
0.024913
0.025114
0.025114
0.025130
0.025051
0.024936
0.025007
0.025079
0.024948
0.024988
0.024868
0.025047
0.025124
0.024941
0.024987
0.024862
0.024979
0.025203
0.025082
0.025115
0.024914
0.025192
0.025063
0.024897
0.025016
0.024838
0.024873
0.025150
0.025006
0.025003
0.024973
0.025004
0.024928
0.025081
0.025067
0.025014
0.025146
0.025000
0.024863
0.025051
0.025075
0.024822
0.025189
0.024940
0.025059
0.025080
0.025100
0.025123
0.024879
0.025033
0.024977
0.025001
0.024984
0.024979
0.025023
0.024988
0.025020
0.025108
0.025066
0.025127
0.024999
0.024866
0.025082
0.024976
0.025033
0.024922
0.024843
0.025109
0.025000
0.025142
0.024860
0.025071
0.025247
0.025025
0.025018
0.025049
0.024808
0.025193
0.024960
0.025097
0.024909
0.024911
0.024905
0.024960
0.025066
0.025123
0.024954
0.024907
0.024815
0.025090
0.024987
0.025029
0.025014
0.025089
0.024963
0.025080
0.025035
0.025240
0.024823
0.025059
0.024994
0.025055
0.024890
0.025051
0.025097
0.025038
0.025062
0.025133
0.025089
0.025046
0.025142
0.025177
0.025004
0.025040
0.024770
0.024970
0.025064
0.025039
0.024940
0.024995
0.024863
0.025050
0.025179
0.025098
0.025245
0.025018
0.025146
0.025042
0.024856
0.025109
0.024993
0.025140
0.024937
0.025078
0.025014
0.025061
0.024971
0.024958
0.024966
0.025089
0.024849
0.025002
0.025023
0.024994
0.025166
0.025087
0.025143
0.024995
0.024933
0.024908
0.025042
0.025093
0.024960
0.025153
0.024918
0.024904
0.024742
0.025012
0.024954
0.024897
0.024836
0.025071
0.024950
0.024927
0.024928
0.024865
0.024942
0.024872
0.024921
0.025033
0.025110
0.024946
0.024926
0.025005
0.024930
0.024920
0.025014
0.025035
0.025045
0.024992
0.024932
0.025185
0.024949
0.025178
0.025144
0.025138
0.024994
0.024900
0.024931
0.025063
0.024786
0.025086
0.025050
0.024942
0.024926
0.025043
0.025068
0.025002
0.025088
0.025071
0.024914
0.024944
0.024953
0.025137
0.025019
0.025128
0.025020
0.025134
0.024953
0.024914
0.025063
0.025130
0.025078
0.025093
0.024967
0.025045
0.025003
0.024894
0.025066
0.025054
0.024835
0.025119
0.025057
0.024817
0.024845
0.025002
0.025083
0.025072
0.024991
0.024943
0.025141
0.025105
0.024939
0.025244
0.025033
0.024991
0.024952
0.024961
0.025007
0.025196
0.025047
0.024885
0.025027
0.025094
0.024842
0.024936
0.024943
0.025010
0.025091
0.025001
0.025076
0.024901
0.025001
0.024917
0.024869
0.024966
0.025056
0.025097
0.025187
0.025097
0.025022
0.025097
0.025036
0.025066
0.025150
0.024769
0.024950
0.024930
0.024901
0.025021
0.025015
0.025003
0.025080
0.025017
0.025112
0.025039
0.024758
0.024857
0.024977
0.024966
0.025077
0.025064
0.025096
0.025197
0.024945
0.025068
0.024993
0.024948
0.025006
0.025071
0.024965
0.025144
0.024976
0.025002
0.025095
0.025061
0.025049
0.025116
0.024953
0.025078
0.024909
0.024907
0.024991
0.024892
0.025018
0.025159
0.025048
0.024827
0.025074
0.024976
0.024948
0.025050
0.024944
0.024973
0.025010
0.025011
0.024923
0.025045
0.024982
0.025148
0.025011
0.025010
0.025090
0.024933
0.025037
0.025127
0.025019
0.024920
0.025037
0.024946
0.024865
0.024874
0.024943
0.024963
0.025035
0.024995
0.024966
0.025044
0.025116
0.025023
0.025203
0.024936
0.025186
0.025026
0.024948
0.024932
0.024900
0.025064
0.024889
0.025093
0.024934
0.025045
0.025047
0.024977
0.024948
0.024976
0.025024
0.024906
0.024761
0.025147
0.025157
0.025086
0.024926
0.025008
0.025180
0.024991
0.025000
0.024984
0.024927
0.025193
0.024889
0.024951
0.024930
0.025082
0.025072
0.024952
0.025001
0.025036
0.025041
0.025070
0.024932
0.025067
0.025048
0.025104
0.024992
0.025007
0.024928
0.024904
0.025103
