0.005852
0.018495
0.020690
0.020703
0.020605
0.020672
0.020593
0.020690
0.020716
0.020665
0.020595
0.020847
0.020890
0.020648
0.020580
0.020699
0.020685
0.020723
0.020627
0.020555
0.020648
0.020690
0.020782
0.020649
0.020544
0.020664
0.020852
0.020598
0.020656
0.020743
0.020689
0.020500
0.020751
0.020571
0.020713
0.021147
0.020968
0.021020
0.021081
0.020989
0.021101
0.021158
0.021058
0.021074
0.021095
0.020977
0.020875
0.021015
0.021091
0.021089
0.021180
0.021003
0.021040
0.021154
0.020983
0.020993
0.021152
0.021055
0.021081
0.021039
0.020978
0.020957
0.021081
0.020978
0.020947
0.021029
0.021109
0.020992
0.021077
0.020983
0.020984
0.020995
0.020952
0.021024
0.020952
0.020926
0.021005
0.021066
0.020986
0.020904
0.021090
0.021067
0.020993
0.014691
0.017240
0.015152
0.019035
0.026966
0.015362
0.018674
0.024909
0.017171
0.024847
0.016971
0.024936
0.019045
0.026809
0.017332
0.018754
0.018933
0.024864
0.018933
0.018863
0.023184
0.026644
0.016986
0.017055
0.023145
0.018692
0.024897
0.017119
0.024867
0.017114
0.024861
0.017164
0.024785
0.019011
0.019082
0.024897
0.019027
0.026862
0.021064
0.015581
0.023096
0.017347
0.023483
0.027210
0.013611
0.028985
0.013699
0.021616
0.021478
0.021504
0.028919
0.013525
0.021339
0.021543
0.021485
0.028960
0.013546
0.029079
0.013608
0.020937
0.021724
0.020862
0.029297
0.013545
0.021520
0.021451
0.021395
0.021449
0.021518
0.028775
0.013520
0.023548
0.026885
0.013599
0.023252
0.027292
0.013491
0.021565
0.023288
0.025510
0.018781
0.025578
0.013461
0.023509
0.026726
0.013536
0.023242
0.031255
0.015708
0.033079
0.017245
0.033194
0.017203
0.033095
0.017439
0.033099
0.017316
0.033287
0.017290
0.033256
0.017308
0.033002
0.017197
0.033188
0.017281
0.033180
0.017315
0.033248
0.017257
0.033193
0.017361
0.033151
0.017300
0.033156
0.017386
0.033069
0.017331
0.033089
0.017294
0.033178
0.017295
0.033144
0.017307
0.033346
0.017262
0.033176
0.017202
0.033129
0.017303
0.033050
0.017298
0.032992
0.017339
0.033219
0.017361
0.033160
0.017281
0.033236
0.017264
0.033151
0.017303
0.033058
0.017311
0.033167
0.017287
0.033212
0.017218
0.033136
0.017259
0.033078
0.017325
0.033188
0.017313
0.033163
0.017293
0.033235
0.017270
0.033189
0.017295
0.033103
0.017339
0.033087
0.017419
0.033100
0.017272
0.033215
0.027247
0.019260
0.021102
0.033240
0.017278
0.033137
0.017250
0.033138
0.017239
0.033047
0.017214
0.033014
0.017223
0.030693
0.015106
0.019129
0.028714
0.019092
0.015185
0.028572
0.013454
0.026788
0.014941
0.026910
0.014983
0.027084
0.022916
0.013461
0.026904
0.022851
0.013426
0.026823
0.015198
0.022742
0.012680
0.020816
0.012590
0.020881
0.012698
0.020941
0.012491
0.020823
0.012548
0.020888
0.012676
0.020935
0.018379
0.016947
0.010931
0.020718
0.018516
0.016857
0.016903
0.016755
0.016922
0.016736
0.011026
0.021066
0.012816
0.021204
0.012720
0.021235
0.012842
0.022797
0.011390
0.022597
0.011266
0.021149
0.013015
0.022743
0.011296
0.022647
0.017181
0.017062
0.017008
0.017091
0.017175
0.016912
0.011246
0.021090
0.012739
0.017074
0.017640
0.017200
0.021358
0.018992
0.017327
0.017295
0.017442
0.017215
0.017346
0.017360
0.017434
0.017148
0.017417
0.017256
0.017348
0.017209
0.017396
0.017121
0.017416
0.017270
0.017395
0.017180
0.019418
0.021292
0.023071
0.013620
0.026951
0.023059
0.013798
0.026934
0.023085
0.013690
0.026963
0.021332
0.023400
0.013674
0.027074
0.021308
0.023423
0.015181
0.027058
0.013753
0.027050
0.023074
0.013803
0.023012
0.027029
0.021274
0.028990
0.021509
0.029010
0.021471
0.028844
0.021478
0.028940
0.021491
0.028944
0.021447
0.028932
0.021301
0.028946
0.021478
0.028826
0.021447
0.028917
0.021286
0.028911
0.021586
0.028894
0.021360
0.028887
0.021502
0.028994
0.021395
0.028827
0.021555
0.028962
0.021345
0.028954
0.021450
0.028927
0.021390
0.028896
0.021399
0.028932
0.021495
0.029006
0.021507
0.028894
0.021376
0.028920
0.021486
0.029027
0.021568
0.028880
0.021404
0.029031
0.021522
0.028992
0.021503
0.028911
0.021505
0.028903
0.021384
0.028786
0.021494
0.028806
0.021416
0.028938
0.021391
0.028878
0.021413
0.029072
0.021334
0.028931
0.021599
0.028975
0.021426
0.028997
0.021495
0.028759
0.021446
0.028979
0.021484
0.028990
0.021560
0.028917
0.021530
0.028826
0.021573
0.029031
0.021353
0.028919
0.021502
0.028752
0.021483
0.028896
0.021446
0.028988
0.021599
0.028833
0.021532
0.028831
0.021564
0.028890
0.021549
0.028916
0.021568
0.028800
0.021551
0.028912
0.021388
0.028793
0.021537
0.028849
0.021542
0.028896
0.021647
0.028876
0.021489
0.028956
0.021685
0.029019
0.021590
0.028818
0.021441
0.029058
0.021438
0.028921
0.021558
0.029022
0.021466
0.029007
0.021429
0.028977
0.021538
0.028919
0.021380
0.028938
0.021578
0.028795
0.021407
0.028935
0.021532
0.028864
0.021550
0.028998
0.021610
0.028883
0.021481
0.028902
0.021662
0.028924
0.021612
0.028797
0.021449
0.028946
0.021567
0.029026
0.021613
0.029010
0.021562
0.028988
0.021591
0.028903
0.021646
0.028921
0.021597
0.028996
0.021528
0.029015
0.021541
0.028945
0.021545
0.028988
0.021586
0.028927
0.021595
0.028926
0.021517
0.028976
0.021535
0.028874
0.021372
0.028874
0.021556
0.028832
0.021496
0.028961
0.021482
0.028882
0.021633
0.028919
0.021613
0.024812
0.019067
0.015284
0.028450
0.015126
0.018948
0.026864
0.015139
0.028555
0.015008
0.018780
0.028783
0.015190
0.018752
0.028697
0.013562
0.028428
0.015090
0.026683
0.013565
0.028369
0.013592
0.028410
0.013673
0.028320
0.015134
0.018828
0.026985
0.020760
0.015245
0.028601
0.015147
0.018770
0.027089
0.015003
0.028871
0.013577
0.026685
0.015130
0.021271
0.020846
0.021410
0.021958
0.026978
0.021271
0.021480
0.021441
0.021494
0.021430
0.021434
0.021492
0.021515
0.021430
0.021485
0.021534
0.021417
0.021292
0.021530
0.021481
0.021457
0.021412
0.021643
0.021210
0.023274
0.013558
0.023204
0.026983
0.013861
0.026921
0.023033
0.013778
0.026913
0.023030
0.013534
0.026991
0.023138
0.013676
0.026845
0.023012
0.013828
0.026971
0.023193
0.013541
0.026852
0.023026
0.013787
0.026876
0.023440
0.029285
0.021524
0.028840
0.021426
0.029056
0.021484
0.028856
0.021402
0.028927
0.021368
0.028892
0.021381
0.028732
0.021495
0.028877
0.021470
0.028765
0.021547
0.028956
0.021588
0.029001
0.021520
0.028982
0.021522
0.028816
0.021516
0.028841
0.021425
0.028980
0.021644
0.028877
0.021452
0.028912
0.021430
0.028937
0.021504
0.028890
0.021631
0.028931
0.021577
0.028929
0.021579
0.028954
0.021583
0.028869
0.021481
0.028917
0.021561
0.028875
0.021504
0.028941
0.021586
0.028977
0.021409
0.028951
0.021551
0.028981
0.021621
0.028970
0.021565
0.028995
0.021447
0.028905
0.021483
0.028936
0.021511
0.028944
0.021566
0.028937
0.021596
0.028917
0.021500
0.028890
0.021504
0.029064
0.021475
0.028953
0.021430
0.028878
0.021613
0.028998
0.021565
0.028872
0.021526
0.028857
0.021598
0.028898
0.021667
0.028938
0.021599
0.028866
0.021666
0.028943
0.021601
0.028958
0.021569
0.028856
0.021452
0.029053
0.021648
0.028984
0.021453
0.028991
0.021525
0.028966
0.021765
0.029088
0.021495
0.028820
0.021467
0.028915
0.021512
0.028823
0.021417
0.028989
0.021560
0.029063
0.021594
0.028977
0.021457
0.028951
0.021508
0.029042
0.021475
0.028995
0.021565
0.029000
0.021588
0.028951
0.021546
0.029052
0.021615
0.028937
0.021514
0.029063
0.021474
0.028959
0.021603
0.028921
0.021498
0.028853
0.021515
0.029080
0.021555
0.028798
0.021666
0.028992
0.021539
0.028851
0.021561
0.028925
0.021571
0.028988
0.021613
0.028980
0.021477
0.028964
0.021540
0.029042
0.021496
0.028923
0.021551
0.028848
0.021430
0.028870
0.021483
0.028845
0.021587
0.028999
0.021454
0.028992
0.021659
0.028916
0.021451
0.028912
0.021363
0.028876
0.021584
0.029041
0.021420
0.028931
0.021567
0.028824
0.021435
0.029006
0.021613
0.028974
0.021614
0.029099
0.021737
0.028916
0.021590
0.028812
0.021411
0.028856
0.021548
0.028947
0.021655
0.028955
0.021421
0.028933
0.021503
0.029001
0.021619
0.028878
0.021525
0.029019
0.021544
0.028985
0.021508
0.028940
0.021602
0.029118
0.021503
0.028768
0.021475
0.028908
0.021619
0.028973
0.021500
0.028957
0.021404
0.028995
0.021453
0.028991
0.021559
0.029037
0.021550
0.029042
0.021672
0.028957
0.021457
0.028876
0.021446
0.028889
0.021589
0.029068
0.021625
0.029006
0.021540
0.028937
0.021555
0.028983
0.021470
0.029024
0.021534
0.029135
0.021459
0.028949
0.021633
0.028753
0.021497
0.028913
0.021565
0.029063
0.021723
0.028893
0.021511
0.028923
0.021684
0.028876
0.021353
0.028829
0.021485
0.028793
0.021406
0.028913
0.021531
0.028885
0.021572
0.028854
0.021584
0.028994
0.021705
0.029052
0.021466
0.028982
0.021481
0.028819
0.021647
0.028907
0.021577
0.029046
0.021557
0.028889
0.021451
0.028949
0.021497
0.028819
0.021346
0.029000
0.021491
0.028869
0.021475
0.028926
0.021414
0.028947
0.021562
0.028893
0.021528
0.028932
0.021576
0.028872
0.021601
0.028854
0.021458
0.028978
0.021439
0.028785
0.021469
0.028894
0.021461
0.028944
0.021470
0.028907
0.021529
0.028943
0.021630
0.028868
0.021623
0.028836
0.021438
0.029053
0.021532
0.028972
0.021492
0.028905
0.021471
0.029022
0.021461
0.028873
0.021435
0.028930
0.021541
0.028890
0.021520
0.029045
0.021565
0.028884
0.021410
0.028966
0.021527
0.028913
0.021612
0.028965
0.021543
0.028923
