0.001998
0.020584
0.021387
0.021239
0.021374
0.021050
0.021303
0.020994
0.021273
0.020934
0.021252
0.020983
0.021584
0.021100
0.021393
0.020982
0.021349
0.021469
0.021158
0.021528
0.021177
0.021413
0.021510
0.021401
0.021561
0.021452
0.021077
0.021361
0.021492
0.020982
0.021492
0.021369
0.025044
0.025108
0.025359
0.025238
0.025242
0.025396
0.025129
0.025512
0.025089
0.025701
0.025156
0.025352
0.025090
0.025335
0.025224
0.025329
0.025225
0.025567
0.025155
0.025372
0.024993
0.025492
0.025284
0.025487
0.025131
0.025455
0.025184
0.025416
0.025089
0.025442
0.025034
0.025429
0.025131
0.025336
0.025182
0.025338
0.024926
0.025374
0.025216
0.025454
0.025086
0.025446
0.025024
0.025436
0.025164
0.025369
0.025315
0.025435
0.025242
0.021254
0.021116
0.021013
0.021095
0.020861
0.020890
0.021243
0.020939
0.020965
0.020973
0.021221
0.016895
0.016839
0.016808
0.016900
0.016783
0.016787
0.016760
0.016785
0.016549
0.016820
0.016650
0.016906
0.016773
0.016569
0.016984
0.016609
0.017011
0.016649
0.016991
0.016639
0.016864
0.016641
0.016846
0.016876
0.016911
0.016964
0.016800
0.016646
0.016957
0.016621
0.016830
0.016536
0.017058
0.016675
0.017087
0.017108
0.017113
0.016875
0.017171
0.016811
0.017302
0.016793
0.017199
0.016796
0.017293
0.016851
0.017311
0.016780
0.017550
0.017448
0.017443
0.017372
0.017497
0.017376
0.017429
0.017351
0.017354
0.017510
0.017081
0.017575
0.017494
0.013123
0.013022
0.013145
0.013266
0.013051
0.013295
0.013076
0.013190
0.013102
0.013216
0.013260
0.013098
0.013066
0.013083
0.013206
0.013122
0.013220
0.013134
0.016729
0.016778
0.016713
0.016675
0.016687
0.016729
0.016814
0.016656
0.016757
0.016857
0.016700
0.016744
0.016776
0.016671
0.016822
0.016726
0.020790
0.020803
0.020785
0.020711
0.020743
0.020689
0.020783
0.020784
0.020841
0.020651
0.020876
0.020818
0.020765
0.020733
0.020872
0.021021
0.021117
0.021097
0.021060
0.021151
0.020983
0.021078
0.021034
0.021138
0.021086
0.020949
0.021130
0.021110
0.021098
0.021108
0.021127
0.020995
0.021049
0.021017
0.021238
0.021209
0.021096
0.021030
0.021022
0.021155
0.020987
0.020945
0.021083
0.021046
0.021088
0.021044
0.021101
0.021006
0.021070
0.020961
0.021139
0.021006
0.021164
0.021116
0.021059
0.020952
0.020986
0.021010
0.021045
0.021198
0.021065
0.021123
0.021082
0.020953
0.021221
0.021038
0.020993
0.023128
0.025097
0.025223
0.025002
0.025168
0.025077
0.025001
0.025171
0.025098
0.025111
0.025134
0.025116
0.025163
0.025048
0.025174
0.025171
0.025073
0.025084
0.025119
0.025257
0.025117
0.024997
0.025250
0.025083
0.025157
0.024986
0.025118
0.025116
0.025069
0.025056
0.025104
0.024889
0.025088
0.025203
0.025299
0.025162
0.025203
0.025182
0.025104
0.025053
0.024928
0.025100
0.025115
0.024994
0.025154
0.025076
0.025143
0.025273
0.025204
0.025094
0.025210
0.025088
0.025207
0.025177
0.025104
0.025040
0.025206
0.025180
0.025260
0.025110
0.025099
0.025156
0.025025
0.025062
0.024966
0.025155
0.025050
0.025061
0.025154
0.025195
0.025213
0.025081
0.024981
0.025097
0.025202
0.025107
0.025054
0.025094
0.025152
0.025218
0.025072
0.025246
0.025009
0.025062
0.025202
0.025064
0.025208
0.025127
0.025294
0.025070
0.025141
0.025165
0.025156
0.025132
0.025019
0.025020
0.025140
0.024985
0.025288
0.025069
0.025264
0.025098
0.025165
0.025263
0.025165
0.025069
0.025136
0.025089
0.025170
0.025040
0.025266
0.025200
0.025125
0.025032
0.025176
0.025012
0.025141
0.025002
0.025155
0.025071
0.025184
0.025045
0.025158
0.025040
0.025080
0.025165
0.025188
0.025133
0.025141
0.025006
0.025237
0.025180
0.025037
0.025136
0.025172
0.025075
0.025107
0.025037
0.025061
0.025111
0.025176
0.025178
0.025073
0.025116
0.025068
0.025121
0.025020
0.025170
0.025057
0.025171
0.025232
0.024876
0.025225
0.025088
0.025176
0.024939
0.025049
0.025237
0.025267
0.025130
0.025133
0.025102
0.025290
0.025103
0.025240
0.025122
0.025252
0.025268
0.025097
0.025043
0.025238
0.025175
0.025329
0.025057
0.025223
0.025166
0.025208
0.025052
0.025090
0.024980
0.025043
0.024889
0.025115
0.025209
0.025311
0.025177
0.025051
0.025099
0.025146
0.025118
0.025266
0.025229
0.025189
0.025073
0.025228
0.025159
0.025160
0.025143
0.025194
0.025255
0.025106
0.025036
0.025194
0.025184
0.025125
0.025186
0.025057
0.025071
0.025318
0.025103
0.025134
0.025258
0.025211
0.025244
0.025312
0.025261
0.025224
0.024986
0.024987
0.025161
0.025237
0.025185
0.024977
0.025035
0.025167
0.025021
0.025225
0.025048
0.025208
0.025184
0.025303
0.025169
0.024983
0.025160
0.025056
0.025228
0.025149
0.025171
0.025200
0.025194
0.025231
0.025032
0.024968
0.025050
0.025208
0.025086
0.025152
0.025183
0.025205
0.025140
0.025245
0.025117
0.025079
0.025003
0.025150
0.024988
0.025311
0.025295
0.025147
0.025081
0.025179
0.025178
0.025307
0.025226
0.025213
0.025041
0.025217
0.025097
0.025075
0.025106
0.025177
0.025031
0.025155
0.025116
0.025275
0.025206
0.025089
0.025095
0.025210
0.025112
0.025305
0.025036
0.025147
0.025097
0.025212
0.025160
0.025139
0.025128
0.025153
0.025194
0.025067
0.025133
0.025337
0.025146
0.025231
0.025150
0.025215
0.024908
0.025291
0.025121
0.025255
0.025062
0.025182
0.025096
0.025114
0.025058
0.025081
0.025062
0.025115
0.025021
0.025130
0.025223
0.025239
0.025193
0.025140
0.025224
0.025209
0.025101
0.025116
0.025106
0.025132
0.024924
0.025258
0.025015
0.025186
0.025111
0.025151
0.025184
0.025027
0.025089
0.025063
0.025152
0.025253
0.020853
0.020818
0.020861
0.020840
0.020803
0.020754
0.020802
0.020763
0.020914
0.020827
0.020776
0.020889
0.020611
0.020650
0.020690
0.020823
0.020679
0.020858
0.020603
0.020893
0.020671
0.020748
0.020967
0.020789
0.020746
0.020886
0.020573
0.020696
0.020732
0.020779
0.020748
0.020809
0.020660
0.020859
0.020695
0.020744
0.020743
0.020841
0.020874
0.021081
0.021107
0.021051
0.021069
0.021127
0.021106
0.020986
0.021011
0.020984
0.021033
0.021063
0.020937
0.021197
0.020993
0.021157
0.020955
0.021177
0.021118
0.020920
0.021180
0.021146
0.021134
0.021068
0.021249
0.021008
0.021130
0.021153
0.020961
0.021047
0.020912
0.021115
0.021088
0.021053
0.020972
0.021043
0.021009
0.020916
0.021061
0.021009
0.021069
0.021220
0.021018
0.021046
0.020855
0.021019
0.020877
0.021021
0.020922
0.020941
0.020939
0.021074
0.020993
0.021076
0.025083
0.025210
0.025050
0.025039
0.024934
0.025110
0.025147
0.025032
0.025039
0.025079
0.025034
0.025188
0.025001
0.025057
0.025088
0.025189
0.025053
0.025150
0.025062
0.025216
0.025149
0.025024
0.025033
0.025245
0.025149
0.025178
0.025053
0.025154
0.025086
0.025136
0.025025
0.024992
0.025081
0.025037
0.025039
0.025124
0.025041
0.025119
0.025130
0.025065
0.025236
0.025063
0.025095
0.025118
0.025118
0.024992
0.024990
0.025001
0.025017
0.025070
0.025179
0.025226
0.025018
0.025255
0.025126
0.024968
0.024952
0.025070
0.025157
0.025054
0.025083
0.025066
0.024831
0.025166
0.025158
0.025078
0.025097
0.025259
0.025239
0.025147
0.025131
0.025208
0.025150
0.025042
0.025011
0.025026
0.025080
0.025070
0.025115
0.025319
0.025172
0.025137
0.025070
0.025080
0.025046
0.025218
0.025187
0.025324
0.025256
0.025187
0.025059
0.025251
0.025049
0.025163
0.025302
0.025061
0.025121
0.025048
0.025163
0.025080
0.025067
0.025098
0.025218
0.025210
0.025055
0.025144
0.025120
0.025189
0.025072
0.025043
0.025168
0.024941
0.025077
0.025189
0.025225
0.025114
0.025217
0.024985
0.024992
0.025149
0.025215
0.025033
0.025089
0.024988
0.025169
0.025283
0.025136
0.025281
0.025135
0.025145
0.024962
0.025262
0.025009
0.025249
0.025227
0.025074
0.024950
0.025113
0.025018
0.025015
0.025069
0.025230
0.024951
0.025159
0.024943
0.025136
0.025102
0.025154
0.025074
0.025177
0.025042
0.025204
0.025127
0.025094
0.025023
0.025118
0.025116
0.025239
0.025061
0.025046
0.025079
0.025071
0.024926
0.025266
0.025119
0.025097
0.025191
0.025170
0.025098
0.025124
0.025007
0.025311
0.025110
0.025175
0.025035
0.025209
0.025159
0.025184
0.025121
0.025071
0.025172
0.025108
0.025029
0.025118
0.025033
0.025193
0.025023
0.025080
0.025103
0.025138
0.025177
0.025222
0.025098
0.025101
0.025055
0.025159
0.025058
0.024896
0.025157
0.025116
0.025057
0.025210
0.025207
0.025267
0.025191
0.025172
0.025258
0.025294
0.025051
0.025045
0.025186
0.025339
0.025089
0.025072
0.025027
0.025146
0.025143
0.025200
0.025102
0.025086
0.024941
0.025025
0.025197
0.025221
0.025186
0.025304
0.025195
0.025337
0.025067
0.025231
0.025210
0.025170
0.025021
0.025230
0.024997
0.025087
0.025142
0.025175
0.025180
0.025029
0.025001
0.025017
0.025141
0.025228
0.025191
0.025213
0.025277
0.025080
0.025145
0.025149
0.025172
0.025084
0.025098
