0.012187
0.018811
0.024981
0.025113
0.024985
0.024928
0.025039
0.025018
0.025176
0.024961
0.025017
0.024899
0.024975
0.024989
0.025033
0.024839
0.024994
0.024931
0.025028
0.024935
0.025112
0.024971
0.024991
0.024974
0.025036
0.025009
0.024865
0.024938
0.024902
0.024917
0.024955
0.025171
0.025072
0.025028
0.025105
0.025017
0.025046
0.024915
0.024805
0.025103
0.025101
0.025087
0.025030
0.024894
0.025098
0.024957
0.025037
0.025146
0.025152
0.024994
0.025003
0.024957
0.025143
0.025028
0.024964
0.025068
0.024926
0.025055
0.025050
0.025029
0.025080
0.025092
0.025215
0.025002
0.024965
0.024845
0.025098
0.024956
0.025075
0.025048
0.025017
0.025021
0.025115
0.025034
0.025025
0.025115
0.024885
0.024990
0.024993
0.025076
0.024998
0.025033
0.025117
0.025034
0.024976
0.024906
0.024983
0.025037
0.025128
0.024956
0.025064
0.025071
0.025188
0.024951
0.025069
0.024928
0.025112
0.025023
0.025094
0.024808
0.024882
0.025020
0.024930
0.024983
0.024929
0.024983
0.024896
0.024838
0.025076
0.024977
0.024957
0.024938
0.024939
0.025015
0.024972
0.025079
0.025050
0.025001
0.024987
0.024886
0.025177
0.024893
0.019080
0.028908
0.015479
0.018551
0.024886
0.018832
0.018891
0.024729
0.016961
0.023283
0.026461
0.016958
0.017098
0.023108
0.022885
0.016900
0.023051
0.026464
0.015181
0.018611
0.023416
0.018645
0.023378
0.026524
0.015043
0.026523
0.015275
0.026544
0.016989
0.018759
0.018841
0.024782
0.016942
0.024775
0.018860
0.018840
0.024840
0.017060
0.024818
0.025332
0.021429
0.021442
0.021390
0.021491
0.021473
0.021437
0.021387
0.021375
0.021536
0.021415
0.021387
0.021387
0.021327
0.021353
0.021395
0.021462
0.021400
0.021352
0.021275
0.021386
0.021433
0.021512
0.021399
0.021506
0.021142
0.013525
0.023325
0.026726
0.021433
0.021491
0.021469
0.013379
0.023142
0.026974
0.021487
0.021507
0.021450
0.021497
0.021420
0.021530
0.013536
0.023379
0.026635
0.021514
0.021497
0.011196
0.018499
0.024707
0.020802
0.020846
0.021102
0.015332
0.018674
0.023224
0.018592
0.023324
0.026428
0.015172
0.018678
0.023209
0.018631
0.023241
0.026564
0.015244
0.026500
0.017185
0.017049
0.023235
0.026477
0.015259
0.026472
0.015291
0.026581
0.015242
0.018746
0.023137
0.026573
0.015266
0.026550
0.015134
0.026710
0.015266
0.018551
0.024716
0.018956
0.023204
0.017160
0.024987
0.017203
0.024973
0.017285
0.025048
0.017308
0.025226
0.017198
0.025024
0.017241
0.025030
0.017240
0.025076
0.017284
0.025087
0.017178
0.025113
0.017257
0.025044
0.017223
0.025036
0.017190
0.023397
0.027002
0.021516
0.013511
0.023423
0.026787
0.013553
0.023248
0.026914
0.013498
0.023520
0.026730
0.015631
0.026981
0.013467
0.023402
0.026712
0.021456
0.013550
0.023395
0.026714
0.013463
0.023405
0.026842
0.015445
0.024421
0.024961
0.024994
0.024951
0.025035
0.024954
0.025002
0.025068
0.024885
0.025084
0.024843
0.025062
0.025052
0.025180
0.025036
0.025086
0.025056
0.025092
0.025164
0.025180
0.025026
0.025030
0.025064
0.025027
0.025036
0.025048
0.025043
0.024935
0.024897
0.025079
0.025178
0.025042
0.025048
0.025059
0.024926
0.025100
0.025108
0.025039
0.025029
0.025126
0.025054
0.025223
0.025112
0.025106
0.025099
0.025054
0.025148
0.025023
0.025094
0.025192
0.025058
0.024986
0.024998
0.025098
0.025029
0.025173
0.025090
0.025113
0.024910
0.025006
0.024948
0.025176
0.025110
0.025052
0.025155
0.025079
0.025021
0.025020
0.025071
0.025131
0.025167
0.025126
0.025055
0.025126
0.025181
0.025215
0.025224
0.024918
0.025042
0.025208
0.024944
0.025070
0.025133
0.025068
0.024938
0.024987
0.025064
0.025013
0.025150
0.025026
0.025014
0.025063
0.024975
0.024986
0.025063
0.024967
0.024924
0.025000
0.025091
0.025102
0.025124
0.025100
0.024842
0.025106
0.025104
0.025015
0.025090
0.025155
0.025078
0.025168
0.025005
0.025083
0.025091
0.025131
0.024946
0.025169
0.025081
0.025065
0.025097
0.025092
0.025000
0.024952
0.024946
0.024930
0.024983
0.025130
0.024987
0.024995
0.025148
0.025094
0.025029
0.024948
0.024821
0.024925
0.025030
0.025033
0.025161
0.024962
0.025017
0.025049
0.024890
0.025144
0.025055
0.025131
0.025045
0.025145
0.024938
0.025072
0.025062
0.025044
0.025000
0.025076
0.025058
0.024985
0.024984
0.025095
0.024981
0.025005
0.025012
0.025198
0.025135
0.025105
0.025151
0.025122
0.024961
0.025120
0.025146
0.025097
0.025051
0.016768
0.019083
0.025054
0.018784
0.018880
0.028779
0.016991
0.018811
0.027011
0.015288
0.018692
0.023214
0.026567
0.015180
0.018968
0.023301
0.026806
0.015296
0.026407
0.016977
0.018833
0.026784
0.015308
0.026499
0.015193
0.026706
0.015325
0.026423
0.017031
0.016958
0.024814
0.017195
0.024710
0.018869
0.026859
0.020999
0.015503
0.026413
0.015440
0.027019
0.021487
0.021440
0.021515
0.021461
0.021459
0.021166
0.021332
0.021574
0.021455
0.021366
0.021495
0.021363
0.021523
0.011342
0.018883
0.014848
0.020761
0.013354
0.020616
0.013415
0.020725
0.013455
0.020602
0.015185
0.014963
0.017207
0.017091
0.018868
0.018636
0.015169
0.014776
0.017199
0.017120
0.020517
0.015129
0.018916
0.014957
0.017254
0.018651
0.017197
0.015094
0.014859
0.017189
0.020549
0.020612
0.020566
0.020524
0.020725
0.020745
0.020534
0.020599
0.020566
0.020508
0.020828
0.020590
0.020638
0.020767
0.020676
0.021026
0.021014
0.020965
0.020857
0.020780
0.021013
0.020983
0.020999
0.021160
0.021093
0.020786
0.020868
0.020916
0.020946
0.021196
0.021052
0.021095
0.020943
0.021044
0.021019
0.020969
0.020991
0.021019
0.021119
0.020938
0.020948
0.021027
0.020930
0.020922
0.021109
0.020930
0.020920
0.020845
0.020892
0.021108
0.020905
0.021035
0.021089
0.020977
0.021015
0.021060
0.020847
0.020878
0.020929
0.021004
0.020878
0.021028
0.021021
0.020958
0.020898
0.021097
0.021022
0.021065
0.024964
0.024885
0.025198
0.024837
0.024862
0.025044
0.024981
0.024909
0.024943
0.025057
0.024928
0.024966
0.024946
0.024965
0.024950
0.024975
0.024825
0.025007
0.024888
0.025006
0.024856
0.025024
0.024832
0.024990
0.024925
0.024934
0.025024
0.024931
0.025007
0.024952
0.025206
0.024938
0.024936
0.025035
0.025028
0.025068
0.024913
0.024915
0.024917
0.025006
0.024876
0.024946
0.024895
0.024852
0.024999
0.024954
0.024784
0.025048
0.024983
0.024875
0.024864
0.025075
0.024949
0.025007
0.024780
0.025019
0.025011
0.025004
0.025004
0.024940
0.024923
0.024839
0.024903
0.025020
0.025117
0.024797
0.025027
0.024965
0.025048
0.025122
0.025043
0.024965
0.024943
0.024929
0.024766
0.024950
0.025004
0.024938
0.024976
0.024933
0.024825
0.024833
0.024989
0.024931
0.025126
0.025094
0.025011
0.024991
0.024981
0.025059
0.024937
0.024860
0.024984
0.024916
0.024955
0.025084
0.024891
0.025101
0.024945
0.024995
0.025140
0.025096
0.024888
0.024830
0.025017
0.025078
0.024868
0.024887
0.024933
0.024936
0.025043
0.024974
0.024915
0.025114
0.024858
0.025022
0.025120
0.024847
0.024856
0.025217
0.025018
0.024954
0.025070
0.025238
0.024770
0.025080
0.024999
0.025039
0.024773
0.025049
0.024973
0.024884
0.024929
0.024956
0.025033
0.024981
0.024839
0.024860
0.024838
0.024957
0.024939
0.025143
0.025044
0.025010
0.024908
0.024868
0.024864
0.024877
0.025080
0.025106
0.024838
0.025078
0.025180
0.024801
0.025192
0.025046
0.024940
0.024886
0.024994
0.024903
0.025022
0.024970
0.025183
0.025079
0.024870
0.024994
0.024968
0.024852
0.024884
0.024951
0.024842
0.025059
0.024943
0.025176
0.024933
0.025126
0.024882
0.024916
0.024884
0.024965
0.025119
0.025025
0.025095
0.025005
0.024924
0.025000
0.024854
0.025186
0.024911
0.024884
0.025195
0.024973
0.024981
0.024986
0.024904
0.024801
0.024956
0.024997
0.025074
0.024912
0.024843
0.025021
0.024960
0.025014
0.025032
0.025010
0.024881
0.025093
0.024773
0.025065
0.024820
0.025054
0.025020
0.025114
0.025033
0.020842
0.020506
0.020647
0.020598
0.020552
0.020694
0.020616
0.020618
0.020745
0.020696
0.020781
0.020775
0.020496
0.020673
0.020605
0.020627
0.020690
0.020625
0.020844
0.020587
0.020731
0.020564
0.020781
0.020692
0.020621
0.020635
0.020673
0.020536
0.020689
0.020730
0.020583
0.020609
0.020525
0.020772
0.020715
0.020670
0.020639
0.020741
0.020849
0.020749
0.021092
0.021129
0.020975
0.020946
0.021010
0.020873
0.021049
0.021224
0.021013
0.021021
0.021040
0.021074
0.020968
0.021114
0.020975
0.020891
0.021017
0.021253
0.021026
0.021048
0.021020
0.021046
0.021037
0.021079
0.021096
0.021119
0.021076
0.021011
0.020984
0.021007
0.021115
0.020975
0.021078
0.021010
0.020984
0.020921
0.020921
0.020977
0.021036
0.020979
0.020918
0.021029
0.021126
0.020933
0.020801
0.020941
0.021070
0.021048
0.021006
0.020933
0.020866
0.020836
0.024882
0.025142
0.024976
0.025032
0.025251
0.024992
0.024946
0.024836
0.024975
0.025037
0.024959
0.025232
0.024983
0.025051
0.025140
0.025017
0.025036
0.025150
0.024939
0.024987
0.025007
0.025067
0.025114
0.024894
0.025050
0.024954
0.025111
0.025010
0.024848
0.024968
0.024925
0.025077
0.024844
0.024948
0.024920
0.024843
0.024972
0.025210
0.024924
0.024959
0.024784
0.025068
0.024947
0.024896
0.025054
0.025095
0.024911
0.024848
0.024979
0.025174
0.025034
0.024909
0.024799
0.025068
0.025054
0.025006
0.025061
0.025064
0.024978
0.025095
0.025027
0.024894
0.024887
0.025046
0.024989
0.025035
0.024875
0.024862
0.024913
0.025024
0.025100
0.024862
0.024861
0.025053
0.024959
0.025017
0.025053
