0.009538
0.023335
0.019408
0.021212
0.029147
0.021210
0.029239
0.021175
0.029224
0.021116
0.029213
0.021086
0.029101
0.021238
0.029092
0.021146
0.029158
0.021236
0.029133
0.021227
0.029257
0.021240
0.029195
0.021249
0.029225
0.021269
0.029107
0.021314
0.029120
0.021120
0.029251
0.021259
0.029222
0.021113
0.029248
0.021235
0.029166
0.021190
0.029168
0.021309
0.029259
0.021183
0.029290
0.021322
0.029257
0.021218
0.029230
0.021210
0.029207
0.021189
0.029253
0.021230
0.029240
0.021256
0.029337
0.021212
0.029186
0.021288
0.029231
0.021322
0.029272
0.021334
0.029242
0.021185
0.029258
0.021156
0.029249
0.021190
0.029245
0.021212
0.029253
0.021262
0.029189
0.021140
0.029231
0.021206
0.029344
0.021237
0.029207
0.021212
0.029194
0.021315
0.029238
0.021257
0.029151
0.021217
0.029133
0.021262
0.029132
0.021363
0.029267
0.021235
0.029152
0.021250
0.029330
0.021187
0.029258
0.021289
0.029139
0.021212
0.029278
0.021322
0.029273
0.021169
0.029216
0.021181
0.029168
0.021392
0.029448
0.021253
0.029181
0.021217
0.029133
0.021225
0.029156
0.021146
0.029181
0.021277
0.029260
0.021310
0.029243
0.021196
0.029190
0.021175
0.029333
0.021144
0.029275
0.021253
0.029323
0.021207
0.029258
0.021246
0.029319
0.021238
0.029248
0.021147
0.029301
0.021194
0.029181
0.021315
0.029162
0.021172
0.029084
0.021212
0.029267
0.021321
0.029181
0.021256
0.029325
0.021154
0.029178
0.021240
0.029207
0.021255
0.029225
0.021259
0.029333
0.021279
0.029238
0.021244
0.029319
0.021317
0.029162
0.021233
0.029322
0.021157
0.029139
0.021103
0.029172
0.021234
0.029230
0.021226
0.029178
0.021306
0.029276
0.021121
0.029193
0.021173
0.029104
0.021171
0.029324
0.021211
0.029181
0.021226
0.029134
0.021208
0.029232
0.021319
0.029248
0.021284
0.029409
0.021377
0.029354
0.021305
0.029174
0.021142
0.029188
0.021205
0.029221
0.021338
0.029280
0.021158
0.029250
0.021196
0.029247
0.021279
0.029258
0.021158
0.029280
0.021231
0.029314
0.021166
0.029295
0.021293
0.029444
0.021283
0.029135
0.021112
0.029203
0.021360
0.029255
0.021168
0.029295
0.021223
0.029169
0.021181
0.029230
0.021230
0.029274
0.021283
0.029299
0.021351
0.029214
0.021228
0.029165
0.021206
0.029212
0.021269
0.029307
0.021398
0.029328
0.021302
0.029202
0.021320
0.029302
0.021152
0.029307
0.021198
0.029414
0.021181
0.029151
0.021296
0.029153
0.021215
0.029231
0.021228
0.029321
0.021395
0.029266
0.021175
0.029291
0.021369
0.029215
0.021127
0.029154
0.021243
0.029178
0.021166
0.029240
0.021237
0.029222
0.021235
0.029206
0.021194
0.029228
0.021368
0.029369
0.021203
0.029352
0.021234
0.029172
0.021306
0.029273
0.021295
0.029463
0.021243
0.029198
0.021142
0.029218
0.021235
0.029180
0.021154
0.029303
0.021222
0.029277
0.021136
0.029206
0.021102
0.029222
0.021228
0.029205
0.021209
0.029265
0.021238
0.029123
0.021332
0.029228
0.021283
0.029225
0.021220
0.029117
0.021188
0.029208
0.021304
0.029225
0.021197
0.029246
0.021286
0.029230
0.021276
0.029283
0.021204
0.029281
0.021236
0.029281
0.021368
0.029171
0.021256
0.029192
0.021214
0.029249
0.021179
0.029239
0.021185
0.029197
0.021182
0.029255
0.021253
0.029257
0.021305
0.029315
0.021158
0.029235
0.021330
0.029162
0.021307
0.029228
0.021281
0.029284
0.021036
0.018943
0.026650
0.019088
0.018932
0.024655
0.019090
0.018813
0.024743
0.019404
0.018772
0.024808
0.017357
0.023116
0.018830
0.023251
0.017250
0.024852
0.018767
0.023304
0.018853
0.023085
0.016917
0.024962
0.018979
0.023121
0.018888
0.023176
0.017004
0.020846
0.026884
0.017358
0.024669
0.019089
0.018968
0.024652
0.017341
0.023014
0.016917
0.025001
0.017326
0.025267
0.022933
0.021297
0.021317
0.015662
0.021440
0.023108
0.023313
0.019241
0.024979
0.015705
0.023137
0.023524
0.017310
0.023318
0.021486
0.022954
0.022969
0.015642
0.023127
0.023366
0.017218
0.023319
0.023415
0.017246
0.023285
0.023380
0.017129
0.023345
0.023393
0.017126
0.023318
0.023371
0.017133
0.023298
0.019094
0.023448
0.023217
0.017208
0.023333
0.023329
0.017012
0.023164
0.023349
0.015065
0.017236
0.018814
0.020944
0.019147
0.024670
0.019361
0.018879
0.018939
0.024970
0.018893
0.019074
0.026814
0.019095
0.017138
0.020737
0.025137
0.018955
0.023071
0.018921
0.023063
0.018860
0.023229
0.018949
0.024788
0.019339
0.017148
0.026605
0.019069
0.019013
0.024787
0.017438
0.023174
0.018874
0.024723
0.017359
0.024611
0.019105
0.018854
0.024706
0.017681
0.021409
0.021440
0.021270
0.021362
0.021179
0.021597
0.021450
0.021459
0.023130
0.017249
0.023486
0.021390
0.021383
0.021109
0.021757
0.021476
0.021459
0.021410
0.021389
0.021429
0.021453
0.021375
0.021334
0.023491
0.023110
0.015844
0.023041
0.023297
0.017171
0.023277
0.023377
0.017136
0.023318
0.024926
0.017486
0.023382
0.017191
0.023484
0.023405
0.017231
0.023288
0.023395
0.017259
0.019296
0.017043
0.017059
0.018855
0.020463
0.020756
0.020766
0.020866
0.020773
0.020800
0.020796
0.020950
0.020928
0.020764
0.020811
0.020820
0.020737
0.020804
0.020738
0.020599
0.020883
0.020734
0.020792
0.020861
0.020781
0.020772
0.020738
0.020741
0.020739
0.020773
0.020795
0.020744
0.020892
0.020731
0.020726
0.020814
0.020729
0.020818
0.020801
0.020818
0.021023
0.021078
0.021164
0.021041
0.021169
0.021004
0.021056
0.021030
0.021074
0.020930
0.021108
0.021065
0.021091
0.021101
0.021126
0.021120
0.021084
0.021040
0.021210
0.021131
0.021204
0.021019
0.021118
0.021224
0.021023
0.021018
0.021027
0.020976
0.021041
0.021157
0.020898
0.021133
0.020984
0.021002
0.021067
0.021076
0.021048
0.021036
0.021055
0.020930
0.020960
0.021008
0.021027
0.021115
0.021056
0.021042
0.020984
0.020999
0.020983
0.021039
0.021040
0.021065
0.021217
0.025050
0.025203
0.025047
0.025013
0.024863
0.025082
0.025059
0.025073
0.025164
0.025204
0.025184
0.024994
0.025135
0.025179
0.025146
0.025182
0.025119
0.025142
0.025223
0.025092
0.025147
0.025033
0.025126
0.025101
0.025082
0.025063
0.025246
0.025061
0.024896
0.025145
0.024995
0.025149
0.025150
0.025084
0.025124
0.025054
0.025064
0.025067
0.025087
0.025022
0.024970
0.025014
0.024937
0.025177
0.025038
0.025047
0.025040
0.025098
0.025108
0.025008
0.025001
0.024919
0.025015
0.025142
0.025065
0.025155
0.025161
0.025199
0.025260
0.025126
0.025044
0.025020
0.025068
0.024957
0.025130
0.025047
0.025055
0.025143
0.024932
0.025064
0.025062
0.025257
0.024950
0.025111
0.025112
0.025179
0.025031
0.025097
0.024954
0.025075
0.025020
0.024923
0.024848
0.025023
0.024967
0.024930
0.025124
0.025081
0.025088
0.025086
0.022875
0.020620
0.020748
0.020607
0.020723
0.020862
0.020511
0.020741
0.020756
0.020661
0.020809
0.020818
0.020700
0.020645
0.020739
0.020676
0.020834
0.020828
0.020564
0.020712
0.020676
0.020710
0.020754
0.020708
0.020717
0.020565
0.016728
0.016779
0.016885
0.016777
0.016769
0.016771
0.016770
0.016877
0.016867
0.016807
0.016758
0.016802
0.016771
0.016783
0.016798
0.016753
0.016750
0.017019
0.016818
0.017172
0.017137
0.017148
0.017199
0.017162
0.017126
0.017151
0.017280
0.017175
0.017147
0.017279
0.017216
0.017207
0.017176
0.017169
0.017190
0.017138
0.017167
0.017190
0.017184
0.017173
0.017075
0.017176
0.017264
0.017126
0.017205
0.017257
0.016899
0.017371
0.017474
0.017463
0.017509
0.017319
0.017407
0.017438
0.017417
0.017350
0.017529
0.021199
0.021470
0.021062
0.021527
0.021465
0.021523
0.021414
0.021466
0.021481
0.021466
0.021473
0.021552
0.021562
0.021523
0.021520
0.021454
0.021357
0.021484
0.021551
0.021442
0.021437
0.021049
0.021657
0.021499
0.021644
0.021581
0.021540
0.021473
0.021529
0.021550
0.021520
0.021529
0.021438
0.021490
0.021460
0.021481
0.021500
0.023595
0.019374
0.028936
0.021462
0.021333
0.029354
0.028934
0.021591
0.029052
0.021481
0.029035
0.021519
0.029065
0.021459
0.028955
0.021527
0.029127
0.021601
0.028981
0.021588
0.029070
0.021387
0.021024
0.029241
0.028889
0.021482
0.028948
0.021558
0.029064
0.021511
0.021181
0.029346
0.029016
0.021508
0.029041
0.018331
0.028860
0.028996
0.021411
0.028985
0.021427
0.028986
0.021586
0.021249
0.029223
0.021231
0.029178
0.021311
0.029372
0.021251
0.029221
0.021286
0.029237
0.021352
0.029197
0.021157
0.029174
0.021343
0.029296
0.021182
0.029300
0.021401
0.029237
0.021303
0.029303
0.021239
0.029340
0.021365
0.029294
0.021356
0.029381
0.021371
0.029142
0.021204
0.029216
0.021258
0.029255
0.021175
0.029218
0.021360
0.029354
0.021290
0.029212
0.021237
0.029247
0.021321
0.029134
0.021296
0.029138
0.021185
0.029254
0.021174
0.029179
0.021268
0.029192
0.021316
0.029285
0.021175
0.029516
0.021201
0.029284
0.021212
0.029272
0.021191
0.029259
0.021342
0.029371
0.021245
0.029207
0.021120
0.029105
0.021209
0.029291
0.021146
0.029213
0.021208
0.029194
0.021297
0.029182
0.021212
0.029139
0.021252
0.029320
0.021319
0.029183
0.021312
0.029364
0.021256
0.029233
0.021150
0.029140
0.021308
0.029349
0.021322
0.029203
0.021214
0.029214
0.021089
0.029225
0.021250
0.029340
0.021297
0.029275
0.021156
0.029290
0.021241
0.029133
0.021207
0.029175
0.021207
0.029156
0.021261
0.029181
0.021333
0.029262
0.021187
0.029207
0.021297
0.029311
0.021097
0.029033
0.021291
0.029245
0.021274
0.029235
0.021351
0.029261
0.021216
0.029221
0.021291
0.029347
0.021210
0.029285
0.021249
0.029179
0.021248
0.029333
0.021254
0.029142
