0.007867
0.022638
0.025052
0.024990
0.025090
0.025015
0.025023
0.025039
0.024935
0.025001
0.025116
0.025071
0.025148
0.024969
0.024962
0.024809
0.024971
0.024954
0.024963
0.024853
0.024889
0.024947
0.025082
0.024996
0.025060
0.024940
0.024968
0.025036
0.024991
0.024919
0.025051
0.024925
0.025171
0.025098
0.025067
0.024979
0.025193
0.024914
0.025088
0.025028
0.024992
0.025118
0.024942
0.025007
0.024955
0.025108
0.025151
0.025052
0.024933
0.025077
0.025009
0.024805
0.025087
0.024987
0.025065
0.025133
0.024977
0.024983
0.025142
0.025037
0.025076
0.025018
0.024932
0.025001
0.025084
0.024975
0.025041
0.024895
0.025045
0.024877
0.025008
0.024956
0.025049
0.024936
0.025039
0.025041
0.025087
0.025083
0.025020
0.025003
0.024927
0.024761
0.025031
0.024931
0.025103
0.025020
0.025271
0.025012
0.025117
0.024908
0.025015
0.024932
0.024971
0.025032
0.024986
0.024923
0.025105
0.025027
0.025028
0.025059
0.025027
0.024975
0.025067
0.024942
0.024996
0.024928
0.024875
0.025034
0.025078
0.025102
0.025042
0.024843
0.024885
0.025053
0.025055
0.025047
0.025014
0.024992
0.025047
0.025066
0.025015
0.024914
0.024933
0.024856
0.024847
0.024933
0.024855
0.024905
0.024966
0.024893
0.024934
0.025084
0.025059
0.024879
0.024949
0.025080
0.024937
0.025090
0.025003
0.025110
0.024832
0.025012
0.025119
0.024934
0.025083
0.024978
0.025080
0.024986
0.025077
0.025002
0.024984
0.024971
0.025029
0.025093
0.025146
0.024898
0.025185
0.025041
0.025062
0.025000
0.025122
0.024959
0.025041
0.025036
0.024909
0.024891
0.024994
0.025078
0.025000
0.025156
0.024986
0.024899
0.024975
0.024768
0.025103
0.024964
0.025043
0.024949
0.025124
0.025089
0.025017
0.024933
0.024932
0.024957
0.025047
0.024902
0.024941
0.025065
0.025085
0.024999
0.024983
0.024830
0.024954
0.024944
0.025099
0.024872
0.025027
0.024884
0.025092
0.024980
0.025010
0.024944
0.024839
0.025017
0.025046
0.024897
0.025083
0.024844
0.025002
0.024931
0.024966
0.024931
0.025066
0.025081
0.025007
0.025032
0.024972
0.024979
0.024985
0.024948
0.024985
0.024914
0.025011
0.024952
0.025041
0.025030
0.024977
0.024956
0.024872
0.024945
0.025019
0.025108
0.025078
0.025137
0.025087
0.024909
0.025028
0.024905
0.025091
0.024821
0.025027
0.024817
0.024943
0.024815
0.025022
0.024900
0.025131
0.025072
0.025010
0.024855
0.025043
0.024963
0.025092
0.024997
0.025028
0.025066
0.025182
0.025121
0.025078
0.025136
0.025068
0.025163
0.025132
0.025018
0.025065
0.025057
0.025092
0.025021
0.025116
0.024991
0.025080
0.025084
0.020722
0.020578
0.020715
0.020875
0.020872
0.020755
0.020739
0.020771
0.020602
0.020729
0.020751
0.020749
0.020871
0.020676
0.020667
0.020702
0.020793
0.020656
0.020648
0.020633
0.020710
0.020840
0.020808
0.020629
0.020741
0.020640
0.020794
0.020609
0.020865
0.020623
0.020813
0.020832
0.020849
0.020713
0.020738
0.020852
0.020818
0.020665
0.020768
0.020859
0.021093
0.021029
0.021114
0.020937
0.018977
0.017129
0.016932
0.017012
0.016839
0.017074
0.016883
0.016989
0.016821
0.017083
0.016864
0.017187
0.016905
0.016963
0.016937
0.017040
0.016813
0.016975
0.017048
0.017070
0.017022
0.016713
0.017162
0.016689
0.017277
0.016728
0.017141
0.017112
0.016719
0.017060
0.017020
0.016838
0.017115
0.017186
0.017131
0.016750
0.017173
0.017049
0.016793
0.020850
0.020950
0.021029
0.020793
0.021010
0.020884
0.021015
0.021107
0.021444
0.021391
0.021379
0.021423
0.021231
0.021293
0.021262
0.020927
0.021395
0.021401
0.021176
0.021309
0.021316
0.021286
0.021383
0.021364
0.021415
0.021501
0.021275
0.021387
0.021059
0.021220
0.021421
0.021467
0.021246
0.020950
0.021266
0.021006
0.021383
0.021185
0.021239
0.021359
0.020979
0.021295
0.021284
0.021297
0.020863
0.017139
0.016963
0.016957
0.016895
0.017088
0.016973
0.012873
0.012675
0.016377
0.016471
0.016341
0.016315
0.016368
0.016276
0.016472
0.016319
0.016434
0.016347
0.016346
0.016297
0.016371
0.016332
0.016255
0.016203
0.016303
0.016398
0.016415
0.016389
0.016366
0.016281
0.016397
0.016462
0.016452
0.016264
0.016322
0.016331
0.016370
0.016299
0.016265
0.016331
0.016296
0.016251
0.016411
0.016354
0.016387
0.016330
0.016340
0.016281
0.016285
0.016410
0.016648
0.016598
0.016784
0.016565
0.016754
0.016749
0.016893
0.016831
0.017088
0.016780
0.016888
0.017085
0.016910
0.016796
0.016918
0.016806
0.016836
0.016790
0.016855
0.016873
0.016849
0.016953
0.016909
0.016946
0.016899
0.016852
0.016957
0.016796
0.017020
0.016910
0.017164
0.017037
0.016932
0.016849
0.016787
0.016949
0.016988
0.016964
0.017002
0.016760
0.016994
0.016999
0.016909
0.016900
0.017005
0.016959
0.016912
0.016862
0.016842
0.016794
0.016900
0.016840
0.019111
0.020872
0.020947
0.020971
0.020921
0.020919
0.024963
0.024956
0.024840
0.025006
0.025043
0.025116
0.025143
0.025057
0.025007
0.024964
0.025095
0.025212
0.025263
0.024909
0.025057
0.024897
0.025054
0.025013
0.024825
0.025008
0.025128
0.024919
0.024877
0.025030
0.025051
0.024882
0.024893
0.025089
0.025102
0.025005
0.024947
0.024959
0.025137
0.024928
0.024962
0.025011
0.025004
0.024936
0.024933
0.025041
0.025120
0.024988
0.025046
0.024857
0.024997
0.025021
0.024889
0.024952
0.024959
0.024839
0.025115
0.024937
0.025035
0.024953
0.025126
0.024956
0.025113
0.024777
0.025162
0.025056
0.025035
0.025139
0.024965
0.025103
0.025044
0.025022
0.025042
0.024950
0.024962
0.025002
0.025219
0.025081
0.024944
0.025038
0.025078
0.025198
0.024951
0.025004
0.024975
0.025087
0.025158
0.025038
0.024906
0.025026
0.025172
0.025016
0.024941
0.024865
0.025003
0.025011
0.025034
0.025039
0.025058
0.024830
0.025074
0.025144
0.024833
0.025036
0.024935
0.024936
0.024912
0.024959
0.025026
0.024996
0.025014
0.024967
0.025024
0.024985
0.025026
0.025034
0.024936
0.025205
0.025020
0.024903
0.024898
0.025051
0.025096
0.025071
0.024968
0.025030
0.025003
0.024941
0.024928
0.025016
0.024981
0.024792
0.025027
0.024937
0.025052
0.025071
0.025128
0.025129
0.024992
0.024993
0.025038
0.025064
0.024951
0.025006
0.025041
0.025123
0.024994
0.024961
0.025022
0.025063
0.025069
0.024940
0.024994
0.025078
0.025119
0.024992
0.024942
0.025061
0.024989
0.024968
0.024909
0.024987
0.025123
0.024945
0.024955
0.024867
0.024970
0.024806
0.024982
0.024910
0.024957
0.024976
0.024918
0.025015
0.024971
0.024930
0.025056
0.025030
0.024910
0.024905
0.025042
0.024871
0.025062
0.025036
0.024997
0.024971
0.024986
0.024898
0.025105
0.024913
0.025004
0.024930
0.024874
0.025037
0.025005
0.024965
0.025050
0.024904
0.025153
0.025020
0.024997
0.024998
0.025155
0.025019
0.024943
0.025075
0.024964
0.024799
0.024974
0.025063
0.025069
0.024977
0.024949
0.025153
0.025096
0.024748
0.024876
0.024992
0.025060
0.025033
0.024893
0.025005
0.025105
0.024925
0.025010
0.024894
0.025088
0.024996
0.024767
0.025035
0.025235
0.025088
0.025039
0.024946
0.025058
0.025031
0.024939
0.025090
0.025101
0.024814
0.025038
0.025030
0.024813
0.024987
0.025003
0.024987
0.024983
0.025127
0.024992
0.024984
0.025057
0.025129
0.025030
0.025033
0.025130
0.025053
0.025074
0.024912
0.025018
0.025057
0.025136
0.025115
0.025135
0.025031
0.025125
0.025023
0.024947
0.024860
0.024981
0.025191
0.025164
0.024969
0.025032
0.024985
0.025118
0.025010
0.025112
0.025038
0.025132
0.025070
0.025086
0.024973
0.025161
0.024929
0.025054
0.025117
0.025146
0.025000
0.025095
0.025085
0.025068
0.025175
0.025205
0.024863
0.024910
0.025198
0.025016
0.025159
0.025057
0.025114
0.025028
0.024995
0.025164
0.025007
0.025171
0.025136
0.025026
0.025082
0.025012
0.025027
0.025092
0.025015
0.025029
0.025094
0.024943
0.025084
0.025210
0.025092
0.025093
0.024992
0.025094
0.024905
0.025024
0.025025
0.025000
0.025162
0.025190
0.025129
0.025079
0.024955
0.025009
0.025147
0.025092
0.025054
0.025186
0.024976
0.025020
0.025103
0.025136
0.025118
0.025131
0.024972
0.025108
0.024986
0.024999
0.025089
0.025088
0.025074
0.024989
0.024984
0.025114
0.025038
0.025055
0.025071
0.025149
0.024905
0.025113
0.024870
0.025025
0.024938
0.024977
0.025116
0.025041
0.024829
0.025055
0.024934
0.024969
0.025057
0.020603
0.020756
0.020682
0.020736
0.020679
0.020745
0.020693
0.020783
0.020732
0.020593
0.020711
0.020682
0.020636
0.020662
0.020673
0.020614
0.020622
0.020604
0.020739
0.020672
0.020629
0.020600
0.020642
0.020466
0.020716
0.020597
0.020619
0.020552
0.020588
0.020670
0.020635
0.020679
0.020633
0.020472
0.020485
0.020463
0.020535
0.020579
0.020637
0.020840
0.021015
0.020950
0.020960
0.020895
0.020983
0.020905
0.021008
0.020858
0.020985
0.020941
0.020931
0.020925
0.020991
0.021054
0.021007
0.020841
0.021025
0.020879
0.021088
0.020926
0.021069
0.020852
0.020964
0.020981
0.020969
0.020971
0.021030
0.020885
0.020982
0.020908
0.020953
0.020857
0.020808
0.020953
0.020773
0.020947
0.020948
0.020964
0.020835
0.020930
0.020869
0.021067
0.020851
0.020890
0.021038
0.020928
0.020895
0.020938
0.020894
0.020923
0.020779
0.021141
0.025101
0.024912
0.024960
0.024891
0.025152
0.024989
0.024946
0.025034
0.025081
0.024894
0.024999
0.024932
0.024959
0.024922
0.024868
0.025008
0.025081
0.025151
0.025070
0.024923
0.024961
0.025179
0.025002
0.025029
0.024971
0.025017
0.025200
0.025037
0.024891
0.025079
0.024879
0.024985
0.025011
0.025009
0.025047
0.025146
0.025136
0.025031
