0.010206
0.014600
0.020981
0.021102
0.023081
0.025006
0.025021
0.024967
0.025103
0.025078
0.025063
0.024926
0.024910
0.024753
0.024886
0.025024
0.024750
0.024878
0.025054
0.024982
0.024934
0.024863
0.025005
0.024992
0.025025
0.024925
0.024919
0.025067
0.024837
0.024915
0.024959
0.025064
0.024884
0.024863
0.024919
0.025031
0.025001
0.025069
0.025143
0.024925
0.024921
0.024856
0.024982
0.025051
0.024970
0.024934
0.024943
0.025069
0.025063
0.025072
0.025072
0.024960
0.024935
0.024936
0.024995
0.025016
0.024946
0.024939
0.025136
0.025085
0.024944
0.024931
0.025083
0.025146
0.025044
0.025088
0.025183
0.025128
0.025036
0.024845
0.024936
0.024995
0.025054
0.025005
0.024986
0.025010
0.025034
0.025000
0.024979
0.024873
0.025019
0.024916
0.025058
0.025028
0.024914
0.024992
0.025049
0.025058
0.025143
0.025031
0.024962
0.025123
0.025011
0.025044
0.025149
0.025043
0.025120
0.025092
0.025107
0.024924
0.025039
0.024943
0.025014
0.025079
0.025158
0.025014
0.024882
0.024961
0.025065
0.025014
0.025043
0.024977
0.025065
0.024940
0.024924
0.024972
0.024963
0.024852
0.024896
0.024908
0.025037
0.025054
0.025092
0.025182
0.025106
0.024898
0.025135
0.025076
0.024949
0.024994
0.025089
0.025103
0.024998
0.024999
0.025135
0.024981
0.025042
0.024995
0.025216
0.025253
0.024953
0.024963
0.024907
0.025082
0.025041
0.025028
0.025049
0.025021
0.025044
0.025004
0.025046
0.024990
0.024923
0.025065
0.025161
0.025010
0.024918
0.024998
0.025056
0.024951
0.025049
0.025011
0.025087
0.025064
0.025125
0.025071
0.024934
0.024966
0.025211
0.025102
0.024987
0.025010
0.025111
0.025014
0.024922
0.025050
0.024946
0.025076
0.025057
0.025084
0.025022
0.024996
0.025111
0.024992
0.024970
0.024987
0.025005
0.025086
0.024997
0.025047
0.025054
0.024978
0.025011
0.025023
0.025088
0.024996
0.025024
0.025063
0.025039
0.025020
0.024966
0.024897
0.024952
0.025052
0.025094
0.025095
0.024925
0.024952
0.025051
0.024949
0.025023
0.024954
0.025115
0.025074
0.025055
0.025172
0.025083
0.024966
0.025135
0.024975
0.024974
0.024976
0.024975
0.025014
0.025051
0.025006
0.024962
0.025109
0.025197
0.025025
0.024984
0.025091
0.025024
0.024980
0.025082
0.024945
0.024911
0.025019
0.025124
0.025005
0.025112
0.025162
0.024946
0.025012
0.025005
0.024954
0.024965
0.025057
0.024944
0.025015
0.025065
0.025086
0.025065
0.025043
0.025032
0.025083
0.025030
0.025023
0.024962
0.024940
0.025049
0.025085
0.025019
0.025091
0.025099
0.024997
0.025065
0.025014
0.025022
0.025058
0.025065
0.025009
0.024994
0.025042
0.025043
0.024927
0.025060
0.025016
0.025009
0.024950
0.025024
0.025008
0.024985
0.025021
0.024985
0.025038
0.025038
0.025074
0.025064
0.025018
0.025129
0.025112
0.025057
0.024962
0.025016
0.025104
0.025102
0.025000
0.025000
0.024974
0.022970
0.015203
0.026785
0.015194
0.027169
0.014897
0.026894
0.014970
0.026883
0.014916
0.027069
0.014905
0.027009
0.022986
0.015208
0.026593
0.015183
0.018754
0.027087
0.015233
0.026680
0.022958
0.015125
0.026837
0.015074
0.026757
0.015341
0.018619
0.027195
0.014966
0.026967
0.016946
0.026830
0.015113
0.026759
0.015148
0.026820
0.015105
0.025429
0.021010
0.017213
0.025468
0.017057
0.025507
0.016967
0.025381
0.017070
0.025514
0.021048
0.017134
0.025534
0.021192
0.017288
0.025404
0.017010
0.025570
0.016948
0.025486
0.016958
0.025611
0.016980
0.025398
0.021116
0.021391
0.021407
0.021837
0.021265
0.021465
0.015377
0.027320
0.021192
0.021651
0.021534
0.021264
0.021559
0.021784
0.021178
0.021276
0.021588
0.021611
0.021690
0.021436
0.021644
0.021938
0.021169
0.023797
0.028999
0.021546
0.019015
0.033228
0.021327
0.029227
0.021328
0.029217
0.021271
0.029186
0.021312
0.029266
0.021351
0.029103
0.021320
0.029218
0.021365
0.029257
0.021296
0.029238
0.021308
0.029171
0.021172
0.029112
0.021350
0.029136
0.021276
0.029081
0.021330
0.029247
0.021262
0.029095
0.023052
0.019196
0.018960
0.024677
0.019195
0.014994
0.028661
0.019103
0.018920
0.024772
0.019231
0.014914
0.027123
0.014907
0.027084
0.014943
0.028791
0.019186
0.014856
0.027084
0.014910
0.027087
0.022834
0.019158
0.014936
0.028792
0.019261
0.014839
0.027044
0.014916
0.026998
0.014848
0.026995
0.014944
0.027138
0.014837
0.025310
0.024577
0.019155
0.014793
0.025705
0.023002
0.015112
0.021419
0.027225
0.023230
0.021468
0.013360
0.025738
0.022954
0.015062
0.027193
0.015175
0.027306
0.023118
0.013370
0.027301
0.015118
0.027333
0.015157
0.027255
0.015180
0.027271
0.015125
0.027277
0.015080
0.027333
0.023131
0.017552
0.023291
0.023148
0.013465
0.027272
0.023025
0.017436
0.023234
0.019232
0.023338
0.015023
0.027215
0.015050
0.027246
0.023098
0.017459
0.023210
0.023178
0.017495
0.021430
0.023118
0.021549
0.028774
0.021330
0.029214
0.021307
0.029225
0.021226
0.029200
0.021215
0.029280
0.021218
0.029221
0.021169
0.029334
0.021295
0.029359
0.021281
0.029222
0.021288
0.029271
0.021140
0.029151
0.021129
0.029095
0.021338
0.029183
0.021227
0.029196
0.021256
0.029219
0.021334
0.029104
0.021305
0.029260
0.021426
0.029165
0.021402
0.029193
0.021188
0.029108
0.021271
0.029259
0.021117
0.029244
0.021170
0.029210
0.021243
0.029164
0.021238
0.029195
0.021203
0.029194
0.021296
0.029239
0.021198
0.029153
0.021384
0.029306
0.021307
0.029172
0.021231
0.029238
0.021276
0.029302
0.021276
0.029226
0.021205
0.029209
0.021263
0.029290
0.021206
0.029104
0.021209
0.029262
0.021238
0.029206
0.021253
0.029117
0.021226
0.029170
0.021289
0.029212
0.021255
0.029156
0.021305
0.029192
0.021157
0.029197
0.021365
0.029340
0.021304
0.029051
0.021266
0.029302
0.021294
0.029164
0.021327
0.029253
0.021136
0.029271
0.021186
0.029199
0.021277
0.029185
0.021257
0.029373
0.021308
0.029091
0.021290
0.029258
0.021243
0.029176
0.021277
0.029106
0.021313
0.029266
0.021396
0.029267
0.021243
0.029131
0.021316
0.029160
0.021212
0.029255
0.021305
0.029256
0.021303
0.029180
0.021323
0.029288
0.021246
0.029256
0.021291
0.029120
0.021196
0.029199
0.021259
0.029155
0.021174
0.029122
0.021285
0.029162
0.021329
0.029302
0.021357
0.029400
0.021195
0.029124
0.021378
0.029202
0.021186
0.029120
0.021271
0.029267
0.021187
0.029085
0.021349
0.029244
0.021189
0.029159
0.021206
0.029234
0.021133
0.029195
0.021195
0.029108
0.021322
0.029068
0.021192
0.029205
0.021318
0.029263
0.021318
0.029157
0.017284
0.033190
0.021294
0.029220
0.021247
0.029340
0.021417
0.029233
0.021103
0.029193
0.021386
0.029298
0.021249
0.029173
0.021237
0.029139
0.021191
0.029257
0.021289
0.029126
0.021271
0.029240
0.021297
0.029211
0.021314
0.029196
0.021474
0.029185
0.021222
0.029266
0.021374
0.029262
0.021247
0.029199
0.021275
0.029165
0.021307
0.029383
0.021258
0.029146
0.021178
0.029113
0.021323
0.029096
0.021192
0.029386
0.021293
0.029144
0.021303
0.029124
0.021343
0.029264
0.021240
0.029129
0.021390
0.029206
0.021254
0.029294
0.021275
0.029061
0.021381
0.029201
0.021231
0.029147
0.021253
0.029151
0.021246
0.029041
0.021207
0.029156
0.021287
0.029201
0.021338
0.029081
0.021224
0.029098
0.021238
0.029184
0.021248
0.029181
0.021315
0.029145
0.021284
0.029202
0.021166
0.029190
0.021388
0.029261
0.021243
0.029080
0.021330
0.029328
0.021314
0.029220
0.021373
0.029203
0.021174
0.029064
0.021291
0.029199
0.021318
0.029215
0.021267
0.029249
0.021098
0.029210
0.021198
0.029265
0.021246
0.029222
0.021337
0.029274
0.021149
0.029300
0.021230
0.029167
0.021306
0.029139
0.021307
0.029266
0.017270
0.033177
0.021212
0.029213
0.021261
0.029379
0.021294
0.029181
0.021230
0.029307
0.021275
0.029329
0.021222
0.029234
0.021365
0.029223
0.021269
0.029226
0.021333
0.029171
0.021252
0.029216
0.021322
0.029199
0.021214
0.029279
0.021293
0.029155
0.021243
0.029168
0.021337
0.029232
0.021243
0.029188
0.021395
0.029220
0.021328
0.029389
0.021264
0.029268
0.021380
0.029303
0.021358
0.029366
0.021291
0.029167
0.021257
0.029329
0.021354
0.029281
0.021298
0.029216
0.021288
0.029219
0.021255
0.029222
0.021344
0.029333
0.021336
0.029251
0.021292
0.029340
0.021272
0.029214
0.021296
0.029403
0.021317
0.029254
0.021378
0.029180
0.021294
0.029179
0.021270
0.029239
0.021255
0.029281
0.021260
0.029270
0.021427
0.029253
0.021296
0.029324
0.021171
0.029149
0.021410
0.029151
0.021400
0.029286
0.021284
0.029230
0.021325
0.029144
0.021281
0.029108
0.021275
0.029266
0.021256
0.029234
0.021326
0.029302
0.021386
0.029237
0.021232
0.029194
0.021255
0.029204
0.021289
0.029207
0.021428
0.029182
0.019094
0.016863
0.028671
0.019327
0.014953
0.026920
0.015123
0.027128
0.015002
0.027026
0.014778
0.027042
0.014929
0.027137
0.014886
0.026965
0.022902
0.019101
0.014855
0.027052
0.023035
0.017333
0.024673
0.019221
0.014979
0.027049
0.014950
0.027022
0.014920
0.027113
0.020836
0.015073
0.027034
0.021003
0.015059
0.027032
0.015016
0.027098
0.014955
0.021446
0.025308
0.023353
0.021367
0.023075
0.017583
0.021174
0.021334
0.021450
0.021360
0.021406
0.021457
0.021418
0.021469
0.021604
0.021466
0.021615
0.021464
0.021482
0.021472
0.021569
0.021477
0.021470
0.021436
0.023641
0.023165
0.017393
0.023327
0.023177
0.017396
0.023398
0.021530
0.023070
0.017492
0.023265
0.023085
0.013609
0.027325
0.023044
0.013479
0.027189
0.023109
0.017306
0.011164
0.022955
0.011139
0.021131
0.013041
0.030989
0.019237
