0.017946
0.025086
0.021524
0.019112
0.033344
0.021427
0.029152
0.021361
0.029300
0.021231
0.029390
0.021431
0.029154
0.021284
0.029122
0.021378
0.029196
0.021423
0.029294
0.021455
0.029164
0.021271
0.029175
0.021448
0.029275
0.021487
0.029253
0.021359
0.029269
0.021348
0.029094
0.021291
0.029186
0.021324
0.029155
0.021394
0.029226
0.021188
0.029169
0.021372
0.029259
0.021329
0.029206
0.021273
0.029202
0.021353
0.029240
0.021529
0.029215
0.021484
0.025278
0.014897
0.027144
0.015023
0.028529
0.019237
0.015134
0.028679
0.019335
0.017502
0.024719
0.018673
0.010915
0.020972
0.012801
0.020921
0.012604
0.020927
0.012625
0.020925
0.012579
0.020881
0.018621
0.010939
0.020779
0.012675
0.020857
0.012697
0.020944
0.012680
0.020936
0.012624
0.020884
0.018500
0.016924
0.016879
0.016984
0.010963
0.020848
0.012631
0.020946
0.012654
0.020814
0.012753
0.020938
0.018717
0.017175
0.011347
0.020984
0.012725
0.021241
0.012746
0.021163
0.012791
0.021103
0.012850
0.021311
0.012861
0.021351
0.017184
0.017463
0.017580
0.017517
0.017219
0.017509
0.017338
0.017450
0.015613
0.021009
0.013872
0.020738
0.017487
0.013204
0.013195
0.013170
0.009175
0.013011
0.012812
0.017438
0.013136
0.013121
0.013160
0.013230
0.013088
0.013074
0.013102
0.013188
0.013220
0.013182
0.013103
0.016709
0.016764
0.016760
0.016717
0.016704
0.016712
0.016764
0.016743
0.016773
0.016777
0.016752
0.016677
0.016762
0.016682
0.016778
0.016681
0.019003
0.020775
0.020805
0.020663
0.020757
0.020583
0.020753
0.020752
0.020829
0.020577
0.020849
0.020717
0.020794
0.020697
0.020833
0.020969
0.021024
0.021023
0.021153
0.021023
0.020986
0.021022
0.020961
0.021057
0.021099
0.020986
0.021065
0.021088
0.021029
0.021053
0.021051
0.021067
0.021012
0.021065
0.021194
0.021191
0.021143
0.021024
0.021015
0.021150
0.021011
0.020983
0.021026
0.021127
0.021042
0.021087
0.021016
0.021043
0.021054
0.021037
0.021118
0.020985
0.021087
0.021179
0.020997
0.020974
0.020908
0.020981
0.021009
0.021046
0.021078
0.021071
0.021140
0.021021
0.021120
0.021045
0.021004
0.021012
0.025004
0.025186
0.025060
0.025044
0.025067
0.025074
0.025117
0.025060
0.025136
0.025046
0.025103
0.025143
0.025057
0.025065
0.025183
0.025119
0.025070
0.024999
0.025238
0.025123
0.025056
0.025151
0.025190
0.025049
0.025137
0.024972
0.025200
0.025045
0.025079
0.025065
0.024995
0.024993
0.025123
0.025218
0.025219
0.025180
0.025142
0.025118
0.025048
0.024900
0.025068
0.025014
0.025027
0.025080
0.025108
0.025017
0.025210
0.025196
0.025044
0.025253
0.025086
0.025149
0.025206
0.025052
0.025043
0.025124
0.025171
0.025229
0.025143
0.025107
0.025136
0.025003
0.025082
0.024914
0.025103
0.025066
0.025062
0.025185
0.025110
0.025157
0.025131
0.024973
0.025048
0.025166
0.025117
0.025027
0.025133
0.025125
0.025229
0.025088
0.025225
0.025041
0.024973
0.025144
0.025087
0.025064
0.025158
0.025207
0.025133
0.025157
0.025056
0.025213
0.025085
0.025059
0.024981
0.025049
0.025059
0.025134
0.025125
0.025233
0.025166
0.025102
0.025168
0.025177
0.025077
0.025048
0.025113
0.025147
0.025027
0.025215
0.025115
0.025186
0.025059
0.025036
0.025091
0.025101
0.024990
0.025124
0.025130
0.025131
0.025117
0.025108
0.025024
0.025137
0.025153
0.025064
0.025231
0.025145
0.025090
0.025167
0.025135
0.025119
0.025047
0.025144
0.025146
0.025130
0.025070
0.024996
0.025096
0.025142
0.025153
0.025108
0.025123
0.025035
0.025068
0.025001
0.025124
0.025070
0.025204
0.025194
0.024960
0.025178
0.025083
0.025134
0.024917
0.025064
0.025174
0.025222
0.025117
0.025120
0.025110
0.025228
0.025134
0.025155
0.025170
0.025244
0.025186
0.025182
0.025072
0.025140
0.025211
0.025272
0.025192
0.025114
0.025127
0.025212
0.025137
0.025015
0.025050
0.024996
0.025010
0.025110
0.025187
0.025287
0.025217
0.025021
0.025148
0.025039
0.025131
0.025236
0.025151
0.025170
0.025069
0.025149
0.025177
0.025091
0.025032
0.025107
0.025193
0.025195
0.024987
0.025147
0.025147
0.025150
0.025082
0.025127
0.025053
0.025197
0.025210
0.025025
0.025250
0.025188
0.025266
0.025320
0.025227
0.025138
0.025198
0.025093
0.025099
0.025200
0.025190
0.025043
0.025001
0.025111
0.025087
0.025136
0.025119
0.025094
0.025215
0.025275
0.025158
0.025007
0.025091
0.025122
0.025205
0.025157
0.025089
0.025165
0.025257
0.025150
0.025079
0.024907
0.024975
0.025186
0.025113
0.025100
0.025194
0.025151
0.025099
0.025166
0.025093
0.025124
0.024973
0.025110
0.024981
0.025270
0.025222
0.025184
0.025073
0.025066
0.025165
0.025305
0.025222
0.025144
0.025101
0.025150
0.025083
0.025062
0.025061
0.025229
0.025085
0.025106
0.025129
0.025245
0.025220
0.025096
0.025097
0.025172
0.025151
0.025244
0.025071
0.025117
0.025162
0.025138
0.025174
0.025115
0.025118
0.025191
0.025135
0.025096
0.025117
0.025268
0.025212
0.025250
0.025147
0.025202
0.025028
0.025158
0.025179
0.025119
0.025188
0.025064
0.025105
0.025009
0.025147
0.025029
0.025098
0.024999
0.025105
0.024986
0.025172
0.025205
0.025081
0.025171
0.025175
0.025229
0.025145
0.025117
0.025070
0.025024
0.024972
0.025189
0.025044
0.025175
0.025110
0.025215
0.025208
0.025057
0.025134
0.025022
0.025160
0.025147
0.021036
0.020877
0.020817
0.020904
0.020786
0.020777
0.020773
0.020813
0.020863
0.020851
0.020815
0.020877
0.020687
0.020587
0.020686
0.020863
0.020702
0.020790
0.020718
0.020761
0.020758
0.020669
0.020879
0.020871
0.020733
0.020793
0.020541
0.020679
0.020660
0.020707
0.020677
0.020811
0.020681
0.020810
0.020727
0.020674
0.020804
0.020746
0.020838
0.020995
0.021070
0.021108
0.021044
0.021059
0.021071
0.021054
0.020914
0.021084
0.020998
0.021013
0.020925
0.021221
0.021000
0.021064
0.021034
0.021037
0.021105
0.021032
0.021015
0.021173
0.021066
0.021110
0.021119
0.021136
0.021001
0.021174
0.020935
0.021014
0.020900
0.021051
0.021060
0.021021
0.020992
0.020960
0.020987
0.020993
0.020972
0.021038
0.021014
0.021176
0.021034
0.020983
0.020854
0.021076
0.020884
0.020966
0.020901
0.020911
0.020920
0.020928
0.021014
0.021028
0.025048
0.025170
0.025070
0.025083
0.025009
0.025015
0.025158
0.025002
0.025028
0.025011
0.025070
0.025110
0.025027
0.025050
0.024965
0.025182
0.025146
0.025032
0.025038
0.025131
0.025136
0.025063
0.024939
0.025220
0.025197
0.025280
0.025122
0.025137
0.025032
0.025140
0.025015
0.025076
0.025077
0.024987
0.025002
0.025006
0.025149
0.025049
0.025063
0.025067
0.025158
0.025115
0.025014
0.025164
0.024987
0.025105
0.024973
0.025009
0.024954
0.025031
0.025164
0.025236
0.025022
0.025102
0.025144
0.024984
0.024850
0.025107
0.025133
0.025022
0.025109
0.025103
0.024987
0.025078
0.025143
0.025095
0.025044
0.025150
0.025224
0.025194
0.025180
0.025103
0.025157
0.024983
0.024949
0.025042
0.025034
0.025070
0.024987
0.025245
0.025132
0.025120
0.025136
0.024981
0.025030
0.025197
0.025153
0.025251
0.025287
0.025205
0.025034
0.025067
0.025157
0.025079
0.025280
0.025127
0.025032
0.025056
0.025045
0.025116
0.025004
0.025044
0.025134
0.025142
0.025093
0.025067
0.025069
0.025154
0.025113
0.025051
0.025057
0.024954
0.025055
0.025160
0.025096
0.025146
0.025243
0.024933
0.024997
0.025043
0.025193
0.025137
0.025006
0.025060
0.025117
0.025268
0.025192
0.025203
0.025130
0.025179
0.024947
0.025111
0.025082
0.025179
0.025136
0.025146
0.024908
0.025118
0.024966
0.024986
0.025023
0.025113
0.025022
0.025106
0.024949
0.025120
0.025031
0.025124
0.025068
0.025147
0.025040
0.025064
0.025093
0.025123
0.024964
0.025088
0.025118
0.025208
0.024978
0.025144
0.025164
0.025017
0.024923
0.025163
0.025110
0.025022
0.025130
0.025177
0.025065
0.025109
0.024990
0.025234
0.025084
0.025181
0.025054
0.025084
0.025139
0.025126
0.025089
0.025126
0.025106
0.025177
0.025007
0.025135
0.025000
0.025098
0.025001
0.025099
0.025051
0.025021
0.025114
0.025213
0.025147
0.025035
0.025123
0.025122
0.025020
0.024926
0.025103
0.025077
0.025019
0.025110
0.025177
0.025195
0.025210
0.025211
0.025111
0.025287
0.025175
0.024983
0.025105
0.025258
0.025142
0.025056
0.025057
0.025131
0.025070
0.025197
0.025075
0.025122
0.024920
0.025047
0.025134
0.025182
0.025135
0.025270
0.025153
0.025285
0.025119
0.025139
0.025236
0.025237
0.025002
0.025170
0.025041
0.025025
0.025141
0.025156
0.025206
0.025089
0.024960
0.025052
0.025111
0.025197
0.025119
0.025175
0.025244
0.025056
0.025118
0.025159
0.025118
0.025097
0.025153
0.022890
0.020768
0.020776
0.020768
0.020760
0.020578
0.020686
0.020804
0.020746
0.020630
0.020815
0.020741
0.020735
0.020771
0.020873
0.020646
0.020918
0.020637
0.020797
0.020697
0.020717
0.020714
0.020700
0.020644
0.020861
0.020653
0.020773
0.020795
0.020720
0.020752
0.020733
0.020675
0.020791
0.020631
0.020669
0.020762
0.020771
0.020847
0.020724
0.020916
0.021206
0.020958
0.020999
0.020957
0.021028
0.021002
0.021122
0.021104
0.021009
