0.008117
0.020702
0.025005
0.024894
0.025050
0.025101
0.025172
0.024990
0.025005
0.025157
0.024946
0.024963
0.025090
0.025042
0.025005
0.025058
0.025208
0.024889
0.024938
0.025036
0.024772
0.024890
0.025015
0.025069
0.024970
0.024956
0.024893
0.024955
0.024878
0.025038
0.025015
0.024842
0.025021
0.025076
0.025025
0.024976
0.025019
0.024870
0.025072
0.024909
0.025072
0.024865
0.025101
0.025083
0.024912
0.025129
0.025199
0.025134
0.025139
0.025133
0.024902
0.024991
0.025007
0.024945
0.025135
0.024966
0.024978
0.024996
0.025016
0.024976
0.025101
0.025066
0.024989
0.024881
0.025002
0.024876
0.025000
0.024968
0.024924
0.025182
0.025061
0.025101
0.025120
0.024957
0.025102
0.024986
0.024985
0.025053
0.024996
0.025155
0.025030
0.024968
0.024963
0.024959
0.024981
0.025120
0.024896
0.024991
0.025077
0.025021
0.024928
0.025019
0.025092
0.025054
0.024816
0.024800
0.024936
0.025055
0.024896
0.024983
0.024901
0.025104
0.025089
0.025000
0.025107
0.025046
0.025086
0.024967
0.025039
0.025165
0.025182
0.024991
0.025025
0.025151
0.025117
0.025123
0.025019
0.024926
0.025106
0.024981
0.024936
0.024932
0.025215
0.025034
0.024953
0.024991
0.025012
0.024945
0.024952
0.025059
0.024968
0.024926
0.024893
0.025012
0.025069
0.025065
0.025050
0.024933
0.025046
0.024872
0.025006
0.025200
0.025112
0.025053
0.025049
0.025035
0.025212
0.025027
0.024974
0.025137
0.025033
0.024947
0.025150
0.025057
0.025043
0.025001
0.025018
0.025069
0.025087
0.024817
0.024997
0.025135
0.025109
0.025123
0.025203
0.025007
0.025148
0.025014
0.025131
0.024969
0.025076
0.025053
0.025168
0.025018
0.025148
0.025132
0.025179
0.025153
0.025009
0.025045
0.025247
0.025125
0.025087
0.025021
0.025146
0.025123
0.025107
0.024950
0.025060
0.024991
0.025021
0.025000
0.025031
0.025078
0.025003
0.025033
0.025154
0.025074
0.024993
0.024971
0.024922
0.024994
0.024890
0.024887
0.025122
0.024943
0.025027
0.025096
0.025011
0.024975
0.025089
0.025107
0.025221
0.024972
0.025136
0.024982
0.025045
0.025023
0.025042
0.024987
0.024929
0.025054
0.024925
0.025080
0.025095
0.025108
0.024848
0.025112
0.025027
0.024951
0.025038
0.025048
0.025089
0.025140
0.025038
0.024980
0.025152
0.025180
0.024971
0.025093
0.025090
0.025000
0.025198
0.025053
0.025007
0.024934
0.025090
0.025140
0.025018
0.025200
0.024920
0.025087
0.024975
0.025095
0.024914
0.025074
0.025182
0.024922
0.025013
0.025049
0.025102
0.024897
0.025071
0.025039
0.025115
0.024984
0.025222
0.024879
0.025003
0.025078
0.025041
0.025091
0.025057
0.025203
0.025068
0.024995
0.024976
0.025053
0.025149
0.025100
0.025077
0.025066
0.024910
0.025150
0.025164
0.025042
0.025089
0.024972
0.024863
0.025012
0.024960
0.024937
0.024998
0.024773
0.025099
0.025149
0.025073
0.025015
0.025092
0.024991
0.025222
0.024966
0.025089
0.025059
0.024890
0.024950
0.025089
0.025149
0.025127
0.025130
0.025114
0.025125
0.025106
0.025002
0.024974
0.024957
0.025009
0.025003
0.025060
0.025029
0.025170
0.024962
0.025072
0.025018
0.025109
0.025007
0.025029
0.024947
0.025023
0.024992
0.025141
0.025145
0.024975
0.024985
0.025006
0.024998
0.025011
0.025115
0.025019
0.025039
0.025049
0.024865
0.025104
0.025102
0.025031
0.025067
0.024823
0.024981
0.025040
0.024978
0.025105
0.025076
0.025115
0.025046
0.025067
0.024929
0.025048
0.024870
0.025089
0.022805
0.020799
0.020612
0.020777
0.020756
0.020794
0.020751
0.020750
0.020785
0.020707
0.020725
0.020790
0.020710
0.020713
0.020810
0.020652
0.020706
0.020809
0.020725
0.020706
0.020758
0.020625
0.020783
0.020756
0.020822
0.020699
0.020786
0.020835
0.020676
0.020545
0.020747
0.020744
0.020615
0.020768
0.020653
0.020538
0.020672
0.020801
0.020673
0.020751
0.020910
0.020864
0.020969
0.020963
0.020872
0.020916
0.021095
0.020905
0.020896
0.021031
0.021022
0.020994
0.020811
0.020907
0.020911
0.020741
0.020853
0.020973
0.020966
0.020953
0.020989
0.020818
0.020893
0.020971
0.020845
0.020988
0.020917
0.020870
0.020907
0.020871
0.020920
0.020783
0.020868
0.021107
0.020921
0.021016
0.020836
0.020936
0.020954
0.021022
0.020830
0.020946
0.020841
0.020924
0.020811
0.021024
0.020920
0.021040
0.020790
0.021012
0.020975
0.020910
0.020878
0.024744
0.024992
0.024953
0.024949
0.024982
0.024922
0.024895
0.025023
0.025005
0.025090
0.024969
0.025098
0.024916
0.025073
0.024787
0.025032
0.024999
0.024911
0.024982
0.024950
0.024906
0.024906
0.025076
0.025067
0.024854
0.025075
0.025056
0.025095
0.024879
0.024848
0.024872
0.025008
0.024899
0.025022
0.024943
0.025042
0.024974
0.020711
0.020675
0.020496
0.020601
0.020716
0.020713
0.020612
0.020578
0.020770
0.020639
0.020633
0.020522
0.020610
0.020690
0.020682
0.020624
0.020716
0.020800
0.020684
0.020617
0.020651
0.020738
0.020829
0.020691
0.020598
0.020674
0.020589
0.020594
0.020682
0.020681
0.020646
0.020581
0.020533
0.020714
0.020656
0.020482
0.020677
0.020510
0.020781
0.020874
0.020808
0.020771
0.020819
0.020869
0.020794
0.020924
0.021011
0.020854
0.020895
0.020915
0.021010
0.020992
0.020992
0.020832
0.020900
0.020871
0.020945
0.020801
0.020992
0.020889
0.020791
0.020779
0.020817
0.020916
0.020947
0.020921
0.020844
0.020730
0.020982
0.021055
0.020858
0.020846
0.021024
0.020952
0.020798
0.020824
0.020908
0.020896
0.020787
0.020835
0.021004
0.020911
0.020876
0.020911
0.020806
0.020999
0.020798
0.020820
0.021026
0.021036
0.021129
0.020961
0.024881
0.024910
0.024954
0.025109
0.024956
0.025017
0.024978
0.024946
0.024855
0.024954
0.024966
0.024983
0.024906
0.024929
0.024970
0.024855
0.025015
0.024913
0.025128
0.024979
0.024976
0.025124
0.025020
0.024991
0.025016
0.025066
0.024923
0.025026
0.025005
0.025128
0.025134
0.025003
0.025102
0.024823
0.024999
0.024899
0.025063
0.025176
0.025023
0.025093
0.025014
0.024989
0.025071
0.024970
0.025027
0.024949
0.024978
0.024783
0.025000
0.024865
0.024917
0.025034
0.024899
0.024901
0.025051
0.024921
0.025116
0.025030
0.025035
0.025040
0.024990
0.024971
0.024894
0.024965
0.025028
0.024872
0.025125
0.024935
0.024879
0.025069
0.024960
0.025004
0.024952
0.025088
0.024903
0.024916
0.024966
0.024953
0.024931
0.024891
0.024892
0.025018
0.024971
0.024990
0.024963
0.024894
0.024922
0.025003
0.024890
0.024911
0.024768
0.024767
0.024988
0.024889
0.025103
0.024928
0.025017
0.025041
0.024934
0.025028
0.025074
0.024961
0.024923
0.025036
0.024885
0.024937
0.024949
0.024885
0.024846
0.025000
0.024913
0.024870
0.024783
0.024840
0.025058
0.024969
0.025020
0.024738
0.024934
0.025029
0.025051
0.024872
0.025044
0.024957
0.024898
0.025166
0.024962
0.024776
0.024896
0.024922
0.025027
0.024966
0.025011
0.024784
0.024910
0.024947
0.024879
0.024883
0.024951
0.024925
0.024973
0.024902
0.024946
0.025038
0.024917
0.024980
0.024975
0.024958
0.025056
0.024769
0.024851
0.025016
0.024964
0.024996
0.025120
0.024840
0.024848
0.024804
0.024931
0.024828
0.024817
0.024773
0.024916
0.024805
0.024966
0.025060
0.024882
0.024953
0.024873
0.024858
0.024929
0.025006
0.024967
0.024860
0.024853
0.024707
0.024817
0.024966
0.024826
0.024951
0.024971
0.025118
0.024785
0.024755
0.024791
0.024902
0.024910
0.025068
0.025000
0.024857
0.025048
0.024940
0.024962
0.024895
0.024961
0.024979
0.024992
0.024830
0.024936
0.024920
0.025129
0.024924
0.024908
0.024787
0.024945
0.024911
0.024864
0.024941
0.025031
0.024921
0.024906
0.024847
0.024903
0.024890
0.024894
0.024887
0.024915
0.024948
0.024988
0.025025
0.024955
0.024958
0.024843
0.024926
0.024948
0.025114
0.024866
0.024943
0.024844
0.024801
0.024982
0.025005
0.024908
0.025175
0.025053
0.024966
0.024982
0.024925
0.025144
0.025067
0.025041
0.024867
0.025100
0.025057
0.020850
0.020561
0.020647
0.020537
0.020532
0.020721
0.020675
0.020660
0.020713
0.020573
0.020706
0.020484
0.020673
0.020515
0.020634
0.020536
0.020553
0.020709
0.025419
0.018370
0.010859
0.020814
0.018447
0.010937
0.020786
0.018407
0.010770
0.020792
0.012616
0.022399
0.010858
0.020715
0.018573
0.010863
0.020782
0.012602
0.020766
0.018592
0.010863
0.022286
0.010845
0.020713
0.018478
0.010916
0.020984
0.018724
0.014987
0.018812
0.015043
0.012734
0.021074
0.012670
0.021260
0.018775
0.014986
0.012678
0.022739
0.015048
0.012601
0.021112
0.012571
0.021107
0.012635
0.021179
0.012683
0.021147
0.013166
0.017349
0.020990
0.017382
0.017305
0.017295
0.017264
0.017284
0.012851
0.017355
0.017190
0.021072
0.017217
0.017252
0.017125
0.017188
0.017142
0.017157
0.017190
0.017210
0.017036
0.017439
0.017215
0.017206
0.018957
0.019510
0.023090
0.017495
0.023119
0.023041
0.017455
0.023095
0.023035
0.017447
0.023081
0.023024
0.013379
0.025456
0.022919
0.023149
0.017390
0.023086
0.022996
0.017363
0.023107
0.021396
0.015023
0.027334
0.025205
0.021316
0.029012
0.021154
0.028922
0.021079
0.029119
0.021328
0.029158
0.021266
0.029126
0.021224
0.029020
0.021259
0.029055
0.021047
0.028969
0.021278
0.029198
0.021408
0.029197
0.021231
0.029150
0.021400
0.029252
0.021333
0.029240
0.021328
0.029130
0.021297
0.029237
0.021430
0.029202
0.021366
0.029381
0.021425
0.029246
0.021175
0.029007
0.021151
0.029076
0.021194
0.029055
0.021311
0.029196
0.021090
0.028993
0.021303
0.029098
0.021218
0.029082
0.021200
0.028998
0.019110
0.024576
0.015194
0.026612
0.015108
0.018764
0.028779
0.015099
