0.008138
0.020644
0.025192
0.025067
0.025079
0.025075
0.025054
0.025141
0.025000
0.025100
0.024973
0.025163
0.025112
0.025167
0.025004
0.025100
0.025178
0.025162
0.025094
0.025134
0.025060
0.025163
0.025177
0.024978
0.025067
0.025255
0.025321
0.025207
0.025139
0.025135
0.025165
0.025067
0.025084
0.025026
0.025057
0.025074
0.025012
0.025187
0.025080
0.025119
0.025115
0.025134
0.025217
0.025045
0.025206
0.025037
0.025227
0.024981
0.025027
0.024971
0.025089
0.025062
0.025229
0.025153
0.025028
0.025321
0.025124
0.024851
0.025157
0.025079
0.025137
0.025070
0.025104
0.025111
0.025031
0.025131
0.025137
0.025010
0.025180
0.025273
0.025239
0.025175
0.025148
0.025216
0.025101
0.024989
0.025088
0.025014
0.025091
0.025013
0.025192
0.025252
0.025159
0.025157
0.025043
0.025082
0.025132
0.025188
0.025271
0.025280
0.025267
0.025129
0.025081
0.025227
0.025068
0.025164
0.025313
0.024976
0.025149
0.025052
0.025244
0.025012
0.025102
0.025095
0.025275
0.025150
0.025013
0.025112
0.025249
0.025086
0.025146
0.025020
0.025097
0.024986
0.025181
0.025127
0.025212
0.025200
0.025112
0.024936
0.025087
0.025107
0.025239
0.025045
0.025140
0.024994
0.025276
0.025198
0.025182
0.025195
0.025207
0.025050
0.025100
0.025267
0.025018
0.025199
0.025244
0.025050
0.025018
0.025066
0.025041
0.024956
0.025160
0.025140
0.025005
0.025105
0.024990
0.025099
0.025167
0.025136
0.025152
0.025065
0.025130
0.025091
0.025235
0.025016
0.025085
0.025082
0.025224
0.025131
0.025155
0.025174
0.025057
0.025082
0.025076
0.025207
0.025053
0.025160
0.025220
0.025134
0.025155
0.025102
0.025094
0.025219
0.025185
0.025103
0.025021
0.025193
0.025174
0.025176
0.025113
0.025059
0.025210
0.025054
0.025130
0.025087
0.025053
0.025096
0.025042
0.025050
0.025041
0.025097
0.025165
0.025192
0.025051
0.025108
0.025050
0.025135
0.025058
0.025040
0.025147
0.025105
0.025038
0.025206
0.025227
0.025198
0.025277
0.025092
0.025274
0.025269
0.025029
0.025082
0.025191
0.025280
0.025117
0.025038
0.025077
0.025124
0.025171
0.025112
0.025199
0.024979
0.025048
0.024957
0.025213
0.025193
0.025166
0.025237
0.025264
0.025313
0.025113
0.025242
0.025224
0.025136
0.025048
0.025173
0.025085
0.025030
0.025144
0.025199
0.025206
0.024903
0.025119
0.025045
0.025204
0.025144
0.025171
0.025202
0.025122
0.025079
0.025112
0.025137
0.025147
0.025086
0.025102
0.020844
0.020901
0.020729
0.020810
0.020643
0.020624
0.020831
0.020740
0.020679
0.020805
0.020746
0.020902
0.020722
0.020854
0.020787
0.020709
0.020717
0.020691
0.020741
0.020868
0.020674
0.020794
0.020622
0.020775
0.020913
0.020703
0.020831
0.020859
0.020739
0.020864
0.020650
0.020752
0.020792
0.020757
0.020715
0.020770
0.020822
0.020870
0.020767
0.021152
0.021145
0.020953
0.021058
0.021041
0.021046
0.021036
0.021113
0.020942
0.021139
0.014737
0.015386
0.014998
0.020830
0.013363
0.020576
0.013307
0.020785
0.013261
0.020719
0.013276
0.019181
0.018777
0.013393
0.017198
0.017137
0.017156
0.017142
0.017073
0.020657
0.013320
0.017229
0.017139
0.018851
0.014932
0.017167
0.017190
0.017157
0.017014
0.017226
0.017166
0.017023
0.017138
0.020719
0.020741
0.020665
0.020717
0.020859
0.020701
0.020797
0.020859
0.020573
0.020667
0.020753
0.020783
0.021037
0.021129
0.021022
0.021013
0.021018
0.021039
0.020907
0.021030
0.020994
0.021168
0.021011
0.020995
0.021030
0.020958
0.020856
0.021012
0.021112
0.021015
0.021080
0.021079
0.020982
0.020975
0.020965
0.021029
0.021010
0.021111
0.021009
0.021107
0.021144
0.020945
0.020990
0.021103
0.021014
0.021079
0.021172
0.021048
0.021097
0.020874
0.021050
0.020933
0.020938
0.021040
0.021053
0.020894
0.020969
0.020980
0.021111
0.021105
0.021033
0.021102
0.020962
0.021195
0.021019
0.024939
0.025122
0.025078
0.025149
0.025162
0.024981
0.025288
0.025149
0.025118
0.024965
0.025063
0.025214
0.025131
0.025142
0.025061
0.025163
0.025087
0.025097
0.025284
0.025143
0.025159
0.025133
0.025121
0.025165
0.025088
0.025131
0.025047
0.025235
0.025163
0.025080
0.025028
0.025062
0.024942
0.025053
0.020780
0.020787
0.020815
0.020895
0.020992
0.020853
0.020813
0.020926
0.020992
0.020975
0.020697
0.020878
0.020837
0.020851
0.020828
0.020790
0.020689
0.020831
0.020846
0.020830
0.020731
0.016512
0.016594
0.016628
0.016458
0.016658
0.016493
0.016530
0.016677
0.016567
0.016506
0.016619
0.016658
0.016590
0.016569
0.016532
0.016530
0.016546
0.016467
0.016406
0.016452
0.016454
0.016493
0.016567
0.016915
0.016768
0.016840
0.016734
0.016784
0.016803
0.016829
0.016885
0.016723
0.016747
0.016823
0.016654
0.016853
0.016776
0.016785
0.016694
0.016770
0.016792
0.016798
0.012552
0.012461
0.012465
0.012461
0.012439
0.012442
0.012583
0.012394
0.012651
0.012765
0.012716
0.012764
0.012771
0.012861
0.012647
0.012827
0.012769
0.012840
0.012820
0.012778
0.012751
0.012692
0.012729
0.012774
0.012779
0.012718
0.012764
0.012784
0.012789
0.012695
0.012826
0.012819
0.012671
0.016666
0.016638
0.016766
0.016823
0.016739
0.016665
0.016795
0.016793
0.016671
0.016759
0.016721
0.016634
0.016726
0.016787
0.016894
0.016656
0.016666
0.016789
0.016840
0.016719
0.016921
0.016831
0.016832
0.016862
0.017093
0.016978
0.016963
0.017021
0.019162
0.021015
0.021027
0.021146
0.021110
0.021053
0.021048
0.021071
0.021039
0.021133
0.021148
0.021018
0.021031
0.021029
0.021233
0.021130
0.021178
0.021139
0.021130
0.021198
0.020991
0.021053
0.021144
0.021214
0.020912
0.021040
0.021118
0.021133
0.021275
0.021141
0.021059
0.021125
0.021211
0.021072
0.021012
0.021030
0.021044
0.021063
0.021165
0.021116
0.021013
0.021086
0.020914
0.021100
0.021151
0.021125
0.021240
0.021146
0.023287
0.024874
0.025090
0.025220
0.025208
0.025180
0.024949
0.025199
0.025029
0.025229
0.025002
0.025126
0.025232
0.025201
0.025068
0.025158
0.025073
0.025149
0.025202
0.025104
0.025132
0.024934
0.025197
0.025179
0.025060
0.025178
0.025055
0.025199
0.025192
0.025176
0.025198
0.025218
0.025116
0.025328
0.025229
0.025202
0.025192
0.025187
0.025297
0.025307
0.025120
0.025324
0.025089
0.025146
0.025062
0.025063
0.025250
0.025111
0.025101
0.025221
0.025031
0.025185
0.025138
0.025188
0.025097
0.025191
0.025179
0.025131
0.025201
0.025222
0.025275
0.025157
0.025189
0.025138
0.025138
0.025166
0.025274
0.025216
0.025041
0.024984
0.024988
0.025090
0.025201
0.025109
0.025138
0.025132
0.025104
0.025205
0.025224
0.025155
0.025151
0.025146
0.025115
0.025149
0.025235
0.025167
0.025081
0.025019
0.025167
0.025255
0.025006
0.025132
0.025019
0.025048
0.025124
0.025116
0.025137
0.025050
0.025076
0.025136
0.025118
0.025118
0.025061
0.025036
0.025124
0.025034
0.025065
0.024933
0.025076
0.025104
0.025175
0.025173
0.025306
0.025133
0.025075
0.025007
0.025103
0.025154
0.025218
0.025133
0.025061
0.025095
0.025177
0.025097
0.025213
0.025168
0.025200
0.025127
0.025205
0.025038
0.025177
0.025202
0.025146
0.025151
0.025204
0.025238
0.025118
0.025085
0.025120
0.025166
0.025087
0.025205
0.025108
0.025062
0.025103
0.025062
0.025043
0.025179
0.025093
0.025093
0.025034
0.024992
0.025085
0.025385
0.025135
0.025074
0.025155
0.025144
0.025214
0.025209
0.025201
0.025126
0.024987
0.025145
0.025074
0.025172
0.025079
0.025122
0.025090
0.025079
0.025242
0.025205
0.025204
0.025172
0.025208
0.025188
0.025117
0.025090
0.025176
0.025286
0.025173
0.025078
0.025162
0.025254
0.025227
0.025177
0.025194
0.025150
0.025123
0.025103
0.024943
0.025166
0.025000
0.025213
0.025182
0.025145
0.025035
0.025120
0.025027
0.025126
0.025197
0.025146
0.025266
0.025089
0.025187
0.025084
0.025036
0.025207
0.025286
0.025055
0.025123
0.025104
0.025220
0.025064
0.025079
0.025217
0.025125
0.025104
0.025156
0.025131
0.025079
0.025082
0.025123
0.025095
0.025217
0.025101
0.025237
0.025158
0.025047
0.025211
0.025135
0.025119
0.025078
0.025168
0.025286
0.025222
0.024986
0.025007
0.025108
0.025128
0.025111
0.025266
0.025125
0.025141
0.025194
0.025244
0.025188
0.025217
0.025129
0.025082
0.024987
0.025204
0.025032
0.024970
0.025226
0.025130
0.025201
0.025140
0.025108
0.024993
0.025089
0.025104
0.025122
0.025147
0.025202
0.025130
0.024977
0.025128
0.025124
0.025081
0.025166
0.025196
0.025258
0.025127
0.025174
0.025089
0.025221
0.025236
0.025080
0.025179
0.025037
0.025179
0.025169
0.025122
0.025106
0.025147
0.025062
0.025184
0.025113
0.025098
0.025216
0.025074
0.025071
0.025143
0.025182
0.025027
0.025100
0.025177
0.025134
0.024990
0.024933
0.025019
0.024993
0.025161
0.024974
0.025250
0.025231
0.025187
0.025155
0.025153
0.025071
0.025173
0.025033
0.025232
0.025069
0.025061
0.025141
0.025117
0.025223
0.025133
0.025192
0.025192
0.025082
0.025073
0.025139
0.025176
0.025274
0.025216
0.025070
0.025172
0.024927
