0.006451
0.011809
0.016518
0.016486
0.016495
0.016386
0.016376
0.016475
0.016449
0.016443
0.016472
0.016360
0.016478
0.016524
0.016407
0.016416
0.016396
0.016373
0.016459
0.016509
0.016509
0.016434
0.016508
0.016422
0.016527
0.016567
0.016468
0.016411
0.016523
0.016507
0.016373
0.016462
0.016351
0.016434
0.016360
0.016390
0.016404
0.016421
0.016400
0.016477
0.016390
0.016347
0.016410
0.016576
0.016815
0.016715
0.016794
0.016755
0.016757
0.016994
0.016956
0.017028
0.017027
0.016942
0.016978
0.017108
0.016922
0.016960
0.016940
0.016896
0.016884
0.016923
0.016889
0.016960
0.016984
0.016978
0.017044
0.017003
0.016938
0.016980
0.016965
0.017024
0.016918
0.017073
0.017170
0.016968
0.016977
0.016791
0.016953
0.016998
0.016926
0.017094
0.016902
0.016870
0.017116
0.017005
0.016935
0.016987
0.016974
0.016968
0.017028
0.016799
0.016951
0.016907
0.016953
0.016910
0.021065
0.020904
0.020953
0.020962
0.021080
0.021031
0.025003
0.024912
0.025008
0.025087
0.025064
0.025220
0.025098
0.025105
0.025081
0.025053
0.025265
0.025208
0.025105
0.025033
0.025014
0.025019
0.025107
0.024945
0.024970
0.025157
0.025093
0.024973
0.024979
0.025045
0.025125
0.024908
0.025064
0.025162
0.025070
0.025067
0.024958
0.025087
0.025098
0.025002
0.025062
0.025089
0.025005
0.025019
0.025049
0.025171
0.025096
0.024990
0.025070
0.024975
0.025059
0.025092
0.024911
0.024963
0.025087
0.024997
0.025128
0.024899
0.025096
0.025058
0.025144
0.024965
0.025120
0.024947
0.025177
0.025085
0.025071
0.025060
0.025101
0.025170
0.025019
0.025126
0.025006
0.025014
0.025027
0.025134
0.025215
0.025026
0.025017
0.025017
0.025212
0.025092
0.025028
0.025054
0.025030
0.025281
0.025101
0.025012
0.025045
0.025096
0.025168
0.024978
0.025026
0.024933
0.024947
0.025042
0.025133
0.024972
0.025026
0.024946
0.025217
0.024983
0.025034
0.024962
0.024956
0.025019
0.024869
0.025043
0.025042
0.025042
0.024946
0.024843
0.024971
0.025018
0.024911
0.025015
0.025001
0.025200
0.024869
0.024857
0.024892
0.025170
0.025038
0.025002
0.024937
0.025080
0.024885
0.024906
0.024873
0.024979
0.024923
0.024845
0.024989
0.024894
0.024973
0.025097
0.025121
0.025050
0.024933
0.024956
0.025060
0.025015
0.024979
0.024974
0.025044
0.025061
0.024865
0.025024
0.024972
0.024964
0.024978
0.024965
0.024995
0.025092
0.025068
0.025023
0.024930
0.025065
0.024929
0.024894
0.025012
0.024993
0.025078
0.024956
0.024932
0.024794
0.024958
0.024957
0.024980
0.024847
0.024927
0.024874
0.024907
0.024859
0.024921
0.024892
0.024998
0.024907
0.024824
0.024920
0.025029
0.024753
0.025007
0.025035
0.024894
0.024960
0.024850
0.024936
0.024994
0.024871
0.024953
0.024889
0.024867
0.024962
0.024911
0.024944
0.024910
0.024967
0.025056
0.024962
0.024898
0.025084
0.025026
0.024919
0.024959
0.024920
0.024782
0.024773
0.024992
0.024998
0.024979
0.024984
0.024888
0.025075
0.024866
0.024745
0.024897
0.024963
0.024978
0.024949
0.024875
0.025007
0.024916
0.025003
0.024838
0.024911
0.025009
0.024877
0.024663
0.025128
0.025017
0.025019
0.024940
0.024904
0.024935
0.024925
0.024917
0.025073
0.024863
0.024825
0.025003
0.024841
0.024830
0.024971
0.024877
0.024960
0.024892
0.025029
0.024989
0.024892
0.025011
0.025018
0.025016
0.025062
0.025017
0.025001
0.024985
0.024953
0.024985
0.024977
0.025072
0.024971
0.025069
0.024860
0.025086
0.024829
0.024910
0.024810
0.024948
0.025133
0.024972
0.024977
0.024935
0.024896
0.025043
0.024889
0.025118
0.024967
0.024990
0.024937
0.025032
0.024884
0.025041
0.024829
0.025068
0.025127
0.024992
0.025006
0.025031
0.024931
0.025038
0.025095
0.024949
0.024849
0.024972
0.024977
0.025042
0.024992
0.025019
0.025115
0.024853
0.024990
0.025069
0.024989
0.025090
0.025007
0.024946
0.025088
0.024969
0.025044
0.025001
0.024917
0.025018
0.025079
0.024783
0.025070
0.025068
0.025073
0.024821
0.025063
0.024983
0.024794
0.024982
0.025009
0.024999
0.025106
0.025093
0.025056
0.024955
0.025012
0.024967
0.025101
0.025039
0.025066
0.025019
0.024903
0.025075
0.025068
0.025069
0.024980
0.025098
0.024997
0.024995
0.025022
0.024764
0.025112
0.024986
0.024926
0.024983
0.024957
0.024969
0.025023
0.024999
0.024976
0.024969
0.024969
0.025050
0.024764
0.024933
0.024950
0.024942
0.025070
0.024895
0.024898
0.024992
0.024806
0.024952
0.022779
0.020490
0.020655
0.020533
0.020658
0.020634
0.020744
0.020529
0.020782
0.020563
0.020631
0.020631
0.020675
0.020658
0.020586
0.020543
0.020556
0.020648
0.020635
0.020575
0.020582
0.020584
0.020569
0.020452
0.020478
0.020614
0.020432
0.020526
0.020497
0.020609
0.020621
0.020587
0.020561
0.020600
0.020434
0.020385
0.020438
0.020472
0.020652
0.020478
0.020958
0.020859
0.020860
0.020977
0.020834
0.020835
0.020993
0.020882
0.020806
0.020942
0.020759
0.020928
0.020859
0.020964
0.021021
0.020802
0.020800
0.021005
0.020812
0.020948
0.020939
0.020913
0.020885
0.020872
0.020792
0.020965
0.020931
0.020906
0.020789
0.020972
0.020861
0.020916
0.020729
0.020808
0.020843
0.020760
0.020790
0.020896
0.020857
0.020849
0.020799
0.020845
0.020982
0.020683
0.020839
0.020975
0.020873
0.020784
0.020833
0.020845
0.020820
0.020805
0.021123
0.024937
0.024868
0.024865
0.024926
0.025090
0.024875
0.024956
0.025048
0.025001
0.024816
0.024941
0.024865
0.024855
0.024871
0.024830
0.024980
0.025129
0.025080
0.024887
0.024912
0.024970
0.025148
0.024947
0.024963
0.024876
0.025114
0.025104
0.025011
0.024896
0.025103
0.024817
0.024895
0.025043
0.024963
0.024988
0.025135
0.024980
0.024904
0.020693
0.020628
0.020595
0.020560
0.020656
0.020696
0.020599
0.020700
0.020574
0.020657
0.020514
0.020661
0.020594
0.020723
0.020640
0.020819
0.020636
0.020712
0.020667
0.020438
0.020560
0.020581
0.020570
0.020490
0.020550
0.020634
0.020602
0.020547
0.020540
0.020607
0.020746
0.020607
0.020634
0.020566
0.020632
0.020466
0.020544
0.020648
0.020602
0.020843
0.020996
0.020883
0.020993
0.021027
0.020963
0.020981
0.020921
0.020962
0.020866
0.021002
0.020846
0.020960
0.021101
0.020998
0.021124
0.021010
0.021007
0.021009
0.020986
0.020977
0.020928
0.021078
0.020981
0.021030
0.020945
0.021058
0.020898
0.020882
0.020926
0.020872
0.020940
0.021001
0.020853
0.021027
0.020895
0.021067
0.020869
0.020901
0.020983
0.020952
0.020670
0.020860
0.020941
0.020947
0.020905
0.020946
0.020865
0.020996
0.020947
0.020978
0.021127
0.023182
0.025037
0.024954
0.025089
0.025091
0.024910
0.025015
0.024869
0.025151
0.024957
0.025112
0.025079
0.025043
0.024951
0.025177
0.024937
0.025212
0.025021
0.024930
0.025088
0.025097
0.025023
0.024894
0.024869
0.025043
0.024956
0.025133
0.025065
0.025026
0.024960
0.025008
0.024935
0.025161
0.025034
0.025082
0.025062
0.024969
0.024873
0.025023
0.024949
0.024975
0.025092
0.025071
0.025022
0.024906
0.024961
0.024915
0.024972
0.025220
0.025097
0.025001
0.025054
0.025026
0.025059
0.024907
0.025038
0.025103
0.024955
0.024938
0.025049
0.024939
0.024936
0.025163
0.025090
0.025106
0.024991
0.025092
0.025007
0.024982
0.025098
0.024813
0.025174
0.025108
0.025004
0.024942
0.025022
0.024992
0.024995
0.025167
0.025168
0.025119
0.025049
0.025177
0.024975
0.025047
0.025151
0.024899
0.025044
0.025049
0.025073
0.025093
0.024982
0.025106
0.025094
0.024871
0.025046
0.024940
0.025161
0.025093
0.024926
0.025106
0.024927
0.025038
0.025127
0.025054
0.025060
0.025225
0.024941
0.025078
0.024857
0.024963
0.025005
0.025138
0.025010
0.025000
0.025071
0.025031
0.025040
0.025049
0.025004
0.025081
0.025083
0.024944
0.024908
0.025071
0.024976
0.024963
0.025091
0.024988
0.025105
0.024869
0.025015
0.024930
0.025064
0.025101
0.025010
0.025088
0.024992
0.025209
0.025117
0.024952
0.024919
0.024942
0.024963
0.025005
0.024897
0.025038
0.024915
0.024965
0.025025
0.025048
0.024995
0.025105
0.025144
0.024993
0.025021
0.025139
0.025022
0.025065
0.025000
0.025062
0.025124
0.024967
0.024932
0.024992
0.025041
0.025005
0.024977
0.025133
0.024981
0.024990
0.025160
0.025038
0.025133
0.025075
0.025122
0.025162
0.025047
0.025042
0.025025
0.024911
0.025084
0.025079
0.024913
0.025063
0.024858
0.024977
0.025056
0.025009
0.025034
0.025137
0.025195
0.025152
0.025140
0.024984
0.024986
0.024977
0.025116
0.024935
0.025040
0.024984
0.024916
0.025002
0.025053
0.025060
0.024960
0.024979
0.024922
0.025048
0.024967
0.024981
0.024924
0.024967
0.024881
0.024979
0.025051
0.024875
0.024984
0.024934
0.024838
0.024827
0.024979
0.024996
0.024897
0.024799
0.024952
0.025038
0.024988
0.025005
0.025029
0.025054
0.024899
0.025013
0.024991
0.025021
0.024904
0.025011
0.024882
0.024981
0.024809
0.025032
0.024985
0.025022
0.024916
0.025022
0.024933
0.024971
0.024924
0.024864
0.025010
0.024919
0.024876
0.024911
0.024933
0.024995
0.025041
0.024922
0.024931
0.024987
0.024885
0.024894
0.024922
0.024866
0.020745
0.020597
0.020571
0.020717
0.020624
0.020735
0.020668
0.020637
0.020626
0.020766
0.020605
0.020730
0.020666
0.020707
0.020597
0.020653
0.020611
0.020570
0.020621
0.020640
0.020548
0.020465
0.020568
0.020620
0.020681
0.020545
0.020496
0.020774
0.020521
0.020799
0.020627
0.020565
0.020718
0.020594
0.020650
0.020513
0.020644
0.020653
0.020647
0.020795
0.020755
0.020939
0.020803
0.021018
0.020865
0.020875
0.020857
0.020846
0.020825
0.020904
0.020869
0.020903
