0.006211
0.016445
0.020897
0.020931
0.020902
0.021049
0.021030
0.024939
0.024934
0.025050
0.025203
0.025058
0.025076
0.025018
0.025097
0.025156
0.025086
0.025052
0.024966
0.024954
0.025107
0.025204
0.025073
0.025106
0.025109
0.025046
0.025071
0.025163
0.025241
0.025094
0.025010
0.024964
0.025028
0.025043
0.025155
0.025140
0.025182
0.025116
0.025038
0.025095
0.025170
0.025036
0.025060
0.025218
0.025042
0.025194
0.025194
0.025119
0.025157
0.025052
0.025091
0.025111
0.025121
0.025173
0.024970
0.025103
0.025135
0.025052
0.024994
0.025087
0.025076
0.025222
0.025136
0.024998
0.025207
0.025047
0.025074
0.025099
0.025024
0.025102
0.024988
0.025014
0.025036
0.025072
0.025204
0.025142
0.025035
0.025047
0.025028
0.025146
0.025031
0.025196
0.025179
0.025107
0.025212
0.025156
0.024947
0.025093
0.025074
0.024983
0.025105
0.025038
0.024908
0.025126
0.025196
0.025153
0.025037
0.024871
0.025148
0.025208
0.025064
0.025124
0.025234
0.024965
0.025085
0.025083
0.025078
0.025000
0.025239
0.025082
0.025118
0.025079
0.025092
0.025190
0.025156
0.025074
0.024930
0.025003
0.025076
0.024999
0.025131
0.025130
0.025110
0.025274
0.025058
0.025117
0.025022
0.025095
0.024958
0.025085
0.025044
0.024993
0.024984
0.025142
0.025098
0.025083
0.025020
0.024941
0.025078
0.025081
0.025133
0.025150
0.024980
0.025007
0.025044
0.025075
0.025162
0.025167
0.025120
0.024992
0.025090
0.025141
0.025128
0.025080
0.025256
0.025070
0.025190
0.025078
0.025019
0.025076
0.025078
0.024900
0.025089
0.024884
0.025051
0.025091
0.025184
0.025163
0.025106
0.025196
0.025133
0.025085
0.025026
0.025110
0.025131
0.025046
0.025214
0.025056
0.025136
0.025076
0.025068
0.025147
0.025038
0.025084
0.025154
0.025096
0.025048
0.025047
0.025178
0.025090
0.025076
0.025108
0.025204
0.025114
0.025139
0.025023
0.025098
0.025101
0.025012
0.025004
0.025068
0.025004
0.025079
0.025077
0.025048
0.025180
0.025111
0.025072
0.024927
0.025183
0.025170
0.025118
0.025107
0.025228
0.025084
0.025054
0.025063
0.025161
0.025144
0.025020
0.025147
0.025022
0.025203
0.025149
0.025045
0.025067
0.025168
0.025099
0.025229
0.025053
0.025144
0.025158
0.025005
0.024955
0.025262
0.025198
0.025168
0.025128
0.025198
0.025222
0.025232
0.025137
0.025032
0.025005
0.025292
0.025124
0.025169
0.025041
0.025127
0.025223
0.025211
0.025112
0.025235
0.025103
0.025336
0.025200
0.025046
0.025216
0.025093
0.025124
0.025215
0.025208
0.025056
0.024958
0.025211
0.025078
0.025082
0.025030
0.024970
0.025151
0.025081
0.025065
0.025153
0.025161
0.024999
0.024974
0.024981
0.025202
0.025029
0.025000
0.025023
0.025280
0.025127
0.025133
0.025019
0.025174
0.025042
0.025082
0.025007
0.025231
0.025151
0.025292
0.025109
0.025136
0.025180
0.025065
0.025055
0.025044
0.025146
0.025133
0.025124
0.025162
0.025246
0.025287
0.025163
0.025042
0.025142
0.025043
0.025131
0.025007
0.025219
0.025183
0.024914
0.025176
0.025010
0.025110
0.025281
0.025098
0.025204
0.025229
0.025106
0.025111
0.024976
0.025085
0.025021
0.025348
0.025022
0.025115
0.025169
0.025116
0.025245
0.025269
0.025153
0.025103
0.025058
0.025152
0.025244
0.025096
0.025184
0.025105
0.025138
0.024976
0.025023
0.024917
0.025064
0.025128
0.025154
0.025008
0.025093
0.025137
0.025123
0.025054
0.024989
0.024970
0.024884
0.025061
0.025091
0.025144
0.025029
0.025159
0.025188
0.024956
0.025088
0.025211
0.024949
0.025210
0.025072
0.025068
0.025112
0.025132
0.025041
0.025191
0.025129
0.025180
0.025078
0.024990
0.025026
0.025171
0.025057
0.020838
0.020725
0.020707
0.020852
0.020708
0.020773
0.020723
0.020689
0.020716
0.020790
0.020692
0.020757
0.020660
0.020708
0.020709
0.020586
0.020671
0.020886
0.020722
0.020682
0.020585
0.020670
0.020742
0.020652
0.020759
0.020779
0.020693
0.020864
0.020739
0.020806
0.020789
0.020807
0.020703
0.020763
0.020635
0.020792
0.020768
0.020764
0.020727
0.020935
0.021057
0.020950
0.021138
0.021019
0.021214
0.021104
0.021030
0.021045
0.020992
0.021071
0.021033
0.021047
0.021043
0.020884
0.021063
0.021024
0.021183
0.020958
0.021102
0.020967
0.021017
0.021023
0.021080
0.021045
0.021057
0.021075
0.021048
0.020947
0.020909
0.020882
0.020881
0.021019
0.021033
0.021018
0.021136
0.020929
0.020894
0.021022
0.020972
0.021018
0.020963
0.020905
0.020994
0.020968
0.021002
0.020899
0.020952
0.020907
0.020979
0.020985
0.020884
0.020940
0.023208
0.024910
0.025091
0.025142
0.025084
0.024999
0.025018
0.025155
0.025142
0.025076
0.025163
0.025142
0.025008
0.024933
0.025023
0.025039
0.024829
0.024986
0.025005
0.024952
0.025146
0.025126
0.025062
0.025112
0.025025
0.025135
0.024956
0.024955
0.025068
0.025086
0.025074
0.025041
0.024931
0.024944
0.025032
0.024883
0.025001
0.025019
0.025009
0.020738
0.020797
0.020700
0.020641
0.020687
0.020784
0.020640
0.020750
0.020751
0.020811
0.020628
0.020733
0.020652
0.020634
0.020653
0.020793
0.020665
0.020722
0.020765
0.020730
0.020702
0.020669
0.020768
0.020549
0.020760
0.020810
0.020817
0.020798
0.020704
0.020764
0.020903
0.020824
0.020692
0.020819
0.020604
0.020716
0.020667
0.020672
0.020890
0.020824
0.020982
0.021026
0.021058
0.021088
0.020993
0.021023
0.020854
0.020953
0.020977
0.020998
0.020942
0.020727
0.020912
0.020905
0.021068
0.020947
0.020990
0.020898
0.020931
0.021054
0.021053
0.021091
0.020997
0.020863
0.021016
0.021067
0.020826
0.020935
0.021093
0.020893
0.021038
0.020944
0.020967
0.021020
0.020788
0.021035
0.020950
0.020933
0.020994
0.020983
0.021018
0.021024
0.021003
0.021026
0.020863
0.021076
0.021141
0.020929
0.020945
0.021049
0.020849
0.023148
0.024944
0.025091
0.025237
0.025019
0.025132
0.025207
0.024985
0.025043
0.025144
0.025141
0.025163
0.025131
0.024996
0.024928
0.025035
0.025019
0.025074
0.025028
0.024929
0.025047
0.025163
0.025014
0.025055
0.025046
0.024929
0.025095
0.025053
0.025021
0.025061
0.024967
0.025187
0.025173
0.025016
0.025099
0.025177
0.025074
0.025007
0.025154
0.025009
0.025269
0.024976
0.025050
0.025074
0.025113
0.025235
0.025131
0.024993
0.025076
0.024984
0.024918
0.025013
0.025154
0.025065
0.025207
0.024948
0.025036
0.025027
0.025091
0.024990
0.025105
0.025031
0.025079
0.025042
0.025121
0.024965
0.024993
0.025068
0.024974
0.024968
0.025096
0.025008
0.025061
0.024970
0.025136
0.025082
0.025117
0.024969
0.025058
0.024976
0.024822
0.024950
0.024947
0.025082
0.025111
0.025206
0.025083
0.025110
0.025006
0.024971
0.025042
0.024939
0.025106
0.025020
0.024934
0.025156
0.025143
0.025038
0.025149
0.024967
0.025135
0.025053
0.024966
0.024973
0.025033
0.024831
0.025087
0.024964
0.025165
0.025119
0.024924
0.024872
0.025088
0.025080
0.025104
0.024990
0.025048
0.025030
0.025139
0.024977
0.025001
0.024981
0.024882
0.024900
0.024916
0.024830
0.024973
0.024935
0.024890
0.024945
0.025103
0.025030
0.024985
0.024992
0.025065
0.025073
0.025114
0.025056
0.025256
0.024861
0.025063
0.025146
0.025018
0.025018
0.025068
0.025113
0.025049
0.025065
0.025097
0.024993
0.025117
0.024963
0.025087
0.025179
0.025047
0.025076
0.025140
0.025057
0.025031
0.025129
0.025079
0.025044
0.025134
0.024923
0.024975
0.025123
0.025097
0.025045
0.025169
0.025033
0.025059
0.024905
0.024894
0.024947
0.025108
0.025082
0.025065
0.025110
0.025212
0.025027
0.024985
0.025016
0.024962
0.025075
0.025053
0.024966
0.025082
0.025066
0.025075
0.025012
0.024945
0.024933
0.024894
0.025081
0.024968
0.024966
0.025034
0.025098
0.025126
0.025079
0.025013
0.024965
0.025073
0.025046
0.025065
0.025066
0.024987
0.024968
0.024981
0.025019
0.025034
0.025105
0.025143
0.025135
0.025074
0.025076
0.025032
0.025056
0.025026
0.025074
0.024917
0.025098
0.025022
0.025015
0.025149
0.024919
0.024975
0.024874
0.025013
0.025047
0.025142
0.025058
0.025164
0.025110
0.025115
0.025042
0.024913
0.025080
0.025016
0.024946
0.024962
0.024976
0.024863
0.024996
0.024912
0.025156
0.025087
0.024913
0.024985
0.024992
0.025043
0.024987
0.025064
0.025051
0.025050
0.025087
0.025141
0.025103
0.025168
0.025053
0.025186
0.025061
0.025171
0.024914
0.025089
0.025027
0.025046
0.025036
0.025102
0.024960
0.025066
0.020781
0.020580
0.020666
0.020839
0.020833
0.020722
0.020725
0.020715
0.020638
0.020722
0.020718
0.020734
0.020789
0.020688
0.020677
0.020712
0.020659
0.020604
0.020556
0.020725
0.020636
0.020823
0.020777
0.020729
0.020682
0.020560
0.020728
0.020704
0.020712
0.020725
0.020707
0.020820
0.020717
0.020736
0.020677
0.020813
0.020818
0.020716
0.020735
0.020786
0.020973
0.021104
0.021002
0.020893
0.021033
0.013089
0.021131
0.012646
0.021054
0.012698
0.021162
0.012743
0.021028
0.012698
0.021194
0.012906
0.021109
0.012681
0.021101
0.012782
0.021076
0.018640
0.017037
0.017078
0.011053
0.020945
0.012823
0.020972
0.012986
0.020981
0.012747
0.016886
0.021353
0.018664
0.010983
0.021144
0.017112
0.012830
0.016812
0.021381
0.018775
0.011091
0.021001
0.020702
0.021052
0.014779
0.026922
0.014792
0.027032
0.014848
0.025475
0.020960
0.021733
0.023200
0.021109
0.021309
0.021290
0.023167
0.017343
0.023246
0.021086
0.021253
0.021438
0.021401
0.021320
0.021299
0.021293
0.021139
0.021439
0.021370
0.021622
0.020815
0.021186
0.021636
0.023015
0.013613
0.026862
0.022996
0.017429
0.023229
0.021305
0.022821
0.013426
0.027163
0.021377
0.021257
0.022872
0.017390
