0.010146
0.014347
0.020947
0.020874
0.020884
0.020788
0.020846
0.020932
0.020998
0.024938
0.024922
0.024938
0.025007
0.024963
0.025064
0.024931
0.025029
0.025037
0.024996
0.024966
0.024936
0.025023
0.025028
0.025051
0.024941
0.024855
0.024890
0.024883
0.024836
0.024814
0.024974
0.024976
0.025025
0.024861
0.024828
0.024816
0.024875
0.024895
0.024999
0.024777
0.025048
0.024999
0.025025
0.024847
0.024932
0.024968
0.024986
0.024930
0.024956
0.024886
0.025108
0.024998
0.024963
0.025103
0.025115
0.025109
0.025149
0.024931
0.024940
0.024984
0.024960
0.024937
0.025018
0.024937
0.024997
0.024859
0.024964
0.024987
0.025060
0.024987
0.024935
0.024778
0.025007
0.024822
0.024989
0.024863
0.025040
0.025041
0.025036
0.025128
0.024920
0.025020
0.025065
0.024899
0.024911
0.025068
0.024948
0.024997
0.024976
0.025049
0.024898
0.024866
0.025059
0.024924
0.024921
0.024946
0.025011
0.024983
0.024967
0.025038
0.024935
0.025048
0.024724
0.024830
0.024912
0.025016
0.024769
0.025059
0.024935
0.025086
0.024953
0.024955
0.025083
0.025107
0.024979
0.024973
0.025058
0.025135
0.025045
0.024920
0.025067
0.025096
0.025173
0.025106
0.024907
0.024975
0.024934
0.024923
0.024859
0.025053
0.025107
0.024808
0.025042
0.024872
0.024923
0.025049
0.024877
0.025029
0.024975
0.024775
0.024915
0.024942
0.024971
0.024966
0.025017
0.024914
0.024930
0.024909
0.025015
0.025087
0.025034
0.024920
0.024997
0.025064
0.025107
0.024972
0.024925
0.025010
0.025009
0.024936
0.025055
0.024968
0.025039
0.024953
0.024906
0.025020
0.024921
0.024774
0.025077
0.025004
0.025150
0.025023
0.025076
0.024910
0.025141
0.024956
0.025059
0.024962
0.025042
0.025010
0.025040
0.025003
0.025095
0.025077
0.025101
0.024910
0.025030
0.025060
0.025034
0.025079
0.024994
0.024998
0.025149
0.025023
0.025005
0.024936
0.024993
0.024959
0.025063
0.024882
0.024977
0.024934
0.024975
0.025054
0.025009
0.025007
0.024973
0.024801
0.024993
0.024869
0.024834
0.024940
0.025040
0.024883
0.024997
0.025010
0.024940
0.025033
0.024992
0.025175
0.025082
0.024902
0.025070
0.024943
0.024971
0.025006
0.024902
0.024907
0.024866
0.024964
0.024955
0.024987
0.025034
0.024981
0.024931
0.024961
0.024983
0.024900
0.024993
0.025044
0.025079
0.024988
0.024956
0.024992
0.025143
0.025009
0.025019
0.024948
0.025040
0.025018
0.024997
0.025003
0.024988
0.024917
0.025137
0.025043
0.024983
0.025067
0.024925
0.025082
0.024894
0.024981
0.024888
0.025002
0.025019
0.024941
0.024970
0.024974
0.024989
0.024951
0.024984
0.024972
0.024976
0.025010
0.025049
0.024861
0.024929
0.024985
0.025067
0.025002
0.025110
0.024993
0.024929
0.024921
0.024993
0.024995
0.025043
0.025041
0.024958
0.024979
0.024938
0.025161
0.024997
0.025069
0.024924
0.024936
0.024826
0.024982
0.024904
0.024774
0.024906
0.024863
0.025050
0.025015
0.024966
0.024966
0.025035
0.025032
0.025065
0.024882
0.025076
0.025012
0.024856
0.024866
0.025072
0.025039
0.025122
0.024986
0.025122
0.024974
0.025009
0.024967
0.024927
0.025006
0.025027
0.024895
0.024983
0.025060
0.024996
0.024952
0.025012
0.025080
0.024929
0.025071
0.024776
0.024970
0.024943
0.025080
0.025066
0.025143
0.024843
0.024935
0.025013
0.024907
0.025011
0.024916
0.025051
0.024978
0.024922
0.024870
0.025028
0.024955
0.025119
0.024896
0.024951
0.024974
0.024952
0.024994
0.025028
0.025009
0.025167
0.024891
0.025062
0.024817
0.024982
0.024876
0.025047
0.020712
0.020687
0.020633
0.020803
0.020749
0.020838
0.020718
0.020825
0.020720
0.020709
0.020797
0.020739
0.020698
0.020684
0.020682
0.020765
0.020723
0.020885
0.020678
0.020777
0.020629
0.020702
0.020684
0.020810
0.020770
0.020668
0.020750
0.020783
0.020587
0.020626
0.020823
0.020719
0.020688
0.020749
0.020597
0.020480
0.020697
0.020762
0.020649
0.020821
0.020781
0.020890
0.021007
0.020939
0.020856
0.020940
0.020947
0.020903
0.020925
0.021073
0.020963
0.020888
0.020830
0.020986
0.020794
0.020756
0.020875
0.020972
0.020972
0.020914
0.020834
0.020864
0.020844
0.020941
0.020821
0.021064
0.020856
0.020952
0.020747
0.020929
0.020830
0.020874
0.020863
0.021093
0.020916
0.020913
0.020851
0.020988
0.020964
0.020995
0.020797
0.020923
0.020809
0.020977
0.020849
0.020998
0.020982
0.020947
0.020764
0.021033
0.020934
0.020789
0.024861
0.024810
0.024922
0.025005
0.025003
0.024806
0.024930
0.024974
0.025012
0.025057
0.024970
0.025089
0.024988
0.024961
0.024924
0.024988
0.024847
0.024964
0.024966
0.024874
0.025005
0.024781
0.025007
0.024956
0.024970
0.025002
0.025021
0.025011
0.024945
0.024891
0.024767
0.024987
0.024863
0.024975
0.024905
0.025028
0.024889
0.022838
0.020591
0.020597
0.020493
0.020798
0.020619
0.020706
0.020551
0.020652
0.020748
0.020686
0.020402
0.020624
0.020550
0.020679
0.020541
0.020749
0.020603
0.020670
0.020581
0.020681
0.020640
0.020746
0.020621
0.020724
0.020624
0.020558
0.020622
0.020575
0.020612
0.020707
0.020610
0.020574
0.020710
0.020676
0.020473
0.020620
0.020514
0.020693
0.020752
0.020877
0.020764
0.020803
0.020765
0.020890
0.020837
0.021016
0.020831
0.020833
0.020926
0.020889
0.020969
0.020931
0.020923
0.020872
0.020848
0.020924
0.020988
0.020829
0.020975
0.020883
0.020809
0.020800
0.020839
0.020988
0.020860
0.020921
0.020749
0.020851
0.020999
0.020984
0.020911
0.020824
0.020907
0.020881
0.020846
0.020844
0.020936
0.020823
0.020742
0.020889
0.020968
0.020912
0.020951
0.020797
0.020793
0.020926
0.020721
0.020922
0.020984
0.021004
0.021108
0.024829
0.024999
0.024827
0.024945
0.025127
0.024805
0.025080
0.024819
0.024903
0.024817
0.025072
0.024800
0.025002
0.024852
0.024844
0.024891
0.024969
0.024851
0.025072
0.024947
0.024931
0.025064
0.025012
0.024944
0.025045
0.024896
0.025065
0.024938
0.024960
0.025041
0.025139
0.024978
0.025085
0.024965
0.024841
0.024973
0.025082
0.024987
0.025181
0.024996
0.025032
0.024922
0.025092
0.024855
0.025034
0.024915
0.024906
0.024814
0.024908
0.024815
0.024904
0.024855
0.025089
0.024782
0.024954
0.025040
0.024952
0.025075
0.025097
0.024954
0.025068
0.024803
0.024965
0.024881
0.025081
0.024873
0.025000
0.025062
0.024970
0.024894
0.025083
0.025047
0.025031
0.024999
0.025053
0.024976
0.025025
0.024904
0.024959
0.024958
0.024834
0.024943
0.025028
0.025006
0.025078
0.024973
0.024936
0.024943
0.025078
0.024917
0.024929
0.024750
0.025011
0.024910
0.025126
0.024961
0.025167
0.024984
0.025033
0.025047
0.025198
0.024888
0.025086
0.024982
0.025042
0.025115
0.024949
0.024969
0.024955
0.024853
0.025134
0.024922
0.024872
0.024815
0.025070
0.025029
0.025143
0.024907
0.024918
0.025035
0.025119
0.025002
0.025077
0.025014
0.025032
0.025080
0.025174
0.024920
0.024913
0.024893
0.025094
0.025084
0.025205
0.024938
0.024939
0.025013
0.025085
0.025060
0.024974
0.025112
0.024989
0.025027
0.024992
0.025016
0.025066
0.025062
0.025111
0.024991
0.025150
0.024988
0.025017
0.025004
0.025070
0.025164
0.025123
0.025115
0.024955
0.025007
0.025111
0.024835
0.025038
0.024844
0.024909
0.025002
0.025001
0.025107
0.024961
0.025054
0.025014
0.024999
0.025075
0.025079
0.025031
0.025002
0.025045
0.024775
0.024962
0.024990
0.024979
0.024968
0.025008
0.025263
0.024995
0.024847
0.024969
0.024841
0.025006
0.025058
0.025223
0.024870
0.025077
0.024976
0.025040
0.024992
0.025054
0.024902
0.025202
0.024881
0.025009
0.024998
0.024923
0.025017
0.024909
0.024897
0.024891
0.024933
0.024980
0.024883
0.025065
0.025003
0.024997
0.024840
0.024904
0.024879
0.024912
0.024980
0.024924
0.024890
0.025080
0.024968
0.025096
0.024983
0.024856
0.024930
0.025038
0.024919
0.025100
0.024963
0.024955
0.024824
0.024985
0.024996
0.024995
0.025082
0.025152
0.024961
0.025134
0.024875
0.025090
0.025062
0.025050
0.024923
0.025075
0.025045
0.025005
0.020644
0.020577
0.020691
0.020552
0.020736
0.020674
0.020660
0.020759
0.020637
0.020716
0.020553
0.020646
0.020564
0.020600
0.020565
0.020548
0.020592
0.018415
0.016613
0.016643
0.016697
0.016558
0.016785
0.016817
0.016508
0.016752
0.016636
0.016649
0.016716
0.016574
0.016613
0.016576
0.016825
0.016764
0.016613
0.016799
0.016499
0.016859
0.016680
0.016477
0.016709
0.016522
0.016820
0.016918
0.016705
0.017029
0.016651
0.017170
0.016685
0.017124
0.016716
0.017073
0.016698
0.017205
0.016659
0.017096
0.016734
0.016706
0.016976
0.016725
0.017016
0.016804
0.017043
0.016768
0.017019
0.016936
0.017551
0.017228
0.016762
0.017404
0.017207
0.017356
0.017308
0.017275
0.017240
0.017227
0.017222
0.016934
0.017318
0.017306
0.017221
0.017272
0.017154
0.017226
0.017291
0.017225
0.017305
0.017278
0.017229
0.017293
0.017307
0.021371
0.021341
0.021106
0.021379
0.021440
0.021016
0.021264
0.021378
0.020956
0.021233
0.021381
0.021260
0.020987
0.021374
0.021490
0.020975
0.021348
0.021334
0.021019
0.021297
0.021492
0.021337
0.021163
0.025364
0.024980
0.025418
0.024925
0.025269
0.024893
0.025555
0.025219
0.025477
0.025112
0.025447
0.024996
0.025450
0.025041
0.025393
0.024830
0.025278
0.025180
0.025471
0.025258
0.025458
0.025045
0.025533
0.025254
0.025546
0.025177
0.025641
0.025138
0.025327
0.025212
0.025460
0.025238
0.025475
0.025166
0.025620
0.025309
0.025389
0.024969
0.025257
0.024927
0.025426
0.024926
0.025441
0.025044
0.025465
0.024846
0.025411
0.025092
0.025288
0.024946
0.025401
0.024929
0.025339
