267	317	61	18
263	316	60	19
259	316	60	19
255	315	61	20
251	315	61	20
247	315	61	20
243	315	61	20
240	315	61	20
236	316	61	20
232	315	61	20
228	315	61	20
223	315	61	20
220	315	61	20
216	315	61	20
218	315	61	19
233	315	62	19
251	316	63	20
267	315	64	20
282	314	65	21
298	315	64	21
300	314	65	22
292	314	66	22
287	313	65	22
284	313	66	22
279	313	65	22
275	313	64	23
271	313	64	23
266	313	64	23
262	313	64	22
258	313	64	22
254	313	65	22
249	314	65	22
244	314	65	22
240	315	65	22
238	315	66	22
248	314	67	22
266	315	67	22
281	314	69	22
298	314	68	22
308	315	66	23
302	315	67	24
297	315	68	24
292	314	67	24
286	315	67	24
282	315	67	24
277	315	67	23
273	316	67	23
268	316	67	23
264	316	66	23
260	316	66	23
256	316	66	24
251	316	67	24
246	316	67	23
241	316	66	23
238	317	66	23
233	317	65	23
229	317	65	23
225	317	65	23
220	318	65	23
216	318	66	23
212	318	65	23
208	319	66	23
204	319	65	23
198	319	66	23
195	319	65	22
194	319	65	22
206	319	67	22
224	320	67	22
240	320	67	22
254	320	65	22
254	320	65	22
246	321	65	22
241	320	65	23
237	320	65	23
232	320	65	23
228	319	65	23
224	320	64	23
219	319	64	23
215	319	64	23
211	319	65	23
206	319	65	23
202	319	65	23
198	319	64	23
193	319	65	23
190	319	64	23
186	319	64	23
181	318	65	23
177	319	65	23
173	319	64	22
169	319	64	23
165	318	64	22
161	318	64	23
169	319	65	22
186	318	66	22
203	318	65	22
218	317	65	23
235	318	65	23
252	317	64	22
268	317	63	22
272	318	64	22
265	318	64	22
259	317	64	23
254	317	64	23
250	317	64	24
246	316	63	23
242	317	63	24
237	317	64	23
233	317	64	23
229	317	65	22
225	316	65	23
221	317	64	23
216	317	64	23
212	317	64	23
209	317	64	23
204	318	64	23
201	317	63	23
196	318	64	23
192	318	65	23
189	318	65	23
185	319	64	22
181	319	64	22
184	320	64	21
197	320	65	21
216	320	65	21
232	320	67	21
248	320	66	21
265	321	66	21
282	322	64	21
289	322	63	21
282	322	64	22
277	321	64	22
272	322	64	23
267	322	64	23
263	322	63	23
260	323	62	23
256	323	64	23
252	324	64	23
248	324	64	22
244	324	64	22
240	324	64	22
237	325	64	23
233	324	64	23
229	324	64	23
226	324	64	23
222	325	65	23
219	325	65	22
215	325	65	22
212	325	64	23
208	325	65	23
204	326	65	23
202	325	65	23
198	325	64	24
195	325	64	24
192	325	63	24
188	325	63	23
186	326	63	23
182	326	64	23
177	327	64	23
174	327	64	22
170	326	65	22
167	327	63	22
169	327	63	22
182	326	66	22
201	326	66	21
218	327	64	22
223	326	63	22
216	326	63	22
212	325	63	23
208	325	64	23
204	325	64	23
200	324	64	22
196	324	65	23
193	324	65	22
190	324	64	22
187	323	65	23
184	323	65	23
181	324	64	23
178	323	63	23
175	322	64	23
172	323	64	23
168	323	64	23
165	322	64	23
162	322	64	23
161	323	64	23
172	322	67	23
192	322	66	22
210	322	65	22
226	322	66	23
244	322	66	23
262	321	65	23
280	321	65	23
293	321	62	23
290	321	62	24
285	321	64	23
281	320	64	24
278	320	63	23
275	320	63	23
272	320	63	23
269	320	63	22
266	320	63	22
262	320	63	23
259	319	63	23
257	319	63	23
253	319	64	23
251	319	63	22
248	319	62	23
247	319	62	22
258	318	65	22
277	319	65	22
295	319	65	22
311	318	64	22
330	317	64	22
346	317	64	23
350	317	63	22
343	317	63	22
338	317	63	22
335	317	62	22
331	317	62	23
327	316	62	23
325	316	62	23
322	317	62	23
319	318	62	23
315	318	63	22
312	318	63	22
309	318	62	23
305	318	63	23
302	318	63	23
298	318	64	23
295	319	64	22
292	320	63	22
290	320	63	23
286	319	64	22
283	319	64	23
282	320	64	22
293	320	66	22
312	321	65	21
331	320	65	22
337	321	63	22
331	320	64	22
327	320	62	23
323	320	62	23
319	321	63	23
316	320	63	23
312	319	63	23
308	320	63	23
305	320	64	22
302	320	63	23
298	320	63	23
296	320	62	23
293	320	62	23
289	320	62	23
286	320	62	23
282	319	63	23
280	319	62	23
276	319	62	23
272	319	62	23
270	319	63	23
278	319	65	23
297	319	66	22
316	318	65	22
332	318	64	22
343	318	63	23
338	317	63	23
333	318	62	22
329	318	62	23
325	318	62	23
322	318	62	23
318	318	62	23
313	317	62	23
310	317	63	23
306	317	63	23
302	317	63	23
299	318	62	23
295	318	63	23
291	318	63	23
288	318	62	23
283	318	64	23
280	317	64	23
276	318	63	23
273	318	63	23
269	318	63	23
266	318	63	23
261	319	63	23
258	318	62	23
254	319	62	23
250	319	62	23
247	319	63	23
252	320	63	22
269	320	64	22
286	319	64	22
302	320	64	23
319	319	64	23
326	320	63	22
318	320	63	23
313	320	63	24
308	320	63	24
304	320	63	24
300	320	63	23
295	320	63	23
291	321	62	23
287	322	62	22
282	322	62	23
278	322	63	22
274	322	62	22
278	323	63	21
293	323	64	22
309	324	62	22
307	323	63	23
301	324	63	23
296	323	63	23
292	324	63	23
287	324	62	23
283	325	63	23
278	325	64	23
274	326	63	23
270	326	63	23
267	327	62	24
262	327	62	23
257	328	62	23
253	328	62	23
249	329	63	23
244	329	63	23
240	329	64	23
235	329	64	23
231	330	63	23
227	330	63	23
223	331	63	23
218	331	62	23
214	331	63	24
211	331	64	24
222	331	65	23
239	333	65	22
256	334	64	22
272	334	64	22
288	334	64	22
298	333	63	22
293	334	63	22
288	334	62	22
283	334	63	22
277	334	63	22
272	334	63	23
268	335	63	23
263	334	63	22
259	334	62	22
254	335	63	22
249	335	63	23
245	335	63	23
239	335	63	23
235	335	63	23
230	335	63	22
226	336	63	23
222	336	63	22
217	336	63	22
212	336	62	22
208	337	63	23
203	337	63	22
198	338	64	22
192	338	64	22
188	338	64	22
183	338	64	22
180	338	63	21
189	339	65	21
208	340	64	21
223	338	64	21
238	339	65	21
254	339	65	22
271	339	64	22
285	338	64	22
302	338	64	22
313	338	62	23
309	338	62	23
302	338	63	22
296	338	63	22
291	337	63	22
286	337	63	22
280	336	63	22
276	336	63	22
271	335	63	22
266	335	63	23
261	335	64	23
256	334	63	23
251	334	62	23
246	334	63	23
241	333	62	23
236	334	63	23
231	333	62	22
226	333	62	23
221	333	62	22
215	332	62	22
210	332	63	23
205	332	62	22
201	323	62	23
196	312	62	24
191	309	62	23
186	310	62	22
180	311	62	22
181	311	62	22
194	311	64	22
211	311	64	22
225	310	64	22
241	311	63	22
257	310	63	22
274	310	63	22
286	311	63	23
282	310	64	23
276	310	62	22
270	311	62	23
265	311	63	22
268	311	62	22
280	310	63	22
299	311	62	21
315	311	62	21
330	311	63	21
338	310	62	22
332	310	62	22
326	309	62	22
321	309	62	22
316	310	61	22
310	310	61	21
305	310	61	22
300	310	62	22
295	310	62	22
290	310	61	22
285	310	62	22
280	310	61	22
275	310	61	22
270	310	62	22
266	310	62	22
264	310	62	22
277	310	63	22
295	311	63	21
311	310	63	21
326	310	63	21
341	309	63	22
356	309	63	21
372	309	63	22
388	308	62	22
386	308	62	23
379	308	62	23
373	308	62	23
368	308	62	23
364	308	61	23
359	307	61	23
354	308	61	23
350	308	62	23
345	307	61	23
340	306	61	23
336	307	61	22
331	307	61	22
327	307	61	22
322	306	61	22
317	306	61	22
313	305	61	22
308	305	60	23
304	304	60	23
299	303	61	23
294	304	62	23
290	303	61	23
286	303	61	23
281	302	61	23
277	302	61	23
273	302	61	23
268	302	61	22
264	302	61	22
259	302	61	23
254	301	62	22
249	301	62	22
246	301	62	22
241	301	62	22
237	301	62	22
242	301	63	22
258	301	63	22
276	300	63	21
285	300	61	22
279	300	62	22
272	300	62	22
268	300	62	23
263	300	62	23
258	300	62	23
255	300	62	23
250	301	62	23
246	300	62	23
254	300	63	22
272	302	63	21
289	301	62	21
306	302	62	21
321	302	62	21
338	302	62	22
350	302	61	22
348	302	60	22
341	303	61	22
336	303	61	23
332	304	61	23
327	305	61	22
322	305	61	23
318	305	61	23
314	307	60	22
309	307	61	22
306	307	60	22
302	308	60	22
297	308	61	23
293	309	60	23
289	310	60	23
285	310	60	23
280	310	60	23
276	311	60	23
272	312	61	23
268	312	60	23
264	313	61	23
260	314	61	23
256	315	61	22
252	315	62	22
248	316	61	22
245	316	61	22
241	316	61	22
237	317	61	23
233	318	61	22
229	318	61	22
227	319	61	22
237	320	63	22
255	320	63	21
272	321	62	21
288	322	63	21
298	321	61	22
293	322	61	22
287	322	61	22
284	323	61	22
280	323	60	22
275	324	60	22
271	324	60	23
266	325	61	23
262	326	60	23
258	327	61	22
255	327	60	22
251	328	60	22
247	329	61	22
243	330	61	22
238	331	61	22
235	331	60	22
232	332	60	22
227	332	61	22
223	333	61	22
220	333	61	22
216	334	61	22
213	334	60	22
210	335	60	22
206	335	61	22
202	337	60	22
199	337	61	22
194	337	61	21
191	338	61	21
187	339	61	21
184	340	61	21
180	341	61	21
177	340	61	21
183	342	62	20
198	342	64	21
217	343	63	21
233	343	62	21
236	344	61	20
229	345	61	20
224	345	60	21
220	345	60	21
216	346	61	22
213	346	60	21
209	347	60	22
206	347	60	22
202	347	61	22
200	348	60	22
207	349	62	21
225	350	63	21
243	350	62	21
260	351	63	21
277	351	62	21
294	351	63	21
311	352	62	21
321	352	61	22
317	352	61	22
312	352	61	22
309	353	60	22
305	353	60	22
302	348	60	22
299	337	60	23
296	328	60	22
293	330	60	21
290	331	60	22
287	332	60	22
283	333	60	22
280	334	60	22
289	334	62	21
308	335	62	20
326	335	61	21
343	334	62	21
360	334	62	21
378	335	62	21
393	334	60	21
393	335	59	22
386	335	60	22
383	336	59	22
381	336	59	22
376	335	60	22
373	336	59	22
370	336	59	22
366	336	60	22
363	337	59	22
359	336	60	22
356	337	60	22
353	337	60	22
350	337	60	22
348	338	60	22
345	339	60	22
342	339	60	22
340	338	59	22
337	329	59	23
334	321	59	23
331	323	58	22
327	325	59	22
325	325	59	22
322	326	59	22
319	326	59	22
316	326	59	22
312	327	60	22
310	327	60	22
307	327	59	22
304	328	59	22
302	328	59	22
298	329	60	22
295	329	59	21
293	330	59	21
290	329	60	21
287	329	59	21
283	329	59	21
280	330	60	22
277	330	60	22
274	329	60	21
272	331	59	21
269	330	60	21
266	331	59	21
263	331	60	21
260	331	60	21
257	331	60	22
254	331	60	22
251	331	61	22
248	332	60	22
245	331	60	22
242	326	60	23
240	316	59	23
236	307	59	23
233	307	59	22
231	308	59	22
228	309	59	22
237	309	61	21
255	309	62	21
274	309	61	20
291	309	60	20
307	309	58	20
306	309	58	21
300	309	59	21
296	309	59	21
292	309	60	21
289	309	59	21
286	310	59	21
282	309	59	21
280	310	59	21
276	310	59	21
274	309	59	21
270	310	59	21
268	310	59	21
265	310	60	21
261	310	59	21
258	310	59	21
255	309	59	21
252	309	59	21
249	309	59	21
246	310	60	21
243	309	59	21
239	309	60	21
236	309	60	21
234	308	60	21
232	309	59	21
244	308	61	21
262	309	61	20
280	309	61	20
298	308	62	20
316	308	61	20
323	308	60	21
318	307	60	21
313	307	60	21
309	307	59	22
306	307	59	22
303	307	59	22
299	307	59	22
296	307	59	21
294	307	58	21
291	307	59	21
288	308	59	21
284	308	59	20
280	308	59	20
277	307	59	20
274	307	59	20
270	307	60	21
267	307	59	21
264	307	59	21
260	307	60	21
257	306	60	21
254	306	59	21
251	305	59	21
249	306	58	21
246	305	58	21
242	305	58	21
238	305	58	21
236	304	59	21
232	304	59	21
229	303	59	21
226	303	60	21
223	303	59	21
220	303	59	21
216	302	59	21
213	301	59	21
210	302	60	21
207	301	60	21
205	300	59	21
201	300	59	21
198	300	60	22
197	300	60	22
203	299	62	21
221	299	63	21
241	299	61	21
259	298	60	21
266	299	60	20
261	298	60	21
257	298	60	21
254	298	59	20
251	298	59	20
247	297	59	20
244	296	59	21
241	297	60	21
238	297	60	20
235	297	60	20
237	297	59	19
251	297	61	19
269	297	61	19
288	297	60	19
305	297	59	19
309	296	58	19
303	296	59	20
299	295	59	21
296	295	59	20
293	294	59	20
290	294	59	21
287	294	58	21
284	294	58	21
282	294	58	21
279	295	58	21
276	294	59	21
273	294	59	21
271	294	59	21
268	294	59	21
264	294	59	21
262	294	59	21
269	294	61	20
287	294	61	20
305	294	59	20
310	294	57	20
