0.012053
0.014602
0.020569
0.020627
0.020672
0.020679
0.020612
0.020600
0.020607
0.020526
0.020689
0.020740
0.020710
0.020732
0.020703
0.020967
0.021024
0.020976
0.020821
0.020799
0.020969
0.020929
0.020956
0.021088
0.021099
0.020870
0.020770
0.020945
0.020886
0.021072
0.021084
0.020971
0.020977
0.020942
0.020983
0.020990
0.020971
0.020956
0.021048
0.020910
0.020927
0.020881
0.020977
0.020908
0.020941
0.020924
0.020960
0.020825
0.020822
0.020967
0.020873
0.021035
0.020981
0.020941
0.020958
0.021029
0.020852
0.020903
0.020928
0.020929
0.020899
0.020926
0.020942
0.021043
0.020875
0.020979
0.021022
0.020991
0.024964
0.024878
0.025066
0.024859
0.024935
0.024931
0.024956
0.024807
0.024903
0.024954
0.025002
0.024853
0.024936
0.024921
0.024956
0.024923
0.024831
0.024972
0.024917
0.024946
0.024893
0.024959
0.024909
0.024982
0.024953
0.024885
0.024971
0.024911
0.024999
0.024935
0.025096
0.024947
0.024919
0.025013
0.024989
0.024976
0.024940
0.024954
0.024839
0.025019
0.024933
0.024880
0.024943
0.024786
0.025028
0.024903
0.024774
0.024952
0.025032
0.025000
0.024883
0.025062
0.024995
0.025080
0.024804
0.024950
0.025017
0.024969
0.025009
0.024993
0.024908
0.024857
0.024889
0.025053
0.025135
0.024866
0.025015
0.024995
0.025101
0.025069
0.025103
0.025011
0.025003
0.024912
0.024894
0.024960
0.025031
0.024966
0.024988
0.024951
0.024866
0.024849
0.025036
0.024987
0.025133
0.025075
0.025052
0.025050
0.024981
0.025100
0.024989
0.024974
0.024966
0.024916
0.024987
0.025068
0.024888
0.025080
0.025038
0.024963
0.025138
0.025131
0.024974
0.024894
0.024938
0.025123
0.024995
0.024890
0.024915
0.024942
0.025054
0.025039
0.025002
0.025007
0.024917
0.025089
0.025069
0.024928
0.024887
0.025028
0.025049
0.024949
0.025079
0.025134
0.024873
0.025023
0.025036
0.025037
0.024842
0.025007
0.024988
0.024925
0.024945
0.024982
0.025039
0.024991
0.024893
0.024905
0.024864
0.024957
0.024961
0.025081
0.025040
0.025082
0.024890
0.024874
0.024895
0.024909
0.025050
0.025066
0.024848
0.024968
0.025146
0.024888
0.025055
0.025066
0.025006
0.024903
0.024947
0.024900
0.024984
0.025044
0.025106
0.025123
0.024899
0.024917
0.024991
0.024910
0.024897
0.024865
0.024909
0.025024
0.024986
0.025111
0.024998
0.025059
0.024901
0.024896
0.024848
0.024940
0.025007
0.024992
0.025078
0.024987
0.025023
0.024956
0.024837
0.025126
0.024940
0.024886
0.025034
0.025026
0.025021
0.024917
0.024883
0.024755
0.024853
0.024980
0.024974
0.024943
0.024830
0.024935
0.024896
0.024996
0.024907
0.025011
0.024830
0.025019
0.024825
0.024937
0.024921
0.024897
0.024934
0.025019
0.025039
0.022778
0.020462
0.020582
0.020518
0.020590
0.020636
0.020621
0.020602
0.020680
0.020586
0.020719
0.020668
0.020564
0.020574
0.020659
0.020513
0.020657
0.020486
0.020803
0.020535
0.020634
0.020593
0.020690
0.020667
0.020559
0.020618
0.020578
0.020594
0.020578
0.020610
0.020582
0.020524
0.020503
0.020679
0.020584
0.020593
0.020565
0.020668
0.020710
0.020673
0.020951
0.021047
0.020937
0.020856
0.020884
0.020881
0.020960
0.021045
0.020945
0.020925
0.020948
0.021038
0.020919
0.021025
0.020878
0.020874
0.020876
0.021142
0.020971
0.020942
0.020942
0.020917
0.020988
0.021007
0.020985
0.020995
0.021094
0.020937
0.020948
0.020976
0.020982
0.020956
0.020953
0.020979
0.020941
0.020897
0.020788
0.020920
0.020939
0.020940
0.020855
0.020891
0.020992
0.020874
0.020819
0.020856
0.020916
0.020931
0.020992
0.020877
0.020818
0.020761
0.023001
0.024921
0.024947
0.024943
0.025151
0.025016
0.024883
0.024799
0.024881
0.024879
0.024986
0.025096
0.024960
0.024929
0.025036
0.025018
0.025029
0.025029
0.024876
0.024885
0.024971
0.025079
0.025027
0.024921
0.024990
0.024897
0.024965
0.024952
0.024873
0.024868
0.024787
0.025054
0.024856
0.024923
0.024882
0.024836
0.024990
0.025105
0.024932
0.024871
0.024770
0.024955
0.024938
0.024873
0.024966
0.025025
0.024878
0.024930
0.024834
0.025068
0.025031
0.024868
0.024751
0.024926
0.025065
0.024974
0.024979
0.025023
0.024930
0.025025
0.024976
0.024966
0.024808
0.025007
0.024964
0.024957
0.024864
0.024801
0.024922
0.025014
0.025022
0.024879
0.024867
0.024979
0.024952
0.024892
0.024998
0.022789
0.020637
0.020569
0.020527
0.020546
0.020594
0.020530
0.020640
0.020566
0.020751
0.020454
0.020619
0.020671
0.020475
0.020581
0.020562
0.020570
0.020606
0.020504
0.020628
0.020633
0.020633
0.020605
0.020519
0.020565
0.020600
0.020411
0.020494
0.020548
0.020617
0.020682
0.020553
0.020655
0.020577
0.020589
0.020619
0.020660
0.020360
0.020585
0.020658
0.020880
0.020841
0.020896
0.020902
0.020778
0.020826
0.020955
0.020856
0.020963
0.020899
0.021086
0.020981
0.021011
0.020833
0.020953
0.020824
0.020887
0.020783
0.020820
0.020772
0.020779
0.020899
0.020884
0.020922
0.020807
0.020843
0.020815
0.020900
0.020911
0.020744
0.020829
0.020952
0.020755
0.020965
0.020835
0.020824
0.020771
0.020872
0.020714
0.020955
0.020859
0.020838
0.020710
0.020863
0.020781
0.020726
0.020743
0.020772
0.020923
0.020798
0.020744
0.020807
0.024764
0.024782
0.025015
0.025050
0.024964
0.025096
0.024740
0.024915
0.024891
0.024925
0.024991
0.024840
0.024864
0.024976
0.024847
0.024916
0.024853
0.024944
0.024957
0.025019
0.025092
0.024925
0.025051
0.024886
0.024780
0.024892
0.024854
0.025071
0.024900
0.024877
0.024992
0.024889
0.024864
0.025012
0.024893
0.024983
0.024920
0.024790
0.024981
0.024846
0.024895
0.024899
0.024915
0.024848
0.025000
0.024798
0.024812
0.025017
0.024944
0.025054
0.024894
0.024904
0.024933
0.025074
0.024915
0.025005
0.024965
0.024835
0.024801
0.025060
0.024899
0.025041
0.024950
0.024953
0.025030
0.025084
0.024966
0.025108
0.024924
0.024863
0.025018
0.024916
0.024978
0.025058
0.024934
0.024908
0.025086
0.025032
0.024982
0.024865
0.024864
0.024995
0.024967
0.024931
0.024835
0.024880
0.024965
0.024873
0.024854
0.025019
0.024906
0.024939
0.024938
0.024980
0.025048
0.024934
0.024937
0.024966
0.024939
0.024897
0.025044
0.025035
0.024902
0.025011
0.024939
0.024971
0.024899
0.024843
0.024898
0.024968
0.024742
0.024857
0.024741
0.024995
0.024957
0.025027
0.024847
0.022820
0.015340
0.018635
0.024780
0.018915
0.018882
0.024923
0.016957
0.024943
0.016918
0.024768
0.018766
0.026762
0.015230
0.018565
0.024849
0.016920
0.023135
0.018511
0.024833
0.018861
0.026793
0.015055
0.026489
0.015247
0.026576
0.015216
0.026386
0.015170
0.026479
0.015230
0.026439
0.015278
0.026466
0.015267
0.026572
0.015436
0.026454
0.015184
0.022927
0.017056
0.021107
0.021642
0.020912
0.021723
0.021400
0.020714
0.023495
0.027035
0.013407
0.021241
0.021383
0.021361
0.020981
0.023423
0.023329
0.017010
0.021297
0.021576
0.021329
0.021443
0.021241
0.021336
0.024841
0.017198
0.023221
0.027003
0.013396
0.023297
0.026695
0.013363
0.024909
0.017091
0.024978
0.017160
0.021457
0.024967
0.017125
0.023252
0.027020
0.013393
0.021337
0.023450
0.026637
0.013382
0.023186
0.024792
0.017010
0.020755
0.020830
0.020705
0.020990
0.020661
0.020715
0.021082
0.020640
0.020657
0.020949
0.020690
0.020628
0.020861
0.020609
0.020840
0.020659
0.021003
0.020738
0.020963
0.020742
0.021061
0.020627
0.020971
0.020648
0.020946
0.020731
0.021091
0.020731
0.020697
0.020899
0.020641
0.020773
0.020890
0.020603
0.020758
0.020918
0.020619
0.021094
0.021375
0.021274
0.020771
0.021299
0.020735
0.021301
0.020994
0.021307
0.021167
0.020911
0.021219
0.020803
0.021279
0.020860
0.021270
0.020914
0.021093
0.020891
0.021292
0.020863
0.021148
0.020812
0.021284
0.021154
0.020928
0.021239
0.021256
0.020874
0.021257
0.020938
0.021405
0.021337
0.021023
0.021246
0.021131
0.020983
0.021320
0.021009
0.021410
0.021281
0.020980
0.021207
0.021152
0.020965
0.021294
0.021163
0.020964
0.021428
0.021302
0.024829
0.024822
0.025047
0.025072
0.025054
0.025194
0.024920
0.024892
0.025008
0.024865
0.024879
0.024996
0.025002
0.025042
0.024872
0.025178
0.024996
0.024968
0.024949
0.024930
0.024910
0.024935
0.025012
0.024966
0.024990
0.024813
0.025078
0.024846
0.025025
0.025073
0.025022
0.025017
0.025078
0.024898
0.024922
0.024992
0.025102
0.024784
0.024950
0.024915
0.024863
0.025076
0.024985
0.024946
0.025068
0.024979
0.024942
0.025014
0.024987
0.024941
0.024947
0.025037
0.025022
0.024968
0.025058
0.024938
0.024970
0.024968
0.025005
0.024925
0.025017
0.025022
0.025052
0.025088
0.024997
0.024988
0.025031
0.024900
0.024943
0.024865
0.024905
0.024940
0.024959
0.024991
0.024896
0.025003
0.024940
0.024888
0.024943
0.024749
0.025123
0.025062
0.025063
0.025118
0.025045
0.024893
0.024887
0.024868
0.025003
0.024986
0.024827
0.025121
0.024916
0.025021
0.025064
0.024927
0.024895
0.024948
0.024931
0.024964
0.024904
0.025028
0.025100
0.024921
0.024911
0.025013
0.024981
0.024896
0.024896
0.024793
0.024926
0.025026
0.025049
0.024952
0.024983
0.024924
0.024755
0.024979
0.025069
0.024866
0.025059
0.025079
0.025103
0.024982
0.024995
0.024908
0.024853
0.024889
0.025032
0.025100
0.024913
0.025011
0.024973
0.025039
0.025123
0.025004
0.025031
0.025007
0.025024
0.024755
0.025093
0.024980
0.025032
0.024906
0.024832
0.025020
0.025065
0.025007
0.025003
0.025066
0.025003
0.024930
0.025098
0.024855
0.025072
0.024964
0.025099
0.025153
0.025012
0.024993
0.025020
0.025099
0.024959
0.025113
