0.012312
0.014607
0.020653
0.020659
0.020763
0.020604
0.020638
0.020718
0.020657
0.020673
0.020648
0.020618
0.020696
0.020719
0.020752
0.020717
0.020727
0.020695
0.020643
0.020661
0.020735
0.020633
0.020777
0.020621
0.020699
0.020791
0.020680
0.020700
0.020730
0.020742
0.020767
0.020641
0.020778
0.020752
0.021013
0.021019
0.021078
0.021018
0.021025
0.020895
0.020876
0.020849
0.020924
0.020955
0.020994
0.020861
0.020994
0.020960
0.021104
0.021146
0.021034
0.021020
0.021047
0.020928
0.020952
0.021018
0.021011
0.020854
0.020876
0.021003
0.021050
0.020984
0.020985
0.020998
0.020986
0.021070
0.021007
0.020865
0.020968
0.021050
0.021067
0.021159
0.021071
0.020964
0.020919
0.020989
0.021001
0.021078
0.021000
0.020854
0.020931
0.020981
0.021026
0.020955
0.021081
0.020973
0.023137
0.024881
0.026889
0.018968
0.015114
0.028524
0.019087
0.018871
0.024819
0.018956
0.018780
0.024565
0.019092
0.017336
0.024595
0.022712
0.017234
0.024661
0.017257
0.020595
0.024933
0.019139
0.022877
0.019197
0.014983
0.028411
0.019148
0.022717
0.019105
0.022906
0.019134
0.015120
0.028300
0.019088
0.014919
0.028630
0.017271
0.024611
0.019123
0.014948
0.026954
0.017547
0.026640
0.017574
0.021499
0.023110
0.023080
0.013512
0.025400
0.020969
0.021723
0.023186
0.023081
0.017446
0.021475
0.023219
0.015165
0.025487
0.021356
0.021450
0.021507
0.023009
0.022983
0.017479
0.021472
0.021292
0.023481
0.023059
0.017311
0.023148
0.023178
0.017518
0.023182
0.023005
0.017416
0.021221
0.021486
0.023368
0.022933
0.017412
0.021299
0.023538
0.023163
0.017416
0.023201
0.023030
0.017317
0.023278
0.023091
0.023316
0.021099
0.029157
0.021179
0.029084
0.021257
0.029207
0.021304
0.029088
0.021339
0.029214
0.021293
0.029214
0.021273
0.029130
0.021307
0.029150
0.021311
0.029137
0.021234
0.029197
0.021210
0.029127
0.021092
0.029083
0.021266
0.029201
0.021280
0.029073
0.021149
0.029086
0.021258
0.029214
0.021146
0.029111
0.021157
0.029097
0.021259
0.029091
0.021242
0.029150
0.021319
0.029167
0.021356
0.029292
0.021263
0.029108
0.021185
0.029173
0.021327
0.029112
0.021196
0.029135
0.021446
0.029197
0.021231
0.029120
0.021198
0.029145
0.021102
0.029235
0.021096
0.029048
0.021118
0.029067
0.021199
0.029200
0.021223
0.029205
0.021262
0.029173
0.021275
0.029045
0.021265
0.029219
0.021231
0.029104
0.021199
0.029271
0.021357
0.029128
0.021151
0.029078
0.021286
0.029288
0.021343
0.029333
0.021172
0.026983
0.014990
0.024756
0.017379
0.024677
0.017354
0.024611
0.018948
0.017391
0.026148
0.017321
0.024606
0.017261
0.018868
0.016960
0.016808
0.016820
0.016920
0.016930
0.018290
0.013180
0.018779
0.018354
0.012987
0.018626
0.018417
0.013003
0.018695
0.018381
0.012991
0.020297
0.016857
0.013120
0.018608
0.018501
0.012954
0.020251
0.013095
0.020369
0.013054
0.020298
0.013072
0.020403
0.012997
0.018639
0.018489
0.013256
0.020761
0.013314
0.019074
0.018777
0.015101
0.018607
0.013287
0.019238
0.018634
0.013253
0.020577
0.013279
0.020667
0.013364
0.020839
0.017266
0.017317
0.017346
0.017246
0.017309
0.017254
0.017232
0.017157
0.019403
0.013178
0.016946
0.017523
0.017323
0.017372
0.017403
0.017423
0.017343
0.017338
0.019096
0.017383
0.017257
0.017287
0.017294
0.019518
0.013484
0.017351
0.017275
0.017302
0.017227
0.017332
0.020656
0.021103
0.020927
0.021032
0.021081
0.020962
0.021029
0.020898
0.021065
0.020881
0.021115
0.021004
0.021109
0.021122
0.020959
0.020952
0.020976
0.020935
0.020963
0.021039
0.025098
0.025084
0.024999
0.025043
0.025123
0.024923
0.025126
0.025104
0.024924
0.025114
0.025033
0.025074
0.025195
0.024976
0.025030
0.024873
0.025012
0.024995
0.024914
0.025053
0.025033
0.024906
0.025061
0.025045
0.024893
0.025047
0.024937
0.025136
0.025054
0.024935
0.024954
0.025021
0.025036
0.024877
0.024945
0.024930
0.024894
0.024933
0.024973
0.025035
0.025105
0.024989
0.025035
0.025032
0.025103
0.025069
0.025082
0.025013
0.025080
0.025022
0.025066
0.024839
0.025099
0.024953
0.025046
0.025070
0.025078
0.025019
0.025048
0.025001
0.025016
0.025115
0.025130
0.025052
0.024945
0.024979
0.025099
0.025055
0.025028
0.024975
0.025112
0.025180
0.024967
0.024891
0.024982
0.025043
0.024980
0.025074
0.025037
0.024885
0.025033
0.025128
0.024955
0.024924
0.025141
0.025042
0.025186
0.024796
0.024918
0.025068
0.024917
0.025037
0.024964
0.024963
0.024904
0.024917
0.025067
0.024940
0.025058
0.024905
0.024918
0.025093
0.024993
0.025067
0.024934
0.025042
0.025081
0.024905
0.025078
0.025034
0.025041
0.024938
0.024967
0.024857
0.024930
0.024919
0.024971
0.025023
0.025191
0.024977
0.024872
0.025086
0.025169
0.024980
0.024971
0.025104
0.024986
0.025023
0.024971
0.025149
0.024934
0.024866
0.025095
0.024999
0.025005
0.025081
0.025162
0.025052
0.024953
0.025144
0.025044
0.025035
0.025020
0.025008
0.025090
0.025100
0.025035
0.025137
0.025028
0.024964
0.024987
0.024974
0.024893
0.025014
0.024967
0.024852
0.024981
0.025049
0.024988
0.024861
0.024873
0.024945
0.025135
0.025095
0.024972
0.024920
0.025046
0.025075
0.024901
0.024843
0.025005
0.025026
0.025110
0.024936
0.024955
0.024961
0.024952
0.024884
0.024871
0.025026
0.025078
0.025118
0.025026
0.025120
0.025110
0.025041
0.025080
0.025007
0.024969
0.025140
0.025000
0.025018
0.024887
0.025057
0.025046
0.024916
0.024959
0.025032
0.024992
0.024973
0.024898
0.025140
0.025119
0.025027
0.024863
0.024938
0.025029
0.024910
0.024978
0.025071
0.024978
0.025063
0.025037
0.024985
0.025228
0.025103
0.024952
0.024983
0.024881
0.024965
0.025049
0.025061
0.024964
0.024840
0.025020
0.025047
0.024991
0.025027
0.024840
0.024882
0.025168
0.025123
0.024863
0.025089
0.025086
0.024915
0.024945
0.025124
0.025007
0.024966
0.025082
0.024897
0.024888
0.024948
0.025109
0.025004
0.025059
0.024952
0.024980
0.024858
0.025028
0.025184
0.024940
0.025023
0.025045
0.025061
0.025116
0.025062
0.025048
0.024988
0.025042
0.025244
0.025094
0.025208
0.025175
0.025116
0.024905
0.025017
0.025084
0.025052
0.024991
0.025079
0.024937
0.024913
0.024966
0.024884
0.024973
0.024988
0.025072
0.025021
0.025110
0.024997
0.025039
0.024944
0.025053
0.024992
0.025172
0.025217
0.025057
0.025057
0.025064
0.025113
0.025067
0.025014
0.025012
0.025010
0.025027
0.025035
0.025085
0.024987
0.025075
0.024979
0.024889
0.025027
0.025087
0.025139
0.025107
0.025157
0.025138
0.024971
0.025041
0.025105
0.025203
0.024911
0.025007
0.025105
0.025156
0.025005
0.025170
0.025064
0.025021
0.025002
0.024872
0.024869
0.025080
0.025217
0.024937
0.024918
0.025128
0.024861
0.025038
0.025031
0.025121
0.025034
0.025081
0.024973
0.024939
0.024962
0.025029
0.024984
0.024989
0.024913
0.025026
0.025021
0.025023
0.024944
0.025048
0.024859
0.024940
0.025235
0.024923
0.024920
0.024959
0.025008
0.024943
0.024988
0.024996
0.025063
0.024872
0.024934
0.025024
0.025008
0.025014
0.024928
0.024910
0.025110
0.024959
0.024861
0.025009
0.025065
0.025012
0.024950
0.025066
0.025221
0.025001
0.025012
0.024977
0.025079
0.025101
0.024994
0.024904
0.025087
0.024955
0.025171
0.024901
0.024928
0.025091
0.025070
0.024955
0.025004
0.024950
0.024974
0.024964
0.025045
0.025003
0.025197
0.024845
0.025037
0.025023
0.024949
0.024904
0.025021
0.024934
0.025026
0.024890
0.024905
0.024903
0.024949
0.025052
0.024981
0.024987
0.025112
0.025091
0.024950
0.024956
0.024825
0.024969
0.024871
0.024904
0.025034
0.025023
0.025002
0.024983
0.024998
0.024915
0.025100
0.024940
0.020743
0.020818
0.020907
0.020627
0.020629
0.020676
0.020665
0.020692
0.020682
0.020679
0.020708
0.020560
0.020636
0.020651
0.020589
0.020644
0.020632
0.020565
0.020678
0.020668
0.020569
0.020511
0.020573
0.020689
0.020479
0.020663
0.020617
0.020668
0.020742
0.020741
0.020760
0.020652
0.020652
0.020772
0.020763
0.020603
0.020642
0.020519
0.020540
0.020767
0.021100
0.020948
0.020995
0.020982
0.020940
0.021060
0.021052
0.020888
0.020930
0.020987
0.021042
0.021060
0.020859
0.020843
0.020899
0.021022
0.021015
0.020988
0.020973
0.020995
0.021113
0.020988
0.021081
0.020935
0.020805
0.020735
0.020958
0.021006
0.020910
0.020965
0.020782
0.020878
0.020833
0.020778
0.020865
0.020942
0.020729
0.020864
0.020870
0.021003
0.020974
0.020921
0.020943
0.020843
0.020842
0.020833
0.020973
0.020760
0.020853
0.020891
0.020994
0.020965
0.024980
0.024968
0.025071
0.025071
0.025045
0.024875
0.025034
0.025087
0.024978
0.025224
0.025156
0.025017
0.025039
0.024957
0.024982
0.025082
0.025022
0.024948
0.025088
0.025033
0.024959
0.025010
0.025058
0.025017
0.024990
0.025058
0.025098
0.024996
0.024939
0.024927
0.024941
0.024952
0.025010
0.024899
0.024921
0.025040
0.025096
0.024960
0.024976
0.024901
0.025014
0.025019
0.025125
0.024994
0.024923
0.025005
0.024950
0.024843
0.024802
0.025042
0.025032
0.025004
0.025003
0.024966
0.025114
0.025046
0.024906
0.024989
0.025104
0.024912
0.025051
0.025041
0.024976
0.025080
0.024938
0.024937
0.025071
0.024853
0.024871
0.025050
0.025218
0.024952
0.025048
0.025051
0.025239
0.025177
0.025190
0.024976
0.025035
0.025085
0.025011
0.024942
0.025213
0.025066
0.024911
0.024981
0.024880
0.025188
0.025031
0.025001
0.025151
0.024984
0.025082
0.025045
0.025140
0.025091
0.024904
0.024994
0.025017
0.025080
0.025047
0.025143
0.025133
0.025139
0.025094
0.025017
