0.008122
0.020519
0.025205
0.025076
0.025015
0.025148
0.025085
0.024976
0.025142
0.025054
0.025077
0.025049
0.025134
0.025118
0.025058
0.025167
0.025144
0.025069
0.024986
0.025195
0.025181
0.025091
0.024998
0.025221
0.025069
0.025136
0.025000
0.025169
0.025031
0.025055
0.025038
0.025027
0.024853
0.025111
0.025147
0.025261
0.025145
0.025166
0.025134
0.025093
0.024965
0.024971
0.025002
0.025126
0.025011
0.025099
0.025075
0.025140
0.025179
0.025170
0.025047
0.025121
0.025102
0.025113
0.025184
0.025010
0.025050
0.025136
0.025192
0.025166
0.025092
0.025054
0.025157
0.025030
0.025054
0.024901
0.025129
0.024966
0.025108
0.025091
0.025136
0.025120
0.025029
0.024932
0.025169
0.025162
0.025081
0.025031
0.025086
0.025103
0.025244
0.025125
0.025160
0.024911
0.025125
0.025097
0.025065
0.025233
0.025098
0.025244
0.025027
0.025073
0.025198
0.025098
0.025068
0.024961
0.024938
0.025149
0.025045
0.025204
0.025090
0.025188
0.025047
0.025090
0.025272
0.025201
0.024989
0.025086
0.025110
0.025132
0.025039
0.025211
0.025235
0.025010
0.025047
0.025181
0.024936
0.025064
0.025082
0.025112
0.025091
0.025071
0.025096
0.025119
0.025025
0.025059
0.025051
0.025188
0.025148
0.025114
0.025049
0.025157
0.025164
0.024981
0.025151
0.025160
0.025085
0.025029
0.024959
0.025052
0.025083
0.025159
0.025152
0.025062
0.025056
0.025039
0.025128
0.024994
0.025186
0.025050
0.025107
0.025164
0.024979
0.025144
0.025093
0.025072
0.024959
0.025035
0.025204
0.025161
0.025147
0.025133
0.025059
0.025292
0.025036
0.025195
0.025151
0.025217
0.025173
0.025023
0.025076
0.025227
0.025187
0.025249
0.024975
0.025162
0.025213
0.025180
0.025029
0.025039
0.024965
0.025031
0.025072
0.025196
0.025221
0.025302
0.025172
0.025077
0.025022
0.025119
0.025138
0.025177
0.025256
0.025142
0.025041
0.025163
0.025190
0.025097
0.025134
0.025156
0.025147
0.025062
0.025014
0.025117
0.025137
0.025084
0.025148
0.024983
0.025069
0.025133
0.025011
0.025137
0.025186
0.025258
0.025210
0.025260
0.025155
0.025155
0.025138
0.025058
0.025167
0.025184
0.025170
0.024915
0.025042
0.025108
0.025082
0.025156
0.025040
0.025257
0.025194
0.025199
0.025119
0.024992
0.025197
0.025066
0.025212
0.025052
0.025116
0.025233
0.025115
0.025217
0.024968
0.024899
0.025098
0.025090
0.025135
0.025096
0.025185
0.025172
0.025130
0.025162
0.025082
0.025047
0.024989
0.025166
0.024942
0.025173
0.025242
0.025110
0.025070
0.025126
0.025204
0.025281
0.025182
0.025129
0.025069
0.025178
0.025067
0.025019
0.025090
0.025122
0.025055
0.025174
0.025091
0.025212
0.025156
0.025056
0.025143
0.025114
0.025100
0.025280
0.025028
0.025095
0.025091
0.025131
0.025139
0.025079
0.025103
0.025144
0.025115
0.025018
0.025116
0.025252
0.025124
0.025182
0.025103
0.025196
0.024946
0.025228
0.025132
0.025213
0.025025
0.025139
0.025117
0.025087
0.024968
0.025075
0.024993
0.025168
0.025031
0.025126
0.025183
0.025167
0.025181
0.025141
0.025181
0.025163
0.025179
0.025067
0.025029
0.025050
0.024920
0.025187
0.025066
0.025062
0.025228
0.025204
0.025152
0.025045
0.025055
0.025042
0.025096
0.025249
0.020807
0.020754
0.020912
0.020749
0.020809
0.020693
0.020779
0.020794
0.020864
0.020730
0.020796
0.020780
0.020576
0.020578
0.020767
0.020696
0.020677
0.020792
0.020606
0.020859
0.020645
0.020680
0.020886
0.020777
0.020730
0.020689
0.020602
0.020594
0.020692
0.020691
0.020683
0.020723
0.020659
0.020767
0.020638
0.020750
0.020733
0.020776
0.020907
0.020957
0.021125
0.020932
0.021057
0.021134
0.020972
0.020945
0.020972
0.020983
0.020996
0.020997
0.021038
0.021115
0.020957
0.021127
0.020974
0.021118
0.021102
0.020964
0.021182
0.021078
0.021234
0.021028
0.021220
0.020952
0.021104
0.021109
0.020970
0.020987
0.020955
0.021068
0.021030
0.021029
0.020986
0.021065
0.020972
0.020892
0.021075
0.021017
0.020999
0.021089
0.021027
0.020974
0.020886
0.020933
0.020938
0.021035
0.020904
0.020971
0.020822
0.021114
0.021016
0.023176
0.025028
0.025150
0.025092
0.025044
0.025037
0.025133
0.025039
0.025083
0.024958
0.025144
0.025042
0.025144
0.024932
0.025081
0.025131
0.025132
0.025027
0.025103
0.025100
0.025157
0.025148
0.024953
0.025040
0.025265
0.025253
0.025171
0.025058
0.025108
0.025151
0.025077
0.025044
0.024969
0.025025
0.025006
0.024964
0.025119
0.025002
0.025093
0.025100
0.025101
0.025147
0.025003
0.025153
0.025002
0.025171
0.024958
0.024996
0.024962
0.025028
0.025023
0.025129
0.025170
0.025038
0.025236
0.025097
0.024862
0.025077
0.025066
0.025090
0.025088
0.025061
0.025120
0.024910
0.025096
0.025099
0.025027
0.025163
0.025256
0.025166
0.025129
0.025074
0.025119
0.025095
0.024954
0.025015
0.025015
0.025035
0.024945
0.025180
0.025277
0.025127
0.025162
0.024969
0.025045
0.025068
0.025155
0.025203
0.025209
0.025257
0.025131
0.025042
0.025201
0.025055
0.025168
0.025247
0.024946
0.025115
0.025019
0.025153
0.024998
0.025049
0.025076
0.025285
0.025115
0.025006
0.025105
0.025200
0.025102
0.025132
0.025003
0.025130
0.024934
0.025169
0.025126
0.025165
0.025140
0.025093
0.024970
0.024999
0.025143
0.025185
0.025000
0.025086
0.024964
0.025203
0.025188
0.025177
0.025190
0.025149
0.025010
0.025092
0.025242
0.024996
0.025202
0.025194
0.025038
0.025010
0.025042
0.024985
0.024956
0.025115
0.025193
0.024969
0.025078
0.025007
0.025049
0.025131
0.025108
0.025117
0.025068
0.025086
0.025144
0.025140
0.025036
0.025043
0.025124
0.025139
0.025148
0.025079
0.025166
0.025086
0.025053
0.025016
0.025201
0.025056
0.025150
0.025187
0.025093
0.025168
0.025047
0.025062
0.025191
0.025187
0.025114
0.025026
0.025157
0.025120
0.025161
0.025107
0.025075
0.025150
0.025041
0.025062
0.025086
0.024977
0.025094
0.025061
0.025075
0.025003
0.025107
0.025189
0.025227
0.024985
0.025154
0.025079
0.025029
0.025041
0.024857
0.025099
0.025048
0.025051
0.025152
0.025163
0.025250
0.025181
0.025063
0.025245
0.025235
0.024958
0.025062
0.025164
0.025245
0.025048
0.025040
0.025081
0.025090
0.025108
0.025141
0.025165
0.024950
0.025003
0.024989
0.025154
0.025212
0.025153
0.025198
0.025239
0.025282
0.025008
0.025223
0.025191
0.025062
0.025052
0.025133
0.025036
0.025000
0.025155
0.025214
0.025168
0.024867
0.025029
0.025003
0.025143
0.025098
0.025228
0.025164
0.025175
0.025111
0.025107
0.025138
0.025125
0.025067
0.025038
0.020882
0.020822
0.020787
0.020730
0.020679
0.020575
0.020765
0.020737
0.020679
0.020716
0.020735
0.020787
0.020693
0.020827
0.020864
0.020766
0.020779
0.020703
0.020784
0.020802
0.020622
0.020807
0.020603
0.020651
0.020867
0.020644
0.020780
0.020823
0.020700
0.020855
0.020639
0.020722
0.020811
0.020647
0.020674
0.020734
0.020776
0.020836
0.020728
0.021033
0.021085
0.020907
0.021063
0.020972
0.020980
0.021093
0.021040
0.020957
0.021075
0.014914
0.015350
0.022831
0.012966
0.020867
0.013009
0.021047
0.013119
0.020818
0.012948
0.020965
0.011414
0.018882
0.020917
0.017123
0.017142
0.017092
0.017172
0.017101
0.013094
0.020942
0.017133
0.017052
0.011118
0.022748
0.017090
0.017179
0.017017
0.017143
0.017289
0.017104
0.017106
0.017112
0.013069
0.020478
0.020735
0.020595
0.020833
0.020699
0.020741
0.020812
0.020618
0.020586
0.020753
0.020744
0.020947
0.021044
0.021022
0.021001
0.021039
0.020946
0.020906
0.020899
0.020969
0.021128
0.021057
0.020888
0.021024
0.020865
0.020922
0.020909
0.021093
0.020992
0.021081
0.021055
0.021054
0.020864
0.020967
0.021003
0.020977
0.021046
0.020994
0.021050
0.021085
0.020941
0.020952
0.021055
0.021108
0.020981
0.021104
0.021060
0.021048
0.020854
0.021008
0.020868
0.021003
0.020985
0.021106
0.020848
0.020998
0.020968
0.021117
0.021106
0.021050
0.021045
0.020954
0.021157
0.021033
0.024878
0.025127
0.025029
0.025168
0.025146
0.024975
0.025233
0.025171
0.025066
0.025009
0.025003
0.025218
0.025154
0.025094
0.025059
0.025125
0.025080
0.025152
0.025218
0.025145
0.025065
0.025127
0.025107
0.025180
0.025042
0.025150
0.024993
0.025210
0.025123
0.025029
0.024969
0.025053
0.024898
0.025029
0.020746
0.020790
0.020780
0.020853
0.020933
0.020817
0.020772
0.020949
0.020927
0.020929
0.020651
0.020822
0.020863
0.020856
0.020742
0.020756
0.020680
0.020843
0.020826
0.020804
0.020723
0.016513
0.016544
0.016582
0.016428
0.016639
0.016473
0.016499
0.016608
0.016602
0.016448
0.016565
0.016611
0.016574
0.016539
0.016526
0.016504
0.016495
0.016508
0.016393
0.016381
0.016465
0.016431
0.016531
0.016912
0.016660
0.016809
0.016720
0.016702
0.016702
0.016827
0.016795
0.016759
0.016723
0.016810
0.016666
0.016734
0.016703
0.016691
0.016718
0.016680
0.016691
0.016854
