0.008947
0.013882
0.020954
0.021043
0.020925
0.020816
0.021023
0.020962
0.021022
0.021000
0.020977
0.021089
0.021097
0.021052
0.020933
0.020909
0.020899
0.021053
0.020833
0.020975
0.021193
0.021112
0.020921
0.020882
0.021170
0.021013
0.021257
0.021027
0.021203
0.021014
0.020908
0.021020
0.021050
0.020946
0.021086
0.020924
0.020944
0.021209
0.020855
0.021034
0.021240
0.020889
0.021061
0.020849
0.021009
0.021066
0.020949
0.020911
0.020931
0.021003
0.021071
0.020926
0.020976
0.020885
0.021065
0.024956
0.025061
0.024985
0.025035
0.025136
0.025061
0.025014
0.025073
0.024936
0.024937
0.024979
0.025020
0.024928
0.025050
0.025172
0.025029
0.024926
0.024924
0.025130
0.025110
0.024999
0.025059
0.025218
0.025048
0.025102
0.025148
0.025065
0.025078
0.024907
0.025012
0.025148
0.024978
0.025166
0.024987
0.025032
0.025043
0.025110
0.025133
0.025162
0.025105
0.025120
0.025051
0.025105
0.025048
0.025028
0.024946
0.025087
0.025055
0.025101
0.024972
0.025026
0.024984
0.025206
0.025046
0.024986
0.024996
0.024893
0.024981
0.025025
0.025037
0.024967
0.025078
0.025040
0.024961
0.025045
0.025054
0.025046
0.025125
0.025067
0.024931
0.025139
0.025026
0.024964
0.025224
0.025075
0.025024
0.025079
0.024962
0.025016
0.025041
0.024989
0.025047
0.025110
0.025035
0.024981
0.025113
0.024961
0.024917
0.025001
0.025142
0.025128
0.025110
0.024931
0.025211
0.025322
0.024960
0.025095
0.025038
0.024954
0.025206
0.025142
0.025198
0.025030
0.025193
0.025062
0.025047
0.024931
0.024970
0.024963
0.025043
0.025011
0.024991
0.024945
0.024978
0.025098
0.024946
0.025106
0.025042
0.025096
0.025115
0.025095
0.025138
0.025071
0.025168
0.025097
0.025057
0.025130
0.025050
0.025034
0.025097
0.025105
0.025126
0.025026
0.025037
0.025088
0.025096
0.025035
0.025209
0.025040
0.025114
0.025115
0.025096
0.025020
0.024827
0.025147
0.025030
0.025039
0.024952
0.025085
0.025153
0.025028
0.024996
0.024989
0.024980
0.025009
0.025104
0.024920
0.025102
0.024954
0.025072
0.022845
0.020870
0.020645
0.020766
0.020753
0.020711
0.020471
0.020770
0.020631
0.020586
0.020591
0.020714
0.020657
0.020606
0.020640
0.020644
0.020542
0.020626
0.020612
0.020706
0.020536
0.020619
0.020601
0.020768
0.020688
0.020643
0.020553
0.020643
0.020595
0.020713
0.020609
0.020699
0.020539
0.020666
0.020614
0.020621
0.020586
0.020503
0.020649
0.020606
0.020961
0.021019
0.021055
0.020815
0.020839
0.021034
0.020857
0.020839
0.020916
0.020937
0.021120
0.020836
0.020895
0.020937
0.016676
0.016836
0.016620
0.016722
0.016726
0.016595
0.016676
0.016603
0.016773
0.016755
0.016550
0.016678
0.016549
0.016600
0.016511
0.016635
0.016515
0.016537
0.016512
0.016527
0.016687
0.016563
0.016546
0.016565
0.016574
0.016572
0.016501
0.016668
0.016560
0.016567
0.016574
0.016539
0.016604
0.016518
0.016528
0.016510
0.016577
0.016584
0.020701
0.020808
0.020515
0.020728
0.020738
0.020873
0.020561
0.020632
0.020641
0.020983
0.021065
0.020972
0.020838
0.020877
0.020931
0.021034
0.020989
0.021038
0.021029
0.020917
0.020948
0.020954
0.021038
0.020957
0.021009
0.020937
0.020833
0.020822
0.020841
0.021093
0.020905
0.021119
0.020951
0.020910
0.020781
0.020939
0.020964
0.020936
0.020831
0.020941
0.020962
0.021013
0.020820
0.020956
0.020999
0.020891
0.020954
0.020935
0.020863
0.021120
0.020991
0.020903
0.020831
0.021055
0.020894
0.020941
0.020971
0.020981
0.020979
0.020893
0.020998
0.024897
0.024942
0.025085
0.025129
0.025018
0.025060
0.024940
0.025004
0.025023
0.025010
0.024950
0.024994
0.024916
0.025087
0.025065
0.025116
0.025201
0.024839
0.025018
0.025045
0.025112
0.025075
0.025010
0.025030
0.025073
0.025000
0.024918
0.024844
0.025248
0.025161
0.025053
0.025091
0.025088
0.025116
0.025082
0.024974
0.025135
0.024773
0.025095
0.025008
0.024904
0.024909
0.024969
0.025029
0.025213
0.025088
0.025034
0.024941
0.025083
0.024905
0.025142
0.025058
0.025008
0.024931
0.025079
0.025106
0.025141
0.025038
0.025073
0.025102
0.024940
0.025098
0.025176
0.025091
0.024973
0.025066
0.024930
0.025181
0.025015
0.024937
0.025048
0.025015
0.024879
0.024877
0.025237
0.024934
0.025073
0.020861
0.020817
0.020655
0.020701
0.020662
0.020707
0.020578
0.020817
0.020663
0.020718
0.020720
0.020521
0.020572
0.020531
0.020674
0.020542
0.020584
0.020642
0.020452
0.020604
0.020643
0.020601
0.020583
0.020565
0.020679
0.020624
0.020792
0.020671
0.020703
0.020471
0.020499
0.020708
0.020548
0.020783
0.020809
0.020569
0.020583
0.020715
0.020753
0.020900
0.021085
0.020989
0.020936
0.020995
0.020798
0.021101
0.021063
0.020920
0.020947
0.020968
0.021128
0.020963
0.020956
0.020940
0.021028
0.021009
0.020972
0.020930
0.020890
0.021014
0.021064
0.021001
0.021005
0.021012
0.021017
0.021044
0.020909
0.021083
0.020895
0.021071
0.020958
0.020907
0.021064
0.021034
0.020972
0.020890
0.020860
0.021011
0.020879
0.021077
0.021058
0.020866
0.021008
0.020922
0.020944
0.021000
0.021038
0.020986
0.021048
0.021018
0.020972
0.021101
0.024940
0.025074
0.025054
0.024956
0.024997
0.025054
0.024984
0.025101
0.024966
0.024972
0.024975
0.024879
0.025080
0.024936
0.024802
0.025039
0.024935
0.024979
0.024976
0.024926
0.025094
0.024960
0.024992
0.024996
0.024893
0.024946
0.024839
0.024916
0.024946
0.025075
0.025102
0.025003
0.025069
0.025007
0.024997
0.025034
0.024809
0.024909
0.025077
0.025202
0.024922
0.024935
0.025041
0.024982
0.024971
0.025214
0.025127
0.025088
0.024950
0.024954
0.024998
0.025140
0.024997
0.025004
0.025101
0.024980
0.025095
0.024976
0.025146
0.024968
0.025250
0.025143
0.024835
0.025086
0.024703
0.025154
0.025059
0.025069
0.025120
0.024980
0.024929
0.025249
0.024892
0.025159
0.025089
0.024972
0.024869
0.025026
0.024997
0.025089
0.025075
0.025182
0.024918
0.024990
0.024841
0.025001
0.025215
0.024983
0.025055
0.025085
0.025080
0.025046
0.025066
0.024940
0.025030
0.025064
0.025078
0.024937
0.024876
0.025006
0.025015
0.024884
0.024983
0.025028
0.024948
0.024952
0.024894
0.025033
0.025046
0.024991
0.024826
0.025054
0.025068
0.025051
0.025071
0.025093
0.024929
0.025042
0.024980
0.025128
0.024840
0.020829
0.020967
0.021241
0.020821
0.021138
0.020779
0.020633
0.020954
0.020841
0.021093
0.020754
0.021200
0.020791
0.021106
0.021149
0.020777
0.020920
0.020802
0.020982
0.020941
0.021183
0.020826
0.021142
0.020836
0.020903
0.020696
0.021147
0.020736
0.021220
0.020785
0.020740
0.021039
0.020783
0.020988
0.020844
0.020807
0.021066
0.020834
0.021299
0.021044
0.021466
0.021494
0.021356
0.021535
0.021456
0.021407
0.021396
0.021447
0.021463
0.021535
0.021411
0.021411
0.021322
0.021361
0.021457
0.021440
0.021387
0.021411
0.021249
0.021413
0.021433
0.021532
0.021427
0.021505
0.021227
0.021334
0.021252
0.021018
0.021439
0.021516
0.021419
0.021283
0.021367
0.020899
0.021448
0.021533
0.021463
0.021553
0.021467
0.021521
0.021412
0.021309
0.020823
0.021482
0.021532
0.016940
0.016954
0.020570
0.020875
0.020859
0.021172
0.021178
0.020743
0.021053
0.020710
0.021129
0.020739
0.021046
0.020736
0.021086
0.020761
0.021116
0.020821
0.021043
0.020759
0.021219
0.020809
0.021187
0.020697
0.020987
0.020820
0.021055
0.020797
0.021114
0.020758
0.020998
0.020745
0.021012
0.020687
0.021135
0.020651
0.021045
0.020721
0.020872
0.021028
0.021253
0.020864
0.021270
0.020926
0.021303
0.020991
0.021363
0.021009
0.021333
0.020915
0.021279
0.021033
0.021413
0.021003
0.021283
0.020952
0.021327
0.020787
0.021488
0.020830
0.021327
0.020951
0.021323
0.020972
0.021380
0.021071
0.021479
0.021330
0.021375
0.020997
0.021508
0.021376
0.020834
0.021447
0.021379
0.021079
0.021487
0.021132
0.021400
0.021250
0.020948
0.021474
0.021465
0.021347
0.020859
0.021324
0.021351
0.020972
0.021322
0.024995
0.024951
0.024948
0.025085
0.025020
0.024987
0.024989
0.024994
0.025019
0.024976
0.024898
0.025123
0.025178
0.025046
0.025128
0.025052
0.025091
0.025145
0.025293
0.025059
0.025044
0.025074
0.025011
0.025058
0.025030
0.025079
0.025093
0.024863
0.024947
0.025069
0.025163
0.024988
0.025055
0.025093
0.025038
0.025047
0.025067
0.025027
0.025162
0.025035
0.025132
0.025274
0.025042
0.025142
0.025064
0.025162
0.025111
0.025050
0.025184
0.025034
0.025013
0.024998
0.025025
0.025142
0.025128
0.025135
0.025070
0.025139
0.024895
0.025106
0.024929
0.025309
0.025004
0.025142
0.025127
0.025039
0.025058
0.025054
0.025055
0.025273
0.025124
0.025106
0.025135
0.025234
0.025190
0.025198
0.025088
0.025062
0.025147
0.025064
0.025087
0.025156
0.024994
0.025072
0.025056
0.025025
0.025087
0.025110
0.025107
0.025068
0.025099
0.024979
0.025017
0.025155
0.024969
0.024980
0.024971
0.025098
0.025087
0.025191
0.025038
0.025073
0.024940
0.025161
0.025065
0.025056
0.025138
0.025200
0.025145
0.025042
0.025029
0.025096
0.025105
0.025162
0.024988
0.025132
0.025216
0.024999
0.025115
0.025004
0.025091
0.024879
0.024951
0.025018
0.024912
0.025120
0.024995
0.025073
0.025088
0.025155
0.025066
0.024912
0.024942
0.024886
0.025164
0.025031
0.025094
0.024989
0.024960
0.025063
0.025035
0.025053
0.025103
0.024997
0.025163
0.025039
0.024990
0.025003
0.025034
0.025046
0.024943
0.025108
0.025019
0.024938
0.025088
0.025020
0.024993
0.024991
0.025097
0.025164
0.025035
0.025157
0.025083
0.025164
0.024934
0.025094
0.025182
0.025000
