0.001658
0.018380
0.015072
0.024648
0.019318
0.017295
0.023316
0.025021
0.017417
0.025062
0.017331
0.024923
0.015853
0.022994
0.024988
0.017437
0.024854
0.017586
0.024992
0.017451
0.025050
0.017519
0.024937
0.017455
0.024886
0.017451
0.023499
0.022954
0.017517
0.023183
0.017074
0.023237
0.023363
0.022962
0.017404
0.023398
0.023049
0.017640
0.024913
0.015964
0.023155
0.019038
0.023291
0.023272
0.017226
0.023332
0.023383
0.017221
0.023275
0.024883
0.017418
0.023350
0.017243
0.023322
0.023147
0.030729
0.021549
0.021224
0.029348
0.021174
0.029265
0.021180
0.029146
0.021243
0.029287
0.021142
0.029247
0.021338
0.029167
0.021270
0.029180
0.021096
0.029176
0.021113
0.029256
0.021214
0.029417
0.021188
0.029109
0.021200
0.029143
0.021254
0.029266
0.021278
0.029296
0.021180
0.029098
0.021261
0.029213
0.021390
0.029274
0.021280
0.029196
0.021227
0.029119
0.021127
0.029243
0.021288
0.029133
0.021286
0.029239
0.021278
0.029258
0.021169
0.029080
0.021276
0.029277
0.021211
0.029240
0.021152
0.029202
0.021365
0.029155
0.021229
0.029213
0.021278
0.029309
0.021313
0.029324
0.021191
0.029272
0.021298
0.029250
0.021296
0.029171
0.021291
0.029213
0.021266
0.029286
0.021298
0.029186
0.021256
0.029211
0.021313
0.029309
0.021320
0.029214
0.021293
0.029202
0.021170
0.029197
0.021120
0.029279
0.021118
0.029146
0.021262
0.029282
0.021186
0.029288
0.021188
0.029300
0.021295
0.029299
0.021337
0.029137
0.021310
0.029310
0.021302
0.029175
0.021313
0.029332
0.021196
0.029253
0.021227
0.029206
0.021251
0.029303
0.021266
0.029218
0.021298
0.029173
0.021147
0.029254
0.021185
0.029127
0.021287
0.029270
0.021215
0.029371
0.021157
0.029192
0.021188
0.029289
0.021199
0.029248
0.021284
0.029155
0.021243
0.029284
0.021227
0.029214
0.021269
0.029405
0.021240
0.029230
0.021161
0.029223
0.021379
0.029351
0.021324
0.029216
0.021215
0.029277
0.021176
0.029254
0.021190
0.029327
0.021211
0.029222
0.021324
0.029196
0.021172
0.029215
0.021232
0.029440
0.021265
0.029177
0.021268
0.029323
0.021284
0.029200
0.021236
0.029301
0.021279
0.029286
0.021218
0.029189
0.021229
0.029335
0.021242
0.029231
0.021125
0.029164
0.021188
0.029224
0.021291
0.029236
0.021229
0.029317
0.021351
0.029220
0.021264
0.029263
0.021188
0.029181
0.021287
0.029196
0.021211
0.029294
0.021241
0.029302
0.021201
0.029279
0.021205
0.029241
0.021333
0.029145
0.021196
0.029270
0.021183
0.029189
0.021248
0.029155
0.021235
0.029244
0.021322
0.029317
0.021158
0.029171
0.021264
0.029328
0.021307
0.029374
0.021278
0.029205
0.021360
0.029267
0.021227
0.029143
0.021149
0.029225
0.021263
0.029284
0.021208
0.029328
0.021287
0.029267
0.021309
0.029279
0.021296
0.029219
0.021336
0.029340
0.021299
0.029132
0.021161
0.029334
0.021342
0.029274
0.021329
0.029214
0.021351
0.029362
0.021219
0.029183
0.021197
0.029220
0.021251
0.029269
0.021314
0.029364
0.021222
0.029108
0.021183
0.029143
0.021304
0.029201
0.021158
0.029311
0.021306
0.029211
0.021325
0.029284
0.021192
0.029385
0.021231
0.029208
0.021170
0.029235
0.021231
0.029155
0.021164
0.029204
0.021165
0.029227
0.021224
0.029137
0.021362
0.029347
0.021159
0.029205
0.021221
0.029212
0.021381
0.029415
0.021227
0.029345
0.021396
0.029216
0.021314
0.029319
0.021322
0.029205
0.021216
0.029306
0.020902
0.018966
0.026758
0.019205
0.018855
0.018916
0.026679
0.019377
0.018807
0.024638
0.019239
0.018818
0.023283
0.018897
0.024711
0.019315
0.018984
0.024725
0.019243
0.018977
0.024627
0.017317
0.024521
0.019316
0.018877
0.023213
0.018817
0.024617
0.019222
0.018898
0.023103
0.018724
0.023165
0.018886
0.023111
0.017294
0.024513
0.017138
0.020710
0.026925
0.021291
0.021451
0.015605
0.021604
0.021384
0.023211
0.023388
0.019063
0.024915
0.015777
0.023174
0.023272
0.017198
0.023324
0.023536
0.019104
0.024941
0.015716
0.021519
0.021606
0.021492
0.021312
0.023177
0.023382
0.017132
0.026948
0.017516
0.023427
0.017294
0.023449
0.023303
0.017166
0.023248
0.023410
0.017181
0.023321
0.023299
0.017245
0.023402
0.024793
0.017468
0.023237
0.017099
0.023316
0.023362
0.014950
0.018897
0.018735
0.015249
0.021098
0.028598
0.015329
0.026885
0.015211
0.018744
0.027037
0.020775
0.015404
0.026696
0.015211
0.028803
0.013698
0.028395
0.013669
0.028536
0.013700
0.026587
0.015149
0.026858
0.015044
0.027073
0.015098
0.026830
0.015106
0.028646
0.015168
0.026881
0.013695
0.026562
0.015254
0.026795
0.015234
0.026901
0.015344
0.026981
0.015391
0.028870
0.021512
0.021448
0.013826
0.028897
0.013737
0.028808
0.013472
0.027406
0.023070
0.013766
0.027102
0.023225
0.013754
0.028924
0.013480
0.027278
0.021502
0.023067
0.015388
0.025540
0.021435
0.023113
0.013852
0.027101
0.023158
0.013805
0.026955
0.023095
0.013492
0.027127
0.021440
0.021678
0.023236
0.013855
0.027058
0.023193
0.013865
0.027060
0.023089
0.013863
0.027089
0.021461
0.023327
0.013742
0.027066
0.021350
0.023751
0.019099
0.033226
0.021257
0.029084
0.021327
0.029297
0.021444
0.029160
0.021358
0.029250
0.021211
0.029109
0.021214
0.029185
0.021239
0.029208
0.021417
0.029180
0.021358
0.029142
0.021256
0.029225
0.021443
0.029227
0.021371
0.029163
0.021321
0.029141
0.021292
0.029075
0.021279
0.029099
0.021359
0.029156
0.021457
0.029282
0.021423
0.029191
0.021297
0.029303
0.021342
0.029231
0.021217
0.029174
0.021258
0.029167
0.021303
0.029188
0.021301
0.029133
0.021333
0.029211
0.021282
0.029279
0.021392
0.029248
0.021312
0.029176
0.021403
0.029193
0.021340
0.029181
0.021301
0.029179
0.021307
0.029138
0.021374
0.029044
0.021303
0.029221
0.021321
0.029250
0.021304
0.029290
0.021382
0.029259
0.021281
0.029228
0.021258
0.029160
0.021320
0.029182
0.021275
0.029216
0.021452
0.029246
0.021346
0.029229
0.021417
0.029318
0.021411
0.029128
0.021215
0.029186
0.021311
0.029130
0.021395
0.029270
0.021348
0.029139
0.021349
0.029158
0.021221
0.029242
0.021440
0.029344
0.021335
0.029235
0.021320
0.029250
0.021383
0.029280
0.021324
0.029193
0.021508
0.029317
0.021313
0.029188
0.017400
0.033105
0.021312
0.029252
0.021391
0.029212
0.021395
0.029135
0.021359
0.029182
0.021374
0.029315
0.021431
0.029243
0.021346
0.029180
0.021382
0.029133
0.021330
0.029200
0.021280
0.029343
0.021214
0.029185
0.021307
0.029260
0.021353
0.029250
0.021312
0.029345
0.021360
0.029136
0.021187
0.029056
0.021312
0.029197
0.021343
0.029191
0.021354
0.029142
0.021339
0.029217
0.021499
0.029227
0.021364
0.029227
0.021420
0.029198
0.021364
0.029141
0.021313
0.029141
0.021271
0.029097
0.021395
0.026719
0.019193
0.015103
0.026840
0.014991
0.020580
0.027478
0.014898
0.020499
0.027276
0.015045
0.027008
0.014978
0.026844
0.014953
0.026924
0.014953
0.026852
0.014928
0.026954
0.022873
0.017332
0.024646
0.019082
0.022967
0.017277
0.022918
0.022792
0.013441
0.026786
0.022747
0.017359
0.023233
0.022525
0.017351
0.024685
0.019224
0.012747
0.020791
0.018580
0.011228
0.022943
0.011231
0.022909
0.011273
0.021059
0.012689
0.022987
0.011299
0.022810
0.011197
0.021055
0.012649
0.022836
0.011175
0.022789
0.011250
0.022800
0.011289
0.022669
0.011173
0.022667
0.011193
0.022947
0.015148
0.018796
0.015336
0.017135
0.017318
0.018771
0.011168
0.021124
0.017166
0.018825
0.011201
0.021055
0.018826
0.011173
0.022678
0.011047
0.021134
0.017090
0.018794
0.011196
0.020367
0.021044
0.021040
0.020982
0.020883
0.021072
0.021050
0.020981
0.021092
0.020962
0.021091
0.021133
0.021023
0.020884
0.020946
0.020988
0.021020
0.020880
0.021095
0.021142
0.021099
0.020896
0.020938
0.021144
0.021084
0.021212
0.021102
0.021137
0.020991
0.020977
0.021044
0.021024
0.021060
0.021052
0.020932
0.021013
0.021095
0.020932
0.021137
0.021199
0.020894
0.021069
0.020825
0.021047
0.021106
0.020982
0.020888
0.020965
0.021076
0.021028
0.020976
0.020975
0.020890
0.021062
0.025029
0.025137
0.024978
0.025114
0.025171
0.025021
0.025100
0.025010
0.024996
0.024977
0.025004
0.025093
0.024958
0.025117
0.025137
0.025006
0.024974
0.024975
0.025063
0.025115
0.025046
0.025075
0.025140
0.025084
0.025175
0.025105
0.025063
0.025084
0.024979
0.025061
0.025124
0.025029
0.025169
0.025073
0.024962
0.025124
0.025182
0.025184
0.025174
0.025105
0.025131
0.025128
0.025074
0.025079
0.025063
0.024913
0.025118
0.025043
0.025128
0.024934
0.025049
0.025004
0.025251
0.024963
0.025018
0.024958
0.024966
0.024966
0.025008
0.025014
0.024956
0.025110
0.025019
0.024993
0.025040
0.025017
0.025064
0.025177
0.025100
0.024935
0.025193
0.025043
0.025066
0.025196
0.025070
0.024993
0.025148
0.025027
0.024961
0.025059
0.025014
0.025093
0.025089
0.024999
0.025111
0.025084
0.024968
0.024952
0.025049
0.025164
0.025127
0.025064
0.025021
0.025183
0.025252
0.025018
0.025144
0.025001
0.025058
0.025218
0.025166
0.025135
0.024975
0.025191
0.025086
0.025048
0.024968
0.024941
0.025043
0.025076
0.024980
0.025084
0.024937
0.024966
0.025165
0.025000
0.025051
0.025133
0.025132
0.025172
0.025076
0.025166
0.025034
0.025160
0.025128
0.025113
0.025120
0.025036
0.025074
0.025092
0.025134
0.025101
0.025078
0.025069
0.025167
0.025058
0.025120
0.025211
0.024999
0.025145
0.025179
0.025092
0.024951
0.024964
0.025171
0.025054
0.025070
0.025030
0.025167
0.025193
0.025029
0.025029
0.025038
0.025002
0.025058
0.025123
0.024973
0.025176
0.024971
0.025126
