0.001817
0.020371
0.020860
0.020793
0.021240
0.020847
0.021022
0.020715
0.020729
0.020924
0.021151
0.020769
0.021182
0.020985
0.021183
0.020795
0.021204
0.020938
0.021228
0.020718
0.021091
0.020782
0.021239
0.020787
0.020997
0.020790
0.020999
0.021029
0.021010
0.020847
0.021139
0.020651
0.021135
0.020827
0.021158
0.020780
0.021294
0.020829
0.021429
0.021167
0.021401
0.021419
0.021413
0.021198
0.021267
0.021091
0.021284
0.021178
0.021350
0.021304
0.021214
0.021436
0.021272
0.021240
0.021298
0.021062
0.021360
0.021366
0.021367
0.021057
0.021386
0.021422
0.021487
0.021067
0.021333
0.021468
0.020879
0.021326
0.021288
0.020880
0.021613
0.021489
0.021432
0.021537
0.020929
0.021437
0.021600
0.020973
0.021391
0.021434
0.021033
0.021528
0.021388
0.021416
0.021041
0.021414
0.023499
0.021086
0.021256
0.032920
0.017538
0.032827
0.017610
0.033031
0.017433
0.032993
0.017568
0.032794
0.017429
0.032820
0.017492
0.032854
0.017455
0.032995
0.017656
0.032876
0.017428
0.032849
0.017554
0.032953
0.017709
0.032916
0.017492
0.032926
0.017458
0.032887
0.017463
0.032818
0.017384
0.032938
0.017458
0.033089
0.017559
0.032968
0.017540
0.032896
0.017553
0.032899
0.017691
0.032771
0.017604
0.032735
0.017480
0.032911
0.017457
0.032871
0.017473
0.032870
0.017644
0.032884
0.017480
0.032996
0.017560
0.032899
0.017529
0.032907
0.017566
0.032937
0.017489
0.032898
0.017444
0.032812
0.017649
0.032842
0.017383
0.032838
0.017531
0.032996
0.017511
0.032878
0.017604
0.033031
0.017590
0.032813
0.017662
0.032787
0.017521
0.032831
0.017545
0.032915
0.017551
0.033055
0.017600
0.032907
0.017509
0.032975
0.017667
0.032977
0.017533
0.032699
0.017576
0.032832
0.017544
0.033005
0.017482
0.032962
0.017464
0.032937
0.017591
0.032752
0.017560
0.032977
0.017682
0.032924
0.017571
0.032952
0.017514
0.032975
0.017693
0.032860
0.017565
0.033049
0.017745
0.032881
0.017448
0.029151
0.021187
0.032935
0.017565
0.032923
0.017578
0.032950
0.017521
0.032903
0.017503
0.033031
0.017574
0.033062
0.017561
0.032857
0.017552
0.032948
0.017520
0.032903
0.017468
0.032999
0.017640
0.032782
0.017607
0.032897
0.017565
0.033045
0.017534
0.032891
0.017633
0.032944
0.017481
0.032723
0.017517
0.032827
0.017612
0.032896
0.017438
0.033067
0.017384
0.032870
0.017611
0.033046
0.017669
0.032912
0.017478
0.033047
0.017531
0.032927
0.017590
0.032768
0.017462
0.032889
0.017405
0.032964
0.015369
0.018783
0.024998
0.016984
0.024830
0.020566
0.017586
0.024632
0.020464
0.017274
0.024991
0.017053
0.024782
0.017024
0.024789
0.017082
0.024801
0.017000
0.024779
0.017044
0.023313
0.026672
0.015256
0.018663
0.023404
0.026603
0.013313
0.023098
0.022760
0.016982
0.023149
0.026668
0.013740
0.022733
0.026629
0.015395
0.018745
0.020796
0.020615
0.011194
0.018762
0.015195
0.018981
0.015077
0.018988
0.020828
0.012904
0.015118
0.019028
0.014995
0.018981
0.020771
0.012923
0.014900
0.018893
0.014996
0.019027
0.014939
0.019091
0.014932
0.018913
0.014847
0.018860
0.015081
0.022856
0.011221
0.022832
0.017116
0.017177
0.011352
0.018630
0.020986
0.017157
0.011388
0.018694
0.020913
0.011427
0.018682
0.014818
0.018875
0.020945
0.017015
0.011398
0.018654
0.020407
0.021053
0.021008
0.020936
0.020848
0.021034
0.021050
0.020930
0.021054
0.020959
0.021083
0.021003
0.021101
0.020828
0.020915
0.020928
0.020967
0.020823
0.021133
0.020988
0.021105
0.020854
0.020921
0.021174
0.021047
0.021113
0.021059
0.021173
0.020910
0.020989
0.020962
0.020989
0.021093
0.020925
0.020853
0.021057
0.021061
0.020860
0.021111
0.021093
0.020980
0.020936
0.020839
0.020995
0.021128
0.020866
0.020912
0.020818
0.021056
0.020958
0.020988
0.020881
0.020900
0.021094
0.024960
0.025127
0.024935
0.025038
0.025159
0.024948
0.024972
0.025022
0.024963
0.024935
0.025016
0.025034
0.024927
0.025121
0.025101
0.024952
0.024907
0.025035
0.025004
0.025122
0.024993
0.025067
0.025111
0.025077
0.025147
0.025053
0.025092
0.024997
0.024966
0.025017
0.025010
0.025030
0.025058
0.025059
0.024977
0.025028
0.025139
0.025191
0.025054
0.025169
0.025101
0.025048
0.025075
0.025041
0.025010
0.024868
0.025130
0.025017
0.025047
0.024977
0.024966
0.024984
0.025162
0.024950
0.025033
0.024873
0.024926
0.024972
0.024952
0.025021
0.024943
0.025031
0.025005
0.025007
0.025010
0.024961
0.025059
0.025214
0.025022
0.024891
0.025263
0.024917
0.025069
0.025133
0.025084
0.024935
0.025174
0.024998
0.024959
0.024979
0.024972
0.025071
0.025065
0.024953
0.025060
0.025094
0.024905
0.024925
0.024975
0.025167
0.025128
0.024918
0.025040
0.025131
0.025219
0.024989
0.025065
0.024975
0.025049
0.025140
0.025127
0.025171
0.024977
0.025067
0.025107
0.025022
0.024973
0.024885
0.024958
0.025135
0.024918
0.024990
0.024920
0.024923
0.025118
0.025070
0.024939
0.025114
0.025049
0.025158
0.025011
0.025186
0.024988
0.025164
0.024988
0.025166
0.025106
0.024989
0.024958
0.025137
0.025099
0.025054
0.025015
0.025110
0.025046
0.025030
0.025091
0.025149
0.025088
0.025086
0.025172
0.025094
0.024885
0.024930
0.025130
0.025037
0.024983
0.025006
0.025129
0.025158
0.024963
0.024997
0.024976
0.024962
0.025097
0.025010
0.024997
0.025077
0.024996
0.025095
0.020838
0.020758
0.020684
0.020773
0.020764
0.020539
0.020557
0.020774
0.020686
0.020603
0.020553
0.020715
0.020644
0.020593
0.020659
0.020587
0.020635
0.020635
0.020638
0.020500
0.020606
0.020598
0.020605
0.020752
0.020687
0.020485
0.020632
0.020663
0.020613
0.020603
0.020641
0.020644
0.020595
0.020610
0.020724
0.020575
0.020618
0.020504
0.020482
0.020806
0.020997
0.020889
0.021051
0.020763
0.020890
0.021019
0.020887
0.020903
0.020887
0.020976
0.021050
0.020803
0.021095
0.018707
0.016653
0.016853
0.016642
0.016754
0.016672
0.016577
0.016609
0.016674
0.016656
0.016782
0.016605
0.016659
0.016593
0.016579
0.016455
0.016632
0.016531
0.016564
0.016530
0.016645
0.016570
0.016605
0.016590
0.016496
0.016673
0.016494
0.016527
0.016623
0.016529
0.016578
0.016535
0.016536
0.016502
0.016495
0.016655
0.016436
0.016638
0.016623
0.020718
0.020707
0.020615
0.020670
0.020906
0.020785
0.020562
0.020631
0.020882
0.020959
0.021049
0.020966
0.020854
0.020939
0.020925
0.020992
0.021016
0.021062
0.021062
0.020954
0.020814
0.021009
0.021017
0.020916
0.021046
0.020935
0.020831
0.020940
0.020965
0.020989
0.021044
0.021043
0.020860
0.020948
0.020844
0.020905
0.021077
0.020898
0.020839
0.020964
0.020992
0.020914
0.020949
0.021019
0.020990
0.020968
0.020992
0.020828
0.020967
0.021232
0.020860
0.021048
0.020858
0.021029
0.020949
0.020913
0.020911
0.021009
0.020890
0.020957
0.021041
0.024824
0.025062
0.024995
0.025272
0.024885
0.025085
0.024975
0.024989
0.024968
0.025083
0.024939
0.024974
0.025024
0.025135
0.025011
0.025161
0.025147
0.024824
0.025096
0.025014
0.025083
0.025082
0.025059
0.025017
0.024947
0.025072
0.024953
0.024925
0.025180
0.025068
0.025102
0.025125
0.025063
0.025168
0.025049
0.025033
0.025094
0.024753
0.025105
0.025044
0.024883
0.024956
0.024927
0.025092
0.025231
0.025021
0.025009
0.025054
0.025062
0.024947
0.025148
0.024944
0.025054
0.024940
0.025075
0.025146
0.025081
0.025126
0.025009
0.025240
0.024852
0.025155
0.025137
0.025065
0.024930
0.025080
0.025026
0.025181
0.024952
0.025055
0.024975
0.025033
0.024887
0.024961
0.025266
0.024890
0.025158
0.020702
0.020801
0.020741
0.020656
0.020597
0.020755
0.020673
0.020805
0.020762
0.020681
0.020605
0.020548
0.020611
0.020462
0.020674
0.020538
0.020612
0.020711
0.020448
0.020633
0.020673
0.020558
0.020674
0.020493
0.020709
0.020668
0.020760
0.020722
0.020610
0.020501
0.020558
0.020680
0.020574
0.020798
0.020747
0.020658
0.020630
0.020701
0.020755
0.021043
0.021049
0.020885
0.021127
0.020879
0.020851
0.021042
0.021049
0.020823
0.021025
0.020960
0.021075
0.020993
0.020906
0.020953
0.021064
0.020895
0.021106
0.020829
0.020955
0.020915
0.021066
0.020951
0.020951
0.021042
0.020968
0.020927
0.021040
0.020971
0.020986
0.020957
0.021024
0.020827
0.021113
0.021081
0.020957
0.020882
0.020910
0.020962
0.020950
0.020971
0.021029
0.020927
0.021001
0.020814
0.021010
0.020978
0.021055
0.021088
0.020950
0.021062
0.020931
0.021175
0.024930
0.025163
0.025045
0.024934
0.025107
0.024965
0.025172
0.024981
0.025008
0.024995
0.025033
0.024889
0.025029
0.024987
0.024880
0.025002
0.025027
0.024973
0.025077
0.024927
0.025094
0.024974
0.025100
0.024972
0.024987
0.024890
0.024862
0.024920
0.025021
0.025112
0.025132
0.024962
0.025154
0.024997
0.025117
0.025007
0.024838
0.024917
0.025114
0.025241
0.024983
0.024929
0.025136
0.025029
0.025051
0.025113
0.025198
0.025125
0.024964
0.025030
0.025019
0.025200
0.024999
0.025073
0.025113
0.024972
0.025141
0.025048
0.025184
0.024941
0.025337
0.025152
0.024824
0.025059
0.024841
0.025062
0.025209
0.025098
0.025105
0.025061
0.024992
0.025251
0.024993
0.025198
0.025021
0.025041
0.024951
0.025111
0.025014
0.025123
0.025134
0.025126
0.024897
0.025038
0.024966
0.025028
0.025207
0.025061
0.025016
0.025104
0.025194
0.025028
0.025141
0.024981
0.025113
0.025087
0.025131
0.024883
0.024935
0.025058
0.025004
0.024940
0.025003
0.025016
0.024981
0.024973
0.025019
0.025068
0.025012
0.024988
0.024882
0.025136
0.025026
0.025088
0.025139
0.025078
0.024988
0.024987
0.025046
0.025123
