0.013967
0.018646
0.024822
0.024990
0.025122
0.024980
0.024974
0.024921
0.024935
0.024894
0.024998
0.024920
0.024988
0.024882
0.024971
0.025040
0.025106
0.025102
0.024823
0.024922
0.025016
0.025010
0.025048
0.024929
0.025034
0.024968
0.024997
0.024838
0.024909
0.025085
0.025117
0.024998
0.025043
0.025015
0.025119
0.025061
0.024885
0.025071
0.024785
0.024971
0.024955
0.024843
0.024905
0.024801
0.025015
0.025078
0.025100
0.024923
0.024943
0.025037
0.024950
0.025043
0.024962
0.024981
0.024839
0.025025
0.024996
0.025125
0.025022
0.025015
0.025037
0.024913
0.025037
0.025147
0.025000
0.025065
0.024922
0.024966
0.025048
0.024968
0.024897
0.025003
0.025021
0.024805
0.024863
0.025101
0.024936
0.025041
0.022739
0.020783
0.020595
0.020692
0.020626
0.020653
0.020505
0.020695
0.020694
0.020663
0.020624
0.020488
0.020511
0.020444
0.020626
0.020471
0.020574
0.020605
0.020453
0.020525
0.020618
0.020567
0.020574
0.020527
0.020635
0.020574
0.020693
0.020638
0.020659
0.020446
0.020518
0.020674
0.020471
0.020721
0.020739
0.020554
0.020546
0.020636
0.020669
0.020781
0.021022
0.020933
0.020881
0.020954
0.020776
0.020987
0.020988
0.020836
0.020882
0.020908
0.021049
0.020910
0.020880
0.020823
0.021035
0.020924
0.020893
0.020942
0.020791
0.020914
0.020981
0.020964
0.020938
0.020924
0.020919
0.021020
0.020889
0.021000
0.020785
0.021039
0.020859
0.020870
0.020946
0.020924
0.020972
0.020820
0.020765
0.020932
0.020871
0.020978
0.020996
0.020820
0.020952
0.020818
0.020858
0.020905
0.021004
0.020896
0.021018
0.020926
0.020911
0.020953
0.024940
0.024978
0.024971
0.024909
0.024936
0.024951
0.025004
0.024991
0.024945
0.024940
0.024889
0.024847
0.024995
0.024935
0.024782
0.024965
0.024870
0.024929
0.024914
0.024954
0.024996
0.024883
0.024947
0.024965
0.024835
0.024850
0.024837
0.024827
0.024877
0.024952
0.025101
0.024970
0.024949
0.024981
0.024965
0.024986
0.024780
0.024830
0.025068
0.025086
0.024918
0.024915
0.024924
0.024994
0.024915
0.025074
0.025087
0.025046
0.024892
0.024887
0.024940
0.025144
0.024941
0.024973
0.025053
0.024907
0.024994
0.024951
0.025039
0.024922
0.025153
0.025098
0.024795
0.024943
0.024668
0.025089
0.024937
0.025047
0.025067
0.024939
0.024945
0.025179
0.024891
0.025083
0.025035
0.024912
0.024899
0.024959
0.025019
0.025005
0.025028
0.025125
0.024925
0.024984
0.024838
0.024941
0.025122
0.025014
0.024961
0.025023
0.025081
0.025021
0.025017
0.024978
0.024971
0.025036
0.025028
0.024990
0.024840
0.024921
0.025017
0.024808
0.024895
0.024956
0.024965
0.024878
0.024870
0.025033
0.025019
0.024951
0.024824
0.024963
0.025043
0.025028
0.025022
0.025059
0.024900
0.024991
0.024956
0.025114
0.024843
0.019077
0.018958
0.024858
0.019112
0.014889
0.028651
0.019022
0.014783
0.026926
0.022826
0.017233
0.016723
0.027089
0.022754
0.013579
0.026617
0.022625
0.017205
0.024463
0.019241
0.022899
0.019194
0.022818
0.017282
0.024446
0.017166
0.024652
0.017218
0.016773
0.028650
0.018997
0.014881
0.026865
0.014887
0.028659
0.019111
0.014888
0.027018
0.014905
0.025577
0.021104
0.021476
0.021413
0.021484
0.021495
0.021442
0.021408
0.021443
0.021504
0.021488
0.021460
0.021364
0.021384
0.021391
0.021391
0.021479
0.021376
0.021384
0.021364
0.021368
0.021381
0.021547
0.021437
0.021533
0.021343
0.023448
0.022962
0.017453
0.021428
0.021178
0.021538
0.023452
0.023041
0.017411
0.021508
0.021170
0.021484
0.021682
0.021681
0.021313
0.023457
0.023046
0.017287
0.021156
0.021692
0.020782
0.010959
0.024951
0.020607
0.020866
0.021082
0.015319
0.028582
0.013515
0.028322
0.013558
0.026567
0.015027
0.028470
0.013496
0.028339
0.013518
0.026691
0.015067
0.026765
0.017004
0.026763
0.013579
0.026622
0.015045
0.026743
0.015046
0.026873
0.015048
0.028551
0.013338
0.026747
0.015049
0.026792
0.014941
0.026894
0.015127
0.028378
0.015074
0.018734
0.023233
0.026878
0.015254
0.026896
0.015301
0.027012
0.015186
0.027094
0.015397
0.026885
0.015282
0.027019
0.015284
0.027058
0.015214
0.027067
0.015268
0.026874
0.015370
0.026971
0.015277
0.026935
0.015287
0.026945
0.013602
0.027110
0.021484
0.023058
0.013765
0.026887
0.023144
0.013517
0.027066
0.023052
0.013760
0.026918
0.015420
0.027181
0.023127
0.013581
0.026863
0.021464
0.023139
0.013673
0.026875
0.023036
0.013694
0.026943
0.015233
0.024439
0.025015
0.025002
0.024971
0.025019
0.024980
0.025018
0.024982
0.024932
0.025045
0.024872
0.025022
0.025075
0.025130
0.025067
0.025094
0.025036
0.025089
0.025147
0.025200
0.025012
0.024972
0.025103
0.025026
0.025076
0.025000
0.025079
0.024993
0.024900
0.025064
0.025179
0.025150
0.025023
0.025094
0.024931
0.025138
0.025091
0.025055
0.025007
0.025158
0.025074
0.025212
0.025157
0.025112
0.025095
0.025093
0.025151
0.025055
0.025055
0.025180
0.025069
0.025038
0.025000
0.025057
0.025069
0.025144
0.025105
0.025145
0.025019
0.024962
0.024972
0.025207
0.025122
0.025092
0.025147
0.025128
0.025034
0.025019
0.025137
0.025190
0.025154
0.025194
0.025090
0.025166
0.025213
0.025248
0.025206
0.025055
0.025043
0.025176
0.024995
0.025171
0.025125
0.025059
0.025019
0.025037
0.025102
0.025074
0.025179
0.025073
0.025047
0.025124
0.024982
0.025054
0.025103
0.025007
0.024960
0.025007
0.025162
0.025142
0.025110
0.025173
0.024880
0.025130
0.025147
0.025017
0.025126
0.025186
0.025088
0.025199
0.024989
0.025107
0.025145
0.025110
0.025031
0.025171
0.025105
0.025110
0.025106
0.025115
0.025025
0.025052
0.024969
0.024923
0.025008
0.025137
0.025028
0.025091
0.025096
0.025133
0.025108
0.025019
0.024852
0.024957
0.025058
0.025075
0.025147
0.025006
0.025025
0.025061
0.024944
0.025147
0.025059
0.025137
0.025071
0.025140
0.024978
0.025083
0.025023
0.025060
0.025059
0.025066
0.025057
0.025048
0.024926
0.025075
0.024999
0.024977
0.025047
0.025200
0.025116
0.025078
0.025167
0.025075
0.024999
0.025108
0.025138
0.025085
0.025051
0.024889
0.019175
0.015210
0.028352
0.019084
0.018911
0.016884
0.028691
0.017390
0.024613
0.019125
0.022744
0.017281
0.024679
0.019240
0.022848
0.017449
0.024628
0.017162
0.016655
0.028721
0.017246
0.024613
0.017205
0.024655
0.017218
0.024620
0.017164
0.016692
0.026897
0.014957
0.027056
0.014868
0.028652
0.017316
0.020724
0.024932
0.017171
0.024756
0.017598
0.021136
0.021456
0.021477
0.021429
0.021412
0.021289
0.021285
0.021447
0.021420
0.021385
0.021448
0.021405
0.021461
0.019480
0.018697
0.015083
0.012935
0.021085
0.012870
0.021127
0.012875
0.021265
0.012858
0.022767
0.015143
0.017121
0.017101
0.018695
0.011078
0.022706
0.015118
0.017103
0.017147
0.012723
0.022811
0.011203
0.022711
0.017081
0.011103
0.016963
0.023032
0.015009
0.017166
0.012721
0.020249
0.020617
0.020649
0.020715
0.020736
0.020639
0.020641
0.020626
0.020545
0.020762
0.020709
0.020686
0.020767
0.020709
0.021040
0.021050
0.021000
0.020857
0.020795
0.020982
0.021000
0.020948
0.021164
0.021119
0.020808
0.020802
0.020978
0.020927
0.021121
0.021112
0.021014
0.020948
0.021039
0.020979
0.021030
0.020981
0.021034
0.021071
0.020973
0.020962
0.020941
0.021015
0.020935
0.021000
0.020951
0.020981
0.020802
0.020872
0.020963
0.020964
0.021087
0.021028
0.020987
0.020945
0.021084
0.020840
0.020917
0.020964
0.020954
0.020908
0.020997
0.020975
0.021026
0.020857
0.021082
0.020969
0.021085
0.024906
0.024930
0.025136
0.024863
0.024889
0.024955
0.024994
0.024851
0.024951
0.025036
0.024996
0.024877
0.024993
0.024909
0.025006
0.024920
0.024851
0.025017
0.024880
0.025009
0.024860
0.025009
0.024914
0.025024
0.024890
0.024915
0.025056
0.024881
0.025004
0.024959
0.025149
0.024941
0.024959
0.025082
0.024976
0.025049
0.024918
0.024953
0.024848
0.025054
0.024853
0.024927
0.024897
0.024785
0.025004
0.024915
0.024715
0.024981
0.024930
0.024987
0.024846
0.025071
0.024897
0.025048
0.024723
0.024996
0.024953
0.024937
0.025014
0.024899
0.024872
0.024815
0.024872
0.024976
0.025101
0.024819
0.024966
0.025013
0.025034
0.025106
0.025045
0.024947
0.024981
0.024892
0.024819
0.024990
0.024916
0.024952
0.024938
0.024940
0.024877
0.024797
0.024980
0.025001
0.025062
0.025086
0.024967
0.025038
0.024896
0.025080
0.024917
0.024958
0.024972
0.024885
0.024940
0.025051
0.024874
0.025070
0.024961
0.024976
0.025070
0.025087
0.024941
0.024899
0.024942
0.025148
0.024907
0.024925
0.024863
0.024927
0.025032
0.025038
0.024955
0.025009
0.024873
0.025085
0.025011
0.024906
0.024841
0.025110
0.024996
0.024933
0.025060
0.025141
0.024783
0.025011
0.024997
0.025110
0.024806
0.025067
0.024925
0.024899
0.024960
0.024980
0.025017
0.024971
0.024861
0.024887
0.024900
0.024936
0.025010
0.025074
0.025117
0.025014
0.024940
0.024882
0.024928
0.024951
0.025031
0.025089
0.024883
0.025073
0.025175
0.024868
0.025129
0.025056
0.025061
0.024915
0.025003
0.024942
0.025007
0.025045
0.025173
0.025131
0.024944
0.024976
0.025047
0.024917
0.024925
0.024951
0.024958
0.025076
0.025004
0.025129
0.025024
0.025163
0.024891
0.024930
0.024888
0.024974
0.025079
0.025007
0.025118
0.025031
0.025008
0.024996
0.024839
0.025210
0.024940
0.024928
0.025109
0.025053
0.025044
0.024972
0.024917
0.024783
0.024852
0.025001
0.025003
0.024984
0.024895
0.024935
0.024954
0.025023
0.024946
0.025048
0.024856
0.025070
0.024828
0.024947
0.024957
0.024946
0.025000
0.025091
0.025027
