0.007990
0.016477
0.020721
0.020760
0.020617
0.020673
0.020619
0.020737
0.020740
0.020776
0.020529
0.020850
0.020743
0.020755
0.020758
0.020796
0.020958
0.021000
0.021031
0.021049
0.021072
0.020983
0.021019
0.020972
0.021124
0.021089
0.020911
0.021078
0.021101
0.021065
0.021056
0.021134
0.020968
0.020984
0.020891
0.021226
0.021173
0.021072
0.021021
0.020963
0.021135
0.020981
0.020994
0.020925
0.021097
0.021028
0.021074
0.021020
0.021020
0.021000
0.020965
0.021128
0.020904
0.021113
0.021066
0.021030
0.020922
0.020925
0.020948
0.021031
0.021080
0.021067
0.021028
0.021104
0.020955
0.021192
0.021056
0.020952
0.020994
0.025042
0.025174
0.025013
0.025083
0.025002
0.024993
0.025113
0.025034
0.025081
0.025056
0.025114
0.025127
0.025048
0.025070
0.025160
0.025058
0.025069
0.025015
0.025170
0.025156
0.025024
0.025156
0.025135
0.025069
0.025054
0.024996
0.025182
0.025110
0.025049
0.025086
0.024965
0.024972
0.025160
0.025211
0.025153
0.025198
0.025147
0.025048
0.025070
0.024846
0.025116
0.025032
0.024909
0.025155
0.025066
0.025003
0.025263
0.025221
0.024975
0.025248
0.025124
0.025140
0.025208
0.025046
0.024935
0.025189
0.025191
0.025152
0.025149
0.025027
0.025141
0.024953
0.025081
0.024949
0.025130
0.024947
0.025084
0.025141
0.025140
0.025157
0.025082
0.024948
0.025044
0.025198
0.025041
0.025071
0.025149
0.025117
0.025237
0.025042
0.025211
0.025026
0.025003
0.025189
0.025060
0.025095
0.025128
0.025195
0.025065
0.025112
0.025074
0.025231
0.025089
0.025084
0.024958
0.025038
0.025044
0.025125
0.025121
0.025247
0.025158
0.025092
0.025161
0.025141
0.025030
0.025141
0.025076
0.025152
0.025054
0.025228
0.025088
0.025146
0.025060
0.025131
0.025045
0.025061
0.025012
0.025143
0.025001
0.025172
0.025045
0.025083
0.025009
0.025141
0.025104
0.025047
0.025138
0.025139
0.025034
0.025206
0.025091
0.025090
0.025052
0.025137
0.025077
0.025118
0.025022
0.025007
0.025081
0.025028
0.025219
0.025107
0.025018
0.025077
0.025072
0.024951
0.025126
0.025069
0.025151
0.025170
0.024855
0.025191
0.025056
0.025154
0.024837
0.025032
0.025156
0.025185
0.025073
0.025095
0.025110
0.025247
0.025066
0.025179
0.025144
0.025221
0.025186
0.025067
0.025012
0.025188
0.025177
0.025229
0.025153
0.025154
0.025051
0.025209
0.025072
0.025060
0.024972
0.025051
0.024983
0.025137
0.025216
0.025309
0.025190
0.025069
0.025150
0.025124
0.025063
0.025206
0.025176
0.025176
0.025057
0.025189
0.025149
0.025132
0.025060
0.025191
0.025212
0.025126
0.025042
0.025091
0.025151
0.025147
0.025134
0.025052
0.024998
0.025155
0.025211
0.025049
0.025284
0.025110
0.025274
0.025242
0.025230
0.025165
0.025146
0.024999
0.025173
0.025156
0.025143
0.024966
0.024965
0.025147
0.025018
0.025178
0.025086
0.025079
0.025163
0.025329
0.025147
0.025008
0.025064
0.025059
0.025262
0.025160
0.025106
0.025106
0.025216
0.025140
0.025044
0.024908
0.024993
0.025123
0.025075
0.025159
0.025147
0.025127
0.025113
0.025172
0.025100
0.025102
0.025030
0.025036
0.024988
0.025258
0.025276
0.025115
0.025100
0.025088
0.025144
0.025328
0.025281
0.025130
0.025071
0.025171
0.025009
0.025060
0.025074
0.025163
0.025020
0.025113
0.025108
0.025276
0.025218
0.025061
0.025115
0.025167
0.025150
0.025253
0.025039
0.025116
0.025112
0.025103
0.025180
0.024973
0.025090
0.025142
0.025141
0.024990
0.025068
0.025307
0.025126
0.025235
0.025129
0.025186
0.024997
0.025100
0.025157
0.025171
0.025035
0.025131
0.025060
0.025086
0.025067
0.025066
0.025073
0.025029
0.025084
0.025047
0.025175
0.025222
0.025090
0.025191
0.025121
0.025252
0.025113
0.025138
0.025040
0.025102
0.024928
0.025210
0.024966
0.025182
0.025045
0.025249
0.025129
0.025021
0.025115
0.024950
0.025174
0.025200
0.020893
0.020809
0.020762
0.020935
0.020810
0.020714
0.020760
0.020840
0.020852
0.020841
0.020754
0.020887
0.020623
0.020600
0.020635
0.020893
0.020658
0.020731
0.020724
0.020868
0.020653
0.020829
0.020892
0.020767
0.020768
0.020855
0.020516
0.020711
0.020769
0.020668
0.020679
0.020832
0.020644
0.020814
0.020746
0.020694
0.020702
0.020762
0.020839
0.021036
0.021144
0.021015
0.021081
0.021071
0.021117
0.021007
0.020956
0.021029
0.021029
0.020998
0.020986
0.021164
0.021025
0.021157
0.021028
0.021098
0.021097
0.021029
0.021125
0.021120
0.021180
0.021135
0.021168
0.021104
0.021059
0.021131
0.020956
0.021030
0.020881
0.021108
0.021148
0.021009
0.020983
0.021030
0.020960
0.020986
0.021037
0.021029
0.021036
0.021231
0.021024
0.021009
0.020918
0.021003
0.020874
0.021007
0.020949
0.020914
0.020983
0.020960
0.020997
0.021072
0.025033
0.025259
0.025011
0.025134
0.025057
0.025049
0.025170
0.025048
0.025023
0.024980
0.025111
0.025200
0.025047
0.025084
0.025043
0.025216
0.025152
0.025003
0.025111
0.025195
0.025119
0.025070
0.024954
0.025233
0.025241
0.025289
0.025085
0.025167
0.025021
0.025220
0.025077
0.024980
0.025101
0.024934
0.025049
0.024977
0.025150
0.025027
0.025130
0.025071
0.025236
0.025083
0.025091
0.025182
0.025061
0.025091
0.024939
0.025019
0.024923
0.025039
0.025116
0.025301
0.024985
0.025163
0.025125
0.025031
0.024947
0.025059
0.025168
0.025058
0.025067
0.025174
0.024991
0.025109
0.025152
0.025146
0.024986
0.025245
0.025264
0.025187
0.025135
0.025242
0.025174
0.024960
0.025038
0.025066
0.024989
0.025093
0.025025
0.025283
0.025183
0.025154
0.025084
0.025060
0.025060
0.025130
0.025216
0.025265
0.025156
0.025230
0.025025
0.025124
0.025136
0.025061
0.025300
0.025107
0.025112
0.025022
0.025138
0.025131
0.025052
0.025028
0.025216
0.025138
0.025088
0.025100
0.025077
0.025232
0.025066
0.025128
0.025088
0.025007
0.025072
0.025165
0.025189
0.025113
0.025256
0.024897
0.024991
0.025065
0.025221
0.025095
0.025095
0.024950
0.025155
0.025248
0.025101
0.025295
0.025112
0.025177
0.024952
0.025195
0.025031
0.025272
0.025165
0.025148
0.024893
0.025087
0.024951
0.025038
0.025057
0.025132
0.025018
0.025153
0.024926
0.025167
0.025047
0.025119
0.025099
0.025158
0.025079
0.025183
0.025136
0.025136
0.025006
0.025105
0.025154
0.025295
0.025010
0.025200
0.025152
0.025077
0.024924
0.025208
0.025138
0.025032
0.025239
0.025225
0.025046
0.025223
0.024979
0.025269
0.025100
0.025146
0.025061
0.025131
0.025137
0.025104
0.025174
0.025100
0.025107
0.025205
0.024996
0.025199
0.024957
0.025130
0.025014
0.025156
0.025071
0.025101
0.025126
0.025185
0.025141
0.025018
0.025106
0.025091
0.025101
0.024858
0.025097
0.025118
0.025024
0.025145
0.025139
0.025249
0.025181
0.025217
0.025224
0.025288
0.025090
0.025055
0.025084
0.025308
0.025140
0.025024
0.025084
0.025124
0.025108
0.025195
0.025056
0.025156
0.024946
0.025015
0.025104
0.025146
0.025151
0.025311
0.025139
0.025328
0.025088
0.025247
0.025244
0.025174
0.025016
0.025217
0.025021
0.025059
0.025139
0.025175
0.025206
0.025051
0.024938
0.025046
0.025131
0.025149
0.025159
0.025209
0.025240
0.025048
0.025107
0.025102
0.025160
0.025006
0.025124
0.022830
0.020820
0.020787
0.020671
0.020795
0.020611
0.020698
0.020762
0.020797
0.020584
0.020900
0.020777
0.020636
0.020820
0.020979
0.020641
0.020920
0.020587
0.020843
0.020696
0.020706
0.020728
0.020625
0.020682
0.020910
0.020636
0.020847
0.020817
0.020698
0.020837
0.020641
0.020667
0.020840
0.020548
0.020676
0.020684
0.020801
0.020849
0.020703
0.020987
0.021247
0.020858
0.021050
0.020960
0.021092
0.021045
0.021042
0.021114
0.021062
0.021652
0.023197
0.015301
0.012762
0.021234
0.012693
0.021265
0.012871
0.021074
0.012718
0.021260
0.018905
0.011376
0.020989
0.017142
0.017097
0.017102
0.017141
0.017108
0.012953
0.021077
0.017222
0.017159
0.018711
0.015162
0.017087
0.017173
0.017049
0.017089
0.017212
0.017161
0.017073
0.017094
0.012916
0.020401
0.020690
0.020703
0.020832
0.020725
0.020765
0.020849
0.020652
0.020554
0.020742
0.020746
0.020994
0.021045
0.021169
0.020949
0.021052
0.020965
0.021024
0.020961
0.020935
0.021158
0.021056
0.020876
0.021053
0.020967
0.020891
0.020947
0.021142
0.020974
0.021168
0.021163
0.020953
0.020964
0.021006
0.020959
0.021046
0.021065
0.021051
0.021070
0.021154
0.020941
0.021007
0.021078
0.021123
0.020928
0.021230
0.020948
0.021129
0.020887
0.021019
0.020961
0.020973
0.021035
0.021082
0.020912
0.020940
0.020983
0.021132
0.021054
0.021071
0.021105
0.020974
0.021140
0.021044
0.024885
0.025134
0.025126
0.025149
0.025127
0.025038
0.025228
0.025170
0.025154
0.025007
0.025042
0.025219
0.025170
0.025113
0.025030
0.025188
0.025017
0.025159
0.025212
0.025118
0.025151
0.025167
0.025021
0.025220
0.025080
0.025166
0.024990
0.025249
0.025178
0.025079
0.024961
0.025072
0.024971
0.025031
0.020775
0.020780
0.020772
0.020921
0.020974
0.020864
0.020791
0.020964
0.020922
0.020951
0.020764
0.020862
0.020839
0.020906
0.020755
0.020854
0.020672
0.020807
0.020815
0.020889
0.020686
