0.002357
0.024258
0.024997
0.025225
0.025013
0.025128
0.025291
0.025011
0.025363
0.025090
0.025373
0.024944
0.025404
0.025011
0.025355
0.025068
0.025320
0.025010
0.025436
0.024831
0.025478
0.024948
0.025380
0.025013
0.025413
0.025023
0.025454
0.024929
0.025317
0.024957
0.025586
0.024986
0.025351
0.025077
0.025425
0.025030
0.025464
0.024898
0.025429
0.024915
0.025434
0.025015
0.025335
0.024899
0.025413
0.025037
0.025512
0.025101
0.025367
0.025021
0.025394
0.024923
0.025429
0.024917
0.025369
0.024888
0.025431
0.024900
0.025433
0.024937
0.025367
0.025005
0.025501
0.025065
0.025389
0.025162
0.025459
0.025003
0.025347
0.025025
0.025408
0.025000
0.025347
0.024981
0.025576
0.025107
0.025435
0.025031
0.025309
0.024984
0.025586
0.025073
0.025366
0.025032
0.025370
0.024970
0.025596
0.025158
0.025409
0.025106
0.025568
0.024987
0.025385
0.025038
0.025465
0.024917
0.025452
0.025045
0.025587
0.025453
0.025132
0.025084
0.025490
0.025009
0.025467
0.025028
0.025379
0.025135
0.025540
0.025094
0.025278
0.024999
0.025332
0.025113
0.025510
0.024999
0.025343
0.024965
0.025396
0.025097
0.025391
0.024824
0.025453
0.025028
0.025474
0.024978
0.025301
0.024928
0.025515
0.025025
0.025269
0.025160
0.025406
0.025048
0.025445
0.025006
0.025522
0.024950
0.025601
0.025500
0.025054
0.025370
0.025072
0.024981
0.025463
0.024998
0.025569
0.025033
0.025482
0.025039
0.025411
0.024971
0.025419
0.024947
0.025456
0.024985
0.025345
0.025061
0.025438
0.024948
0.025454
0.025010
0.025514
0.024986
0.025333
0.024949
0.025523
0.024953
0.025473
0.024951
0.025449
0.025081
0.025378
0.025006
0.025355
0.025206
0.025444
0.024983
0.025346
0.024963
0.025421
0.025098
0.025421
0.025111
0.025409
0.025129
0.025490
0.024852
0.025294
0.024969
0.025430
0.025128
0.025400
0.025059
0.025229
0.024946
0.025359
0.024903
0.025535
0.024979
0.025377
0.025174
0.025467
0.025005
0.025506
0.024961
0.025422
0.025067
0.025544
0.025150
0.025459
0.024934
0.025492
0.025041
0.025427
0.025006
0.025455
0.025045
0.025370
0.025134
0.025393
0.025069
0.025419
0.025055
0.025295
0.024886
0.025455
0.024968
0.025235
0.024952
0.025553
0.025105
0.025468
0.025079
0.025429
0.025034
0.025424
0.024981
0.025486
0.024992
0.025496
0.024979
0.025463
0.024989
0.025385
0.025084
0.025516
0.025043
0.025372
0.025005
0.025394
0.025015
0.025512
0.025089
0.025440
0.024986
0.025422
0.025013
0.025576
0.025152
0.025322
0.025011
0.025476
0.025062
0.025495
0.024907
0.025450
0.025054
0.025419
0.024896
0.025408
0.025149
0.025245
0.024901
0.025427
0.024993
0.021009
0.020984
0.020943
0.020862
0.021102
0.020809
0.020722
0.021066
0.020756
0.020781
0.020958
0.020969
0.020824
0.021134
0.020798
0.021262
0.020769
0.020776
0.021074
0.020836
0.021176
0.020704
0.021065
0.020734
0.021124
0.020955
0.020758
0.021009
0.020743
0.020988
0.020798
0.021111
0.020821
0.021045
0.020700
0.020941
0.021131
0.020808
0.020998
0.021055
0.021374
0.021228
0.020973
0.021295
0.020887
0.021316
0.021159
0.021352
0.020971
0.021364
0.020956
0.021310
0.020882
0.021419
0.021262
0.020927
0.021307
0.021282
0.020998
0.021377
0.020977
0.021361
0.020986
0.021345
0.021458
0.020992
0.021347
0.021422
0.020849
0.021435
0.021402
0.020898
0.021299
0.021331
0.021056
0.021165
0.021553
0.021419
0.021065
0.021340
0.021355
0.020941
0.021402
0.021338
0.021109
0.021304
0.021470
0.021365
0.025055
0.024900
0.025019
0.025101
0.024995
0.024977
0.025144
0.025014
0.025085
0.025109
0.025112
0.025003
0.025111
0.024972
0.025009
0.025000
0.025081
0.025020
0.024992
0.025108
0.025204
0.024990
0.025050
0.024984
0.025117
0.025016
0.025003
0.025036
0.025145
0.025095
0.024993
0.025096
0.025016
0.025127
0.025171
0.025026
0.025026
0.025202
0.025134
0.025129
0.025028
0.025017
0.025118
0.025197
0.025186
0.024972
0.025131
0.025091
0.025041
0.025147
0.025032
0.025102
0.025076
0.024974
0.025196
0.025079
0.025085
0.025042
0.025043
0.025181
0.025022
0.025044
0.025234
0.025075
0.025081
0.025077
0.024998
0.025067
0.025162
0.025143
0.025065
0.025111
0.025097
0.024952
0.025150
0.025036
0.025239
0.025040
0.025073
0.025006
0.025160
0.024995
0.025148
0.025039
0.025089
0.025131
0.025128
0.025088
0.024966
0.025120
0.025089
0.025205
0.025077
0.025202
0.025072
0.025203
0.025024
0.025109
0.025103
0.024976
0.025053
0.025119
0.025100
0.024981
0.025060
0.025012
0.025172
0.025054
0.025159
0.024970
0.025026
