0.018505
0.023358
0.017170
0.033168
0.017332
0.033135
0.017344
0.033003
0.017359
0.032955
0.017324
0.032905
0.017416
0.032934
0.017452
0.033108
0.017438
0.033065
0.017274
0.033036
0.017392
0.032816
0.017299
0.032964
0.017305
0.032992
0.017309
0.032965
0.017319
0.032987
0.017303
0.033101
0.017215
0.033001
0.017322
0.033210
0.017313
0.033104
0.017358
0.032923
0.017244
0.033037
0.017368
0.032894
0.017352
0.032924
0.017408
0.032952
0.017356
0.032974
0.017303
0.033040
0.017311
0.033011
0.017402
0.032960
0.017262
0.033083
0.017381
0.033137
0.017251
0.032923
0.017328
0.033129
0.017349
0.033064
0.017295
0.032999
0.017295
0.033087
0.017374
0.032931
0.017310
0.032911
0.017364
0.033054
0.017366
0.033024
0.017269
0.033027
0.017246
0.033076
0.017272
0.032990
0.017288
0.033031
0.017294
0.032952
0.017328
0.033075
0.017453
0.033051
0.017253
0.032986
0.017374
0.033049
0.017260
0.033154
0.017425
0.032957
0.017350
0.033005
0.017282
0.033098
0.017319
0.033068
0.017374
0.033104
0.017244
0.032975
0.017400
0.033044
0.017277
0.033002
0.017256
0.033077
0.017336
0.033223
0.017288
0.033062
0.017269
0.033050
0.017290
0.032948
0.017349
0.033066
0.017330
0.033099
0.017314
0.033084
0.017349
0.033053
0.017394
0.033047
0.017286
0.032902
0.017323
0.033093
0.017258
0.032902
0.017253
0.033050
0.017260
0.033101
0.017410
0.033106
0.017462
0.032990
0.017269
0.033125
0.017333
0.032958
0.017240
0.033070
0.017399
0.032895
0.017249
0.033115
0.017320
0.033057
0.017338
0.033053
0.017375
0.032927
0.017358
0.032987
0.017331
0.033087
0.017278
0.032976
0.017353
0.033164
0.017410
0.033041
0.017309
0.029213
0.021158
0.033181
0.017353
0.033121
0.017347
0.033232
0.017382
0.032835
0.017265
0.033111
0.017397
0.033007
0.017351
0.032951
0.017289
0.032893
0.017384
0.033045
0.017315
0.033085
0.017356
0.033088
0.017320
0.033148
0.017333
0.033191
0.017356
0.032990
0.017347
0.033198
0.017452
0.033069
0.017285
0.033055
0.017336
0.033107
0.017483
0.033057
0.017286
0.032901
0.017266
0.033091
0.017286
0.032923
0.017518
0.033048
0.017292
0.033173
0.017259
0.033102
0.017276
0.033092
0.017318
0.033140
0.017325
0.033054
0.017425
0.033036
0.017252
0.033159
0.017264
0.033030
0.017324
0.033037
0.017282
0.032970
0.017256
0.032987
0.017291
0.033059
0.017333
0.033144
0.017241
0.032960
0.017238
0.032912
0.017345
0.033017
0.017256
0.033143
0.017323
0.033096
0.017328
0.032896
0.017329
0.033164
0.017357
0.033004
0.017306
0.033071
0.017374
0.033159
0.017354
0.033211
0.017327
0.032969
0.017257
0.033045
0.017344
0.033143
0.017267
0.033119
0.017387
0.032845
0.017307
0.033001
0.017369
0.033071
0.017302
0.033187
0.017394
0.032995
0.017337
0.033088
0.017350
0.033092
0.017281
0.033106
0.017331
0.029102
0.021187
0.033029
0.017290
0.033141
0.017447
0.033013
0.017331
0.032972
0.017387
0.033078
0.017355
0.032979
0.017419
0.033144
0.017259
0.033105
0.017361
0.033045
0.017303
0.033068
0.017276
0.033131
0.017276
0.033016
0.017391
0.033048
0.017263
0.033027
0.017244
0.033060
0.017363
0.032948
0.017242
0.033165
0.017292
0.033165
0.017433
0.033070
0.017231
0.033182
0.017357
0.033160
0.017399
0.033104
0.017260
0.032911
0.017376
0.033161
0.017360
0.032962
0.017331
0.033064
0.017319
0.032886
0.017403
0.033123
0.017395
0.033095
0.017355
0.033011
0.017344
0.033063
0.017260
0.033125
0.017479
0.033085
0.017347
0.033158
0.017243
0.032977
0.017197
0.033160
0.017258
0.032942
0.017398
0.033067
0.017260
0.033214
0.017230
0.033176
0.017327
0.032954
0.017284
0.033154
0.017271
0.033091
0.017276
0.033071
0.017355
0.032990
0.017329
0.033003
0.017212
0.032997
0.017382
0.032980
0.017287
0.033013
0.017362
0.033182
0.017370
0.032911
0.017261
0.032967
0.017244
0.033065
0.017309
0.033234
0.017241
0.030708
0.016922
0.018731
0.019053
0.024847
0.016960
0.024948
0.017069
0.024774
0.017066
0.024699
0.017025
0.024873
0.017043
0.024797
0.017042
0.023280
0.018584
0.024853
0.017085
0.023252
0.026809
0.015363
0.018713
0.025020
0.017020
0.024854
0.017075
0.024756
0.017108
0.020851
0.024977
0.017097
0.020916
0.024989
0.017126
0.024812
0.017092
0.024923
0.021285
0.025154
0.013542
0.021312
0.023275
0.027040
0.021186
0.021404
0.021339
0.021269
0.021400
0.021455
0.021233
0.021513
0.021516
0.021411
0.021528
0.021393
0.021384
0.021432
0.021553
0.021360
0.021292
0.021580
0.013433
0.023390
0.026859
0.013443
0.023312
0.027004
0.013490
0.021503
0.023182
0.026932
0.013493
0.023439
0.023053
0.017274
0.023437
0.023031
0.017149
0.023356
0.018861
0.019042
0.015249
0.018756
0.013222
0.020919
0.021385
0.018942
0.024702
0.011156
0.018368
0.012733
0.012439
0.012530
0.012566
0.012522
0.012556
0.012493
0.012472
0.012606
0.012435
0.012430
0.012509
0.012505
0.012453
0.012521
0.012467
0.012511
0.012441
0.012517
0.012458
0.012577
0.012543
0.012454
0.012488
0.012562
0.012498
0.012501
0.012482
0.012457
0.012485
0.012488
0.012526
0.012515
0.012498
0.012446
0.012477
0.012589
0.012473
0.012457
0.012534
0.012482
0.012493
0.012545
0.012467
0.012532
0.012565
0.012506
0.012553
0.012550
0.012491
0.016610
0.012815
0.012759
0.012862
0.012842
0.012968
0.012805
0.012862
0.012923
0.012873
0.013069
0.013063
0.012962
0.013337
0.013326
0.013494
0.013453
0.009278
0.017173
0.013241
0.009386
0.017253
0.013297
0.013211
0.013230
0.013363
0.013252
0.013357
0.013309
0.013248
0.013253
0.013291
0.013229
0.013289
0.009178
0.012927
0.013239
0.013248
0.013297
0.013364
0.013372
0.013350
0.013363
0.013419
0.013516
0.016675
0.017015
0.016934
0.016950
0.017033
0.016911
0.016983
0.017034
0.016944
0.017033
0.016913
0.017027
0.016988
0.016972
0.019104
0.020968
0.020988
0.021005
0.020932
0.020992
0.024882
0.025025
0.025099
0.025047
0.024932
0.025005
0.025030
0.025239
0.025141
0.024947
0.025045
0.025096
0.024963
0.025049
0.025006
0.024998
0.025143
0.025197
0.024944
0.025051
0.024959
0.025045
0.025009
0.025041
0.025048
0.025107
0.025135
0.025133
0.025006
0.024954
0.024904
0.025174
0.025127
0.025127
0.024896
0.025026
0.025003
0.025009
0.025179
0.025011
0.025135
0.025170
0.025105
0.025009
0.024930
0.025105
0.024897
0.025168
0.025105
0.025041
0.025008
0.025001
0.024950
0.025062
0.025027
0.025155
0.025121
0.024984
0.025093
0.025059
0.025100
0.025191
0.025060
0.025125
0.025071
0.025098
0.025142
0.025090
0.025074
0.025050
0.025059
0.025003
0.024937
0.025088
0.024967
0.024935
0.025072
0.025053
0.025039
0.025113
0.025077
0.024963
0.024986
0.025135
0.024975
0.025099
0.025058
0.025047
0.025141
0.025158
0.024977
0.024990
0.025226
0.024999
0.025189
0.025247
0.024989
0.025113
0.024922
0.025013
0.024991
0.025041
0.025094
0.025122
0.024987
0.025156
0.025232
0.024929
0.025069
0.024933
0.024849
0.025061
0.025084
0.024940
0.025018
0.025177
0.025023
0.025025
0.025076
0.024993
0.025116
0.025135
0.024994
0.025088
0.024961
0.025058
0.024986
0.025169
0.025025
0.025100
0.025038
0.024988
0.025126
0.025213
0.024998
0.025092
0.025221
0.025081
0.025177
0.025096
0.025038
0.025096
0.025165
0.024976
0.025136
0.025169
0.025145
0.025105
0.025086
0.025110
0.025182
0.025109
0.025016
0.024988
0.024967
0.024933
0.024989
0.025208
0.025123
0.025063
0.025128
0.025133
0.024960
0.025069
0.024993
0.025030
0.025187
0.025003
0.025058
0.025109
0.025079
0.025078
0.025093
0.025007
0.025090
0.025146
0.025058
0.025000
0.025198
0.025122
0.025085
0.025080
0.024999
0.025084
0.025041
0.025051
0.025086
0.025039
0.025000
0.025003
0.025143
0.025076
0.025163
0.025061
0.024919
0.025160
0.025092
0.024977
0.025000
0.025089
0.024832
0.025102
0.025113
0.025024
0.025083
0.025060
0.024980
0.025163
0.025003
0.025035
0.025013
0.025109
0.025097
0.025128
0.025131
0.025056
0.025160
0.025055
0.025004
0.025223
0.025194
0.024966
0.025051
0.025118
0.025106
0.025054
0.024812
0.024887
0.025056
0.025131
0.025143
0.025095
0.025067
0.025105
0.025020
0.024956
0.025018
0.024982
0.025052
0.025110
0.024936
0.025092
0.025142
0.025072
0.024919
0.025094
0.025130
0.025132
0.025143
0.025060
0.024918
0.024981
0.025123
0.025101
0.025107
0.025077
0.025107
0.025061
0.025036
0.025086
0.025132
0.025046
0.025041
0.025100
0.025171
0.025147
0.025059
0.023026
0.015147
0.018810
0.028710
0.015086
0.020523
0.026957
0.015069
0.019025
0.028625
0.015072
0.019084
0.028540
0.013227
0.028455
0.013533
0.028405
0.014963
0.018785
0.028759
0.015027
0.026642
0.015013
0.018735
0.027034
0.015025
0.026816
0.020681
0.015321
0.028606
0.013330
0.026624
0.015036
0.026655
0.015174
0.026886
0.015001
0.028633
0.013573
0.027066
0.021271
0.021579
0.021406
0.021459
0.021338
0.021518
0.021556
0.021365
0.021410
0.021430
0.021440
0.021453
0.021474
0.021477
0.021396
0.021432
0.021410
0.021479
0.021400
0.021468
0.021463
0.021327
0.023142
0.013777
0.023145
0.026893
0.013655
0.026882
0.023043
0.013652
0.023076
0.025471
0.022995
0.013788
0.022992
0.026923
0.013705
0.022923
0.026843
0.013757
0.026860
0.021266
0.023175
0.013804
0.026826
0.023078
0.021470
0.025230
0.029241
0.021558
0.028933
0.021539
0.028779
0.021597
0.028934
0.021392
0.028809
0.021494
0.028829
0.021522
0.028920
0.021452
0.028924
0.021608
0.028883
0.021497
0.028952
0.021405
0.028753
0.021509
0.028900
0.021504
0.028950
0.021497
0.028938
0.021365
0.028708
0.021365
0.028890
0.021492
0.029031
