0.016135
0.016800
0.024969
0.016942
0.028625
0.015381
0.018677
0.028703
0.019142
0.015276
0.028388
0.019049
0.015054
0.028426
0.017595
0.024377
0.013537
0.026567
0.014964
0.027028
0.020663
0.015326
0.028559
0.013569
0.028537
0.015227
0.018673
0.028763
0.013535
0.028470
0.013472
0.028562
0.015388
0.018466
0.028808
0.015101
0.018860
0.027091
0.015079
0.028571
0.015272
0.026806
0.017786
0.016732
0.027514
0.021479
0.023046
0.013711
0.023012
0.025391
0.021028
0.021707
0.023142
0.013719
0.026887
0.021537
0.023115
0.015409
0.025366
0.021407
0.021439
0.021540
0.022859
0.013631
0.027034
0.021536
0.021358
0.023261
0.013702
0.026785
0.023000
0.013731
0.027148
0.023077
0.013618
0.026950
0.021323
0.021508
0.023120
0.013602
0.026949
0.021368
0.023335
0.013494
0.027237
0.023093
0.013787
0.026829
0.023216
0.013756
0.022757
0.033060
0.017349
0.033075
0.017291
0.033129
0.017355
0.033192
0.017281
0.033181
0.017347
0.033239
0.017354
0.033023
0.017324
0.033197
0.017447
0.033105
0.017382
0.033082
0.017363
0.033097
0.017291
0.032955
0.017260
0.033262
0.017296
0.033197
0.017323
0.032905
0.017285
0.033209
0.017452
0.032958
0.017381
0.033003
0.017312
0.033077
0.017301
0.033152
0.017322
0.033171
0.017349
0.033261
0.017477
0.033213
0.017272
0.033086
0.017392
0.033195
0.017330
0.033002
0.017356
0.033301
0.017396
0.033099
0.017351
0.033033
0.017401
0.032926
0.017482
0.032962
0.017308
0.032967
0.017271
0.033006
0.017336
0.033121
0.017416
0.033116
0.017308
0.033188
0.017214
0.033031
0.017396
0.033074
0.017282
0.033050
0.017405
0.033209
0.017337
0.033090
0.017337
0.033153
0.017372
0.033240
0.017535
0.033083
0.017370
0.024892
0.015052
0.027182
0.014982
0.027163
0.014928
0.028584
0.017622
0.016375
0.027088
0.014950
0.027016
0.018665
0.016926
0.016824
0.016877
0.016960
0.016861
0.010857
0.021000
0.018599
0.010978
0.020673
0.018528
0.010908
0.020786
0.018546
0.010845
0.020692
0.012611
0.017213
0.020579
0.018567
0.010981
0.020580
0.012546
0.020896
0.012622
0.020911
0.012558
0.020913
0.012587
0.020878
0.018561
0.010896
0.021083
0.012901
0.021213
0.018873
0.011072
0.022878
0.011188
0.020954
0.018954
0.011362
0.020885
0.012669
0.021294
0.012792
0.021317
0.012877
0.017575
0.017277
0.017339
0.017337
0.017400
0.017207
0.017370
0.017404
0.019460
0.020780
0.017222
0.017436
0.017332
0.017402
0.017476
0.017453
0.017445
0.017477
0.011497
0.017314
0.017276
0.017320
0.017397
0.019592
0.020893
0.017341
0.017384
0.017317
0.017207
0.017359
0.020983
0.021137
0.020942
0.021134
0.021000
0.021002
0.021069
0.020978
0.021006
0.020949
0.021046
0.021106
0.021131
0.021090
0.020992
0.021038
0.020956
0.020906
0.021043
0.021125
0.025060
0.025089
0.025070
0.025121
0.025068
0.024964
0.025204
0.025090
0.025038
0.025142
0.025041
0.025097
0.025228
0.025041
0.025053
0.024892
0.025077
0.025070
0.024913
0.025190
0.024957
0.025007
0.025084
0.025030
0.024939
0.025035
0.025102
0.025193
0.024956
0.024993
0.024967
0.025061
0.024988
0.024892
0.024946
0.024971
0.024870
0.024959
0.025036
0.025012
0.025107
0.024982
0.025121
0.025125
0.025044
0.025193
0.025058
0.025051
0.025064
0.025070
0.025084
0.024880
0.025112
0.024993
0.025040
0.025130
0.025060
0.025045
0.024972
0.025014
0.025136
0.025124
0.025146
0.025019
0.024951
0.025045
0.025105
0.025046
0.025101
0.024982
0.025166
0.025192
0.024932
0.024934
0.025027
0.025076
0.024956
0.025124
0.025062
0.024907
0.025094
0.025064
0.024940
0.024972
0.025213
0.025085
0.025186
0.024836
0.024926
0.025037
0.024965
0.025092
0.024972
0.024980
0.024972
0.024981
0.025078
0.024966
0.025133
0.024909
0.025038
0.025074
0.025073
0.025069
0.025038
0.025070
0.025109
0.024918
0.025218
0.025103
0.025015
0.025001
0.024960
0.024940
0.024971
0.024950
0.025010
0.025102
0.025174
0.025015
0.024965
0.025113
0.025179
0.025028
0.024932
0.025172
0.024948
0.025112
0.024969
0.025185
0.024898
0.024935
0.025158
0.025013
0.024979
0.025195
0.025178
0.025024
0.025033
0.025194
0.025002
0.025042
0.024976
0.025031
0.025206
0.025125
0.025118
0.025195
0.024995
0.024999
0.025005
0.024976
0.024928
0.025071
0.025018
0.024832
0.025126
0.025051
0.024942
0.024940
0.024868
0.025057
0.025136
0.025085
0.024980
0.024957
0.025096
0.025129
0.024873
0.024893
0.025067
0.025147
0.025156
0.024933
0.025007
0.025053
0.024872
0.024950
0.024947
0.025078
0.025109
0.025220
0.025053
0.025195
0.025079
0.025060
0.025095
0.025062
0.025040
0.025145
0.025017
0.025045
0.024974
0.025138
0.025019
0.024909
0.025029
0.025039
0.024977
0.025000
0.024979
0.025204
0.025155
0.025117
0.024888
0.025030
0.025067
0.024974
0.025013
0.025145
0.024985
0.025119
0.025009
0.025091
0.025272
0.025140
0.024984
0.025005
0.024907
0.025019
0.025068
0.025090
0.024999
0.024859
0.025055
0.025051
0.025038
0.025063
0.024846
0.024967
0.025264
0.025141
0.024874
0.025197
0.025052
0.024922
0.025015
0.025127
0.025014
0.025041
0.025017
0.024991
0.024912
0.025020
0.025039
0.025075
0.025043
0.024991
0.024979
0.024865
0.025066
0.025194
0.024911
0.025006
0.025068
0.025127
0.025098
0.025149
0.025043
0.025074
0.025043
0.025246
0.025136
0.025246
0.025168
0.025078
0.025001
0.025105
0.025039
0.025162
0.025027
0.025110
0.024886
0.025048
0.024965
0.024862
0.025077
0.025038
0.025177
0.024996
0.025185
0.025025
0.025011
0.025076
0.025066
0.025052
0.025228
0.025183
0.025114
0.025005
0.025098
0.025155
0.025083
0.025056
0.024992
0.025053
0.025034
0.025063
0.025094
0.025025
0.025013
0.025046
0.024865
0.025065
0.025105
0.025203
0.025062
0.025177
0.025127
0.024906
0.025114
0.025158
0.025183
0.024899
0.025026
0.025163
0.025162
0.025098
0.025076
0.025168
0.024993
0.025007
0.024865
0.024962
0.025130
0.025197
0.024890
0.024919
0.025156
0.024858
0.025051
0.025033
0.025159
0.025100
0.025081
0.024978
0.024975
0.024949
0.024976
0.025081
0.025026
0.024960
0.025042
0.025092
0.024968
0.024998
0.025058
0.024988
0.024972
0.025234
0.024911
0.024999
0.024977
0.025059
0.024967
0.025070
0.025005
0.025044
0.024827
0.025006
0.025024
0.025015
0.025043
0.025043
0.024990
0.025162
0.024954
0.024960
0.024991
0.025214
0.024983
0.025001
0.025134
0.025201
0.025001
0.025075
0.025023
0.025107
0.025136
0.024978
0.024931
0.025094
0.024983
0.025235
0.024880
0.025013
0.025147
0.025096
0.024914
0.025058
0.024982
0.025034
0.024861
0.025156
0.024997
0.025180
0.024872
0.025138
0.025024
0.024884
0.025068
0.025040
0.024938
0.025009
0.024965
0.024898
0.024969
0.025043
0.025007
0.025059
0.025060
0.025098
0.025096
0.025020
0.024908
0.024819
0.024976
0.024928
0.024908
0.025104
0.025028
0.025062
0.024947
0.025005
0.024980
0.025143
0.024989
0.020790
0.020878
0.020937
0.020659
0.020643
0.020705
0.020772
0.020653
0.020661
0.020746
0.020658
0.020581
0.020634
0.020706
0.020561
0.020706
0.020609
0.020623
0.020689
0.020702
0.020532
0.020605
0.020629
0.020675
0.020569
0.020739
0.020690
0.020682
0.020856
0.020793
0.020644
0.020799
0.020636
0.020900
0.020702
0.020730
0.020764
0.020525
0.020602
0.020871
0.021095
0.020982
0.020963
0.021004
0.021006
0.021083
0.021040
0.020966
0.021025
0.021008
0.021044
0.021034
0.020904
0.020883
0.021065
0.021012
0.021067
0.021023
0.020994
0.021042
0.021200
0.021055
0.021092
0.020962
0.020782
0.020885
0.021009
0.021031
0.020934
0.020895
0.020872
0.020926
0.020836
0.020897
0.020898
0.020884
0.020829
0.020892
0.021017
0.021022
0.021057
0.020909
0.021011
0.020862
0.020843
0.020903
0.020921
0.020820
0.020888
0.020971
0.021060
0.020947
0.025057
0.025005
0.025149
0.025167
0.024999
0.024951
0.025115
0.025139
0.025059
0.025264
0.025224
0.024981
0.025115
0.025038
0.025042
0.025178
0.025032
0.025047
0.025112
0.025042
0.025048
0.025042
0.025173
0.025042
0.024993
0.025081
0.025211
0.024925
0.025024
0.025008
0.024967
0.024997
0.025018
0.024981
0.024963
0.025151
0.025145
0.024944
0.025082
0.024909
0.025057
0.025079
0.025184
0.024940
0.024992
0.025053
0.024974
0.024845
0.024885
0.025102
0.024971
0.025046
0.025061
0.024988
0.025038
0.025026
0.024970
0.025157
0.025095
0.024948
0.025082
0.025071
0.025109
0.024998
0.024985
0.025018
0.025079
0.024816
0.025011
0.025083
0.025148
0.024954
0.025121
0.025085
0.025263
0.025135
0.025274
0.025031
0.025110
0.025074
0.025101
0.024996
0.025279
0.025127
0.025016
0.024902
0.025073
0.025141
0.025161
0.024979
0.025247
0.024986
0.025158
0.025129
0.025162
0.025173
0.025040
0.024987
0.025119
0.025066
0.025160
0.025117
0.025176
0.025160
0.025189
0.024991
0.020912
0.020778
0.020673
0.020763
0.020699
0.020699
0.020821
0.020760
0.020603
0.020775
0.020926
0.020866
0.020867
0.020800
0.020718
0.020737
0.020778
0.020724
0.020854
0.020826
0.020766
0.020766
0.020648
0.020906
0.020824
0.020689
0.020828
0.020761
0.020715
0.020586
0.020645
0.020696
0.020755
0.020788
0.020859
0.020607
0.020745
0.020851
0.020826
0.020716
0.020987
0.021026
0.020976
0.021133
0.021129
0.020866
0.021021
0.020956
0.020936
0.020902
0.020942
0.020983
0.021031
0.021019
0.020905
0.021024
0.021014
0.021135
0.020959
0.021067
0.021038
0.021069
0.021061
0.021079
0.021190
0.021131
0.020927
0.021118
0.021054
0.021020
0.020980
0.020827
0.021059
0.020971
0.020903
0.021005
0.020962
0.021061
0.021092
0.021072
0.021116
0.020941
0.020979
0.021094
0.021096
