0.002580
0.007753
0.008489
0.006197
0.008286
0.008255
0.008270
0.008239
0.008246
0.008379
0.008594
0.008435
0.008563
0.008590
0.008537
0.008497
0.008508
0.008356
0.008604
0.008569
0.008421
0.008434
0.008651
0.008472
0.008555
0.008557
0.008496
0.008519
0.008528
0.008508
0.008719
0.008696
0.008635
0.008679
0.008719
0.008660
0.008716
0.008744
0.008808
0.008857
0.008827
0.009127
0.012905
0.012827
0.012896
0.013096
0.012878
0.012932
0.012948
0.013000
0.012955
0.012951
0.012945
0.012849
0.012862
0.012945
0.012919
0.012911
0.012841
0.012809
0.012915
0.012902
0.012873
0.012895
0.013024
0.012752
0.012967
0.012793
0.012913
0.012872
0.012781
0.012746
0.012880
0.012894
0.012812
0.012815
0.012774
0.012761
0.012917
0.012900
0.012829
0.012767
0.012976
0.016741
0.016690
0.017029
0.016799
0.016859
0.016794
0.016865
0.016886
0.020825
0.020894
0.020961
0.024918
0.024840
0.024834
0.024881
0.025110
0.024842
0.024817
0.024886
0.024825
0.024749
0.024593
0.024907
0.024632
0.024885
0.024946
0.024777
0.024804
0.024887
0.024944
0.024902
0.024895
0.024719
0.024853
0.024857
0.024877
0.024831
0.024968
0.024845
0.024825
0.024720
0.024894
0.024810
0.025025
0.025059
0.024834
0.024864
0.024665
0.024917
0.024958
0.024900
0.024907
0.024846
0.024878
0.025019
0.024969
0.024926
0.024925
0.024828
0.024913
0.024928
0.025043
0.024844
0.024929
0.024906
0.025128
0.024881
0.024826
0.024872
0.025109
0.024940
0.025036
0.024998
0.025137
0.024881
0.024870
0.024769
0.024970
0.024809
0.024952
0.024873
0.024909
0.024938
0.024905
0.024975
0.024803
0.024860
0.024872
0.024977
0.024906
0.024894
0.024876
0.024955
0.024839
0.025015
0.025051
0.024826
0.025004
0.024996
0.024953
0.025009
0.024976
0.024952
0.025048
0.025104
0.024774
0.024909
0.024917
0.024848
0.024973
0.024990
0.025048
0.024760
0.024830
0.024932
0.024945
0.024925
0.024842
0.024906
0.024902
0.024874
0.024876
0.024899
0.024833
0.024808
0.024785
0.024841
0.025068
0.024947
0.025120
0.025106
0.024811
0.024973
0.025093
0.024845
0.024936
0.024906
0.025136
0.024842
0.024916
0.025080
0.024932
0.024940
0.024934
0.024945
0.025185
0.025016
0.024917
0.024809
0.024969
0.024972
0.024997
0.024912
0.024947
0.024909
0.024886
0.024941
0.024920
0.024772
0.024973
0.024987
0.025018
0.024808
0.024874
0.024943
0.024860
0.024918
0.024962
0.025015
0.024957
0.025051
0.024946
0.024896
0.024824
0.025072
0.025124
0.024888
0.024867
0.024901
0.025037
0.024839
0.024886
0.024791
0.025006
0.025034
0.024951
0.024888
0.024968
0.024979
0.024887
0.024905
0.024838
0.024944
0.025020
0.024898
0.025020
0.024857
0.024940
0.024857
0.024883
0.025008
0.024903
0.024981
0.024936
0.025087
0.024911
0.024856
0.024904
0.024827
0.024900
0.024887
0.025133
0.024886
0.024834
0.024909
0.024886
0.024956
0.024885
0.024923
0.025105
0.024889
0.025086
0.025028
0.024907
0.025012
0.024984
0.024739
0.025068
0.024761
0.025019
0.024858
0.025046
0.024768
0.025063
0.025015
0.025039
0.024877
0.024920
0.024926
0.024922
0.024972
0.024921
0.024826
0.024801
0.025089
0.025045
0.024844
0.025165
0.024874
0.024873
0.025009
0.024858
0.024843
0.024964
0.024853
0.024944
0.024999
0.024867
0.025056
0.024881
0.025003
0.025027
0.024900
0.025010
0.024859
0.024850
0.024893
0.025036
0.024873
0.025017
0.025015
0.024902
0.025012
0.024947
0.024801
0.024961
0.024955
0.024909
0.024832
0.025003
0.025003
0.024795
0.024925
0.024975
0.024965
0.024829
0.024935
0.024902
0.024942
0.024917
0.024841
0.025037
0.024947
0.024954
0.024989
0.024952
0.024950
0.025074
0.024911
0.024994
0.024791
0.025039
0.025028
0.024927
0.024946
0.024875
0.031853
0.024547
0.017238
0.024621
0.017587
0.024403
0.017196
0.024521
0.017198
0.024602
0.017256
0.024537
0.017225
0.023116
0.014879
0.026834
0.014807
0.028510
0.017268
0.024601
0.017180
0.023067
0.014843
0.027095
0.014696
0.026893
0.015074
0.028381
0.017249
0.024505
0.017236
0.016867
0.026971
0.014868
0.026911
0.014803
0.026898
0.014875
0.025347
0.020856
0.017143
0.025484
0.016880
0.025530
0.016773
0.025467
0.016906
0.025464
0.020887
0.017094
0.025490
0.021030
0.017191
0.025439
0.016811
0.025623
0.016831
0.025541
0.016837
0.025545
0.016831
0.025419
0.020873
0.021299
0.021318
0.021856
0.021087
0.021449
0.025077
0.017534
0.021073
0.021494
0.021529
0.021096
0.021479
0.021760
0.021001
0.021180
0.021490
0.021514
0.021631
0.021377
0.021524
0.021950
0.020972
0.021644
0.029018
0.021299
0.030651
0.021431
0.021183
0.029190
0.021111
0.029264
0.021058
0.029145
0.021142
0.029277
0.021177
0.029065
0.021121
0.029214
0.021210
0.029287
0.021137
0.029298
0.021106
0.029159
0.021101
0.029039
0.021194
0.029127
0.021100
0.029146
0.021136
0.029261
0.021113
0.029083
0.023197
0.018787
0.018921
0.024974
0.018744
0.024551
0.019069
0.018875
0.018816
0.024964
0.018859
0.024656
0.017266
0.024598
0.017207
0.024606
0.019081
0.018936
0.024552
0.017272
0.024590
0.017224
0.023092
0.018776
0.024607
0.019179
0.018950
0.024517
0.017286
0.024529
0.017186
0.024414
0.017184
0.024604
0.017293
0.024473
0.015477
0.024676
0.018768
0.024652
0.015868
0.022944
0.024770
0.021342
0.017422
0.023394
0.021454
0.022841
0.015885
0.022938
0.024702
0.017336
0.024885
0.017310
0.023266
0.022844
0.017508
0.024903
0.017391
0.024955
0.017341
0.024828
0.017380
0.024869
0.017338
0.024823
0.017410
0.023316
0.017097
0.023321
0.023319
0.022993
0.017392
0.023143
0.017099
0.023227
0.019029
0.023333
0.024725
0.017422
0.024683
0.017441
0.023274
0.017143
0.023215
0.023308
0.017145
0.021357
0.023158
0.021405
0.028714
0.021257
0.029202
0.021224
0.029221
0.021186
0.029230
0.021082
0.029301
0.021138
0.029284
0.021008
0.029299
0.021194
0.029288
0.021162
0.029237
0.021137
0.029357
0.021033
0.029172
0.021083
0.029217
0.021089
0.029279
0.021106
0.029207
0.021202
0.029225
0.021287
0.029050
0.021229
0.029201
0.021342
0.029255
0.021243
0.029228
0.021163
0.029098
0.021236
0.029256
0.021065
0.029273
0.021064
0.029299
0.021079
0.029274
0.021084
0.029291
0.021175
0.029183
0.021260
0.029194
0.021122
0.029202
0.021218
0.029383
0.021244
0.029207
0.021102
0.029289
0.021171
0.029352
0.021186
0.029285
0.021169
0.029212
0.021208
0.029277
0.021098
0.029219
0.021060
0.029274
0.021192
0.029217
0.021232
0.029151
0.021140
0.029211
0.021187
0.029190
0.021217
0.029133
0.021218
0.029181
0.021142
0.029122
0.021283
0.029393
0.021194
0.029121
0.021101
0.029285
0.021240
0.029134
0.021206
0.029376
0.021127
0.029293
0.021171
0.029154
0.021212
0.029215
0.021173
0.029342
0.021230
0.029092
0.021157
0.029342
0.021106
0.029215
0.021131
0.029184
0.021218
0.029300
0.021289
0.029290
0.021187
0.029197
0.021167
0.029213
0.021111
0.029276
0.021212
0.029315
0.021273
0.029123
0.021283
0.029283
0.021188
0.029244
0.021183
0.029209
0.021061
0.029240
0.021242
0.029147
0.021122
0.029174
0.021158
0.029213
0.021175
0.029387
0.021235
0.029438
0.021132
0.029142
0.021278
0.029219
0.021155
0.029123
0.021235
0.029315
0.021105
0.029044
0.021277
0.029261
0.021190
0.029216
0.021218
0.029305
0.021084
0.029233
0.021177
0.029195
0.021257
0.029191
0.021208
0.029213
0.021284
0.029356
0.021259
0.029244
0.028990
0.021468
0.021245
0.029263
0.021208
0.029373
0.021283
0.029329
0.020988
0.029234
0.021272
0.029342
0.021178
0.029227
0.021123
0.029179
0.021055
0.029223
0.021213
0.029183
0.021270
0.029337
0.021239
0.029296
0.021274
0.029234
0.021355
0.029252
0.021167
0.029357
0.021289
0.029441
0.021237
0.029285
0.021205
0.029228
0.021259
0.029463
0.021188
0.029209
0.021103
0.029197
0.021235
0.029196
0.021142
0.029451
0.021211
0.029203
0.021220
0.029217
0.021233
0.029284
0.021260
0.029147
0.021306
0.029227
0.021159
0.029416
0.021142
0.029160
0.021294
0.029277
0.021135
0.029155
0.021171
0.029205
0.021158
0.029113
0.021206
0.029215
0.021232
0.029237
0.021192
0.029119
0.021187
0.029075
0.021154
0.029215
0.021164
0.029212
0.021212
0.029226
0.021202
0.029247
0.021072
0.029177
0.021271
0.029238
0.021172
0.029064
0.021207
0.029344
0.021224
0.029235
0.021254
0.029239
0.021214
0.029059
0.021190
0.029203
0.021278
0.029269
0.021162
0.029325
0.021044
0.029212
0.021133
0.029301
0.021207
0.029215
0.021301
0.029279
0.021167
0.029290
0.021166
0.029250
0.021206
0.029222
0.021246
0.029217
0.028975
0.021404
0.021064
0.029236
0.021188
0.029360
0.021181
0.029135
0.021164
0.029295
0.021181
0.029335
0.021083
0.029217
0.021266
0.029246
0.021236
0.029220
0.021241
0.029174
0.021165
0.029211
0.021209
0.029194
0.021129
0.029344
0.021151
0.029204
0.021171
0.029164
0.021260
0.029255
0.021132
0.029202
0.021257
0.029290
0.021304
0.029378
0.021183
0.029223
0.021280
0.029324
0.021254
0.029371
0.021226
0.029170
0.021169
0.029312
0.021352
0.029230
0.021187
0.029302
0.021079
0.029270
0.021110
0.029211
0.021214
0.029388
0.021183
0.029261
0.021245
0.029287
0.021145
0.029282
0.021182
0.029405
0.021170
0.029247
0.021240
0.029256
0.021205
0.029206
0.021176
0.029234
0.021170
0.029302
0.021186
0.029250
0.021292
0.029287
0.021148
0.029348
0.021114
0.029091
0.021257
0.029216
0.021265
0.029296
0.021188
0.029214
0.021183
0.029160
0.021151
0.029157
0.021152
0.029302
0.021158
0.029267
0.021217
0.029221
0.021304
0.029290
0.021060
0.029210
0.021190
0.029143
0.021264
0.029213
0.021268
0.029256
