0.013973
0.018852
0.024846
0.025080
0.025123
0.025051
0.025218
0.024915
0.025043
0.024960
0.024966
0.025118
0.025021
0.024960
0.025052
0.024943
0.025098
0.024909
0.025046
0.025040
0.025078
0.025145
0.025039
0.025168
0.025021
0.024863
0.025024
0.024978
0.025100
0.025013
0.024984
0.025044
0.025035
0.024917
0.025176
0.025029
0.025125
0.025013
0.024911
0.025087
0.024947
0.024999
0.024990
0.024968
0.025032
0.025032
0.024934
0.024921
0.025105
0.025080
0.025184
0.024972
0.025085
0.025024
0.025140
0.025028
0.025162
0.025047
0.024879
0.024916
0.025149
0.025002
0.025109
0.025088
0.025075
0.025085
0.025169
0.025101
0.025201
0.024998
0.024976
0.025059
0.025119
0.025137
0.025134
0.025091
0.025089
0.025168
0.025172
0.025011
0.025046
0.024971
0.025039
0.025021
0.025129
0.024938
0.024992
0.025022
0.025017
0.024951
0.025023
0.025052
0.025023
0.025015
0.025055
0.025115
0.025075
0.025014
0.025060
0.025023
0.025070
0.025096
0.025117
0.024978
0.025165
0.025010
0.025019
0.025057
0.025012
0.024954
0.025098
0.024885
0.025001
0.024865
0.025064
0.025053
0.025142
0.024982
0.021455
0.024480
0.019349
0.014884
0.028786
0.019111
0.015093
0.026997
0.015073
0.026915
0.015074
0.028572
0.017288
0.024522
0.019243
0.014944
0.026908
0.022798
0.019183
0.014949
0.028686
0.017366
0.024458
0.017267
0.024699
0.017354
0.024657
0.017262
0.024589
0.017309
0.024617
0.017314
0.024674
0.017315
0.024628
0.017404
0.024786
0.017287
0.024617
0.013558
0.027234
0.021234
0.021595
0.021219
0.021625
0.021415
0.021154
0.023258
0.017479
0.023222
0.021460
0.021434
0.021485
0.021199
0.023372
0.013790
0.026966
0.021412
0.021587
0.021448
0.021527
0.021346
0.021434
0.015044
0.027275
0.023147
0.017570
0.023217
0.023043
0.017489
0.023230
0.015085
0.027205
0.015079
0.027303
0.021538
0.015208
0.027217
0.023191
0.017536
0.023222
0.021449
0.023172
0.017471
0.023204
0.023138
0.015360
0.018686
0.016668
0.018989
0.019177
0.025066
0.018826
0.018841
0.025105
0.018868
0.018898
0.024800
0.019056
0.026808
0.015198
0.026470
0.015299
0.026558
0.015326
0.026624
0.015366
0.026628
0.015409
0.026594
0.015153
0.026676
0.015341
0.026595
0.017275
0.018799
0.026860
0.015288
0.026535
0.020844
0.017024
0.018748
0.026865
0.015310
0.026514
0.015350
0.021484
0.023064
0.017269
0.025107
0.017228
0.025114
0.025383
0.013525
0.025111
0.017223
0.025134
0.017218
0.025166
0.017287
0.025149
0.017253
0.025034
0.017157
0.025131
0.017238
0.025104
0.017136
0.023659
0.022855
0.017282
0.023499
0.023025
0.017200
0.023468
0.026877
0.013531
0.023537
0.026965
0.013579
0.023242
0.026903
0.015712
0.026882
0.013592
0.023496
0.027002
0.013421
0.023385
0.026770
0.013638
0.023316
0.026848
0.021579
0.015717
0.024410
0.024962
0.025040
0.025252
0.025181
0.025233
0.025135
0.025050
0.025125
0.025086
0.025051
0.025084
0.025071
0.025163
0.025128
0.025193
0.025107
0.025090
0.025118
0.025138
0.024945
0.024951
0.025164
0.025099
0.025086
0.025074
0.025060
0.025039
0.025028
0.025219
0.025130
0.025195
0.025163
0.025163
0.025019
0.025004
0.025235
0.025126
0.024991
0.025068
0.024884
0.025195
0.025050
0.025063
0.025113
0.025209
0.025127
0.025101
0.025132
0.025085
0.025018
0.025041
0.025163
0.025088
0.025172
0.025061
0.025218
0.025043
0.025150
0.025126
0.025079
0.025049
0.025207
0.025181
0.025198
0.024990
0.025134
0.025089
0.024962
0.025136
0.024971
0.025003
0.025015
0.025191
0.025089
0.024974
0.025044
0.025162
0.025044
0.024898
0.025133
0.025180
0.025189
0.025275
0.025214
0.025156
0.024893
0.025097
0.025000
0.025186
0.024986
0.025096
0.025172
0.025088
0.025209
0.025159
0.024999
0.025014
0.025072
0.025167
0.025038
0.025042
0.025159
0.025161
0.025019
0.025153
0.025080
0.025080
0.025061
0.024943
0.024981
0.025067
0.025224
0.025062
0.025100
0.025125
0.024877
0.024936
0.025186
0.025104
0.025081
0.025253
0.025179
0.025189
0.025048
0.025081
0.025038
0.025048
0.025100
0.025176
0.025083
0.025118
0.025097
0.025174
0.025177
0.025237
0.025085
0.025125
0.025123
0.024986
0.025053
0.025171
0.025113
0.025068
0.024942
0.025019
0.025090
0.025233
0.025014
0.025254
0.025095
0.025084
0.025094
0.024994
0.025119
0.025097
0.025096
0.025275
0.025164
0.025183
0.025048
0.025172
0.025139
0.025141
0.025263
0.017135
0.018809
0.024966
0.019063
0.022967
0.018878
0.023018
0.016996
0.024818
0.018870
0.023021
0.018842
0.023042
0.017085
0.024712
0.018883
0.022930
0.017051
0.024756
0.017238
0.024623
0.018930
0.023071
0.017078
0.024693
0.017116
0.024777
0.018950
0.022940
0.018816
0.022973
0.018836
0.022973
0.016974
0.024743
0.019043
0.023030
0.018795
0.023123
0.021268
0.023427
0.017018
0.023365
0.017211
0.021565
0.021523
0.021529
0.021333
0.021356
0.021602
0.021448
0.021662
0.021497
0.021814
0.021529
0.021538
0.021269
0.021555
0.021466
0.021490
0.021525
0.021782
0.021448
0.021461
0.021459
0.021378
0.021023
0.014876
0.017323
0.018846
0.015080
0.017373
0.017250
0.017208
0.017209
0.017127
0.017225
0.017212
0.017369
0.017178
0.020626
0.015057
0.025100
0.019061
0.018950
0.024872
0.018881
0.026839
0.016971
0.016916
0.023338
0.026481
0.015370
0.026458
0.017206
0.017081
0.023280
0.018572
0.023362
0.026541
0.015398
0.026605
0.017012
0.017153
0.023376
0.018491
0.024954
0.018854
0.026908
0.016917
0.018955
0.026839
0.017052
0.018759
0.026790
0.020961
0.015440
0.026758
0.013649
0.021514
0.021385
0.021487
0.021443
0.021538
0.021278
0.021370
0.021538
0.021472
0.023051
0.026902
0.013565
0.021514
0.021467
0.021376
0.021377
0.021361
0.021432
0.021529
0.021472
0.021514
0.021415
0.021452
0.023612
0.026807
0.013580
0.023505
0.026960
0.013577
0.025102
0.017233
0.023637
0.026770
0.013570
0.023391
0.026932
0.013584
0.023509
0.026757
0.013677
0.023502
0.026817
0.013514
0.023427
0.026820
0.013529
0.021504
0.023695
0.032852
0.017694
0.033104
0.017443
0.032958
0.017407
0.033131
0.017458
0.033033
0.017389
0.033096
0.017393
0.033046
0.017268
0.033072
0.017327
0.033007
0.017411
0.033095
0.017397
0.033077
0.017363
0.033045
0.017422
0.032935
0.017407
0.033129
0.017359
0.033167
0.017349
0.033168
0.017431
0.033017
0.017434
0.033180
0.017449
0.033054
0.017489
0.033090
0.017374
0.032964
0.017466
0.033144
0.017426
0.033155
0.017384
0.033172
0.017478
0.033181
0.017291
0.033049
0.017303
0.033224
0.017400
0.033114
0.017372
0.033159
0.017456
0.033143
0.017417
0.033054
0.017415
0.033119
0.017268
0.032965
0.017424
0.032981
0.017462
0.032996
0.017481
0.033012
0.017414
0.033043
0.017508
0.032949
0.017404
0.033342
0.017292
0.033217
0.017413
0.033088
0.017478
0.033042
0.017404
0.033046
0.017335
0.033179
0.017370
0.033031
0.017339
0.033142
0.025099
0.017583
0.033014
0.017445
0.033131
0.017338
0.033003
0.017358
0.033214
0.017416
0.032928
0.017341
0.033260
0.017390
0.033105
0.017379
0.033313
0.017428
0.033021
0.017403
0.033024
0.017353
0.033065
0.017524
0.033217
0.017400
0.033314
0.017241
0.033056
0.017338
0.033231
0.017375
0.033210
0.017489
0.033211
0.017337
0.033119
0.017358
0.033220
0.017365
0.033225
0.017462
0.033067
0.017418
0.033064
0.017502
0.033176
0.017497
0.033077
0.017397
0.033029
0.017452
0.033161
0.017421
0.033037
0.017328
0.033240
0.017363
0.033075
0.017345
0.033163
0.017401
0.033074
0.017407
0.033142
0.017343
0.033164
0.017293
0.033120
0.017415
0.033175
0.017414
0.033093
0.017441
0.032892
0.017276
0.033024
0.017353
0.033150
0.017423
0.033149
0.017443
0.033118
0.017273
0.033017
0.017263
0.033106
0.017447
0.033233
0.017392
0.033164
0.017408
0.033174
0.017413
0.032962
0.017252
0.033164
0.017409
0.033028
0.017370
0.033223
0.017411
0.033156
0.017422
0.033081
0.017386
0.033202
0.017388
0.033226
0.017350
0.032913
0.017342
0.033122
0.017274
0.033103
0.016927
0.019053
0.028907
0.015264
0.018830
0.029027
0.015236
0.026771
0.015028
0.018866
0.027008
0.014901
0.027031
0.014930
0.027030
0.014942
0.026918
0.015023
0.027082
0.014968
0.026893
0.014990
0.026921
0.014941
0.026950
0.015121
0.028549
0.015139
0.018739
0.027143
0.015136
0.026798
0.015210
0.026802
0.015169
0.026877
0.015326
0.026778
0.015054
0.023310
0.027175
0.021447
0.013577
0.027068
0.019267
0.016953
0.027380
0.016962
0.027034
0.021458
0.013553
0.027002
0.021173
0.021379
0.021493
0.021519
0.021459
0.021466
0.021449
0.021474
0.021400
0.021484
0.021439
0.021658
0.021347
0.023167
0.013824
0.025444
0.018581
0.021073
0.027266
0.013831
0.026898
0.021184
0.021534
0.017204
0.027002
0.015290
0.027116
0.013854
0.026990
0.023188
0.013709
0.027124
0.023066
0.015312
0.026991
0.013654
0.022794
0.033377
0.017370
0.033143
0.017331
0.033152
0.017516
0.033213
0.017453
0.033228
0.017409
0.033218
0.017355
0.033066
0.017381
0.033080
0.017416
0.033261
0.017466
0.033088
0.017314
0.033087
0.017309
0.033337
0.017473
0.033138
0.017406
0.033005
0.017408
0.033237
0.017448
0.033164
0.017463
0.033024
0.017412
0.033144
0.017392
0.033094
0.017500
0.033053
0.017421
0.033233
0.017466
0.033188
0.017277
0.029184
0.021137
0.033251
0.017339
0.033145
0.017428
0.032912
0.017400
0.033049
0.017315
0.033030
0.017296
0.033246
0.017426
0.033191
0.017390
0.033325
0.017503
0.033049
0.017373
0.033215
0.017328
0.033178
0.017340
0.033138
0.017305
0.033066
0.017345
0.033124
0.017382
0.033157
0.017466
0.033151
0.017329
0.033167
0.017323
