0.018646
0.025135
0.019228
0.021255
0.033348
0.017359
0.033123
0.017366
0.033039
0.017318
0.033189
0.017426
0.033089
0.017355
0.033294
0.017272
0.033272
0.017308
0.032990
0.017322
0.033044
0.017321
0.033298
0.017438
0.033122
0.017306
0.033148
0.017260
0.033143
0.017336
0.033275
0.017373
0.033067
0.017277
0.033138
0.017418
0.033288
0.017435
0.033235
0.017290
0.033165
0.017268
0.033046
0.017413
0.033198
0.017303
0.033270
0.017331
0.033243
0.017371
0.033040
0.017312
0.033200
0.017469
0.033127
0.017332
0.033082
0.017418
0.033261
0.017324
0.033156
0.017304
0.033310
0.017403
0.033249
0.017445
0.033200
0.017325
0.033237
0.017404
0.033275
0.017340
0.033168
0.017375
0.033335
0.017348
0.033268
0.017273
0.033142
0.017367
0.033314
0.017317
0.033314
0.017358
0.033213
0.017338
0.033093
0.017358
0.032996
0.017403
0.033029
0.017330
0.033161
0.017390
0.033106
0.017379
0.033157
0.017420
0.033234
0.017341
0.033300
0.017195
0.033239
0.017344
0.033187
0.017312
0.033261
0.017362
0.033128
0.017349
0.033156
0.017326
0.033204
0.017373
0.033089
0.017351
0.033195
0.017329
0.033068
0.017378
0.033001
0.017322
0.033193
0.017338
0.033098
0.017503
0.032954
0.017338
0.033136
0.017350
0.033093
0.017263
0.033181
0.017304
0.033133
0.017361
0.033147
0.017309
0.033261
0.017381
0.033150
0.017269
0.033018
0.017333
0.033338
0.017369
0.033316
0.017309
0.033119
0.017351
0.033178
0.017261
0.033108
0.017348
0.033060
0.017361
0.033224
0.017329
0.033024
0.017408
0.033081
0.017559
0.033194
0.017294
0.033108
0.017353
0.033269
0.017302
0.033106
0.017393
0.033186
0.017413
0.033075
0.017301
0.033196
0.017381
0.033058
0.017357
0.032980
0.017295
0.033046
0.017381
0.033195
0.017381
0.033162
0.017359
0.033233
0.017304
0.033162
0.017305
0.033036
0.017360
0.033155
0.017350
0.033150
0.017342
0.033246
0.017310
0.033143
0.017360
0.033056
0.017352
0.033204
0.017278
0.033165
0.017294
0.033040
0.017365
0.033127
0.017253
0.033090
0.017367
0.033294
0.017310
0.033031
0.017249
0.033218
0.017326
0.033266
0.017391
0.033144
0.017338
0.033308
0.017262
0.033107
0.017260
0.033082
0.017314
0.033100
0.017435
0.033163
0.017400
0.033218
0.017272
0.033356
0.017338
0.033125
0.017364
0.033297
0.017382
0.033174
0.017265
0.033062
0.017416
0.033324
0.017339
0.033219
0.017318
0.033260
0.017361
0.033195
0.017309
0.033041
0.017329
0.033131
0.017426
0.033265
0.017447
0.033074
0.017250
0.033049
0.017315
0.033154
0.017346
0.033055
0.017412
0.033182
0.017339
0.033315
0.017306
0.033151
0.017416
0.033171
0.017306
0.033046
0.017328
0.033069
0.017308
0.033058
0.017293
0.033105
0.017336
0.033067
0.017285
0.033266
0.017340
0.033073
0.017299
0.033147
0.017308
0.033324
0.017387
0.033215
0.017336
0.033315
0.017261
0.033298
0.017365
0.033226
0.017294
0.033091
0.017427
0.030720
0.019169
0.016827
0.018932
0.028769
0.019088
0.016843
0.019174
0.028618
0.015081
0.018967
0.028690
0.013658
0.028431
0.015179
0.019058
0.028765
0.015237
0.018962
0.028735
0.015164
0.026750
0.015100
0.019040
0.028705
0.013667
0.028346
0.015088
0.018830
0.028750
0.013551
0.028278
0.013593
0.028486
0.013539
0.026900
0.014782
0.026896
0.020787
0.017121
0.021451
0.021431
0.025359
0.021517
0.021397
0.023032
0.013855
0.028659
0.015331
0.025410
0.023056
0.013732
0.027056
0.023111
0.013851
0.028702
0.015290
0.025459
0.021472
0.021627
0.021370
0.021484
0.023028
0.013682
0.026941
0.017130
0.027102
0.013814
0.027128
0.023195
0.013843
0.026869
0.023061
0.013867
0.026999
0.023103
0.013801
0.027033
0.023137
0.015298
0.027089
0.013530
0.026943
0.023101
0.013776
0.024584
0.011068
0.018848
0.015110
0.030749
0.019143
0.015056
0.027192
0.014968
0.028555
0.017326
0.020668
0.024944
0.017305
0.024802
0.019270
0.023023
0.019143
0.022928
0.019301
0.023024
0.017241
0.024643
0.017409
0.024757
0.017366
0.024560
0.017379
0.024533
0.019342
0.014875
0.027148
0.022854
0.017207
0.024703
0.017299
0.024771
0.017332
0.024814
0.017494
0.024890
0.019459
0.021484
0.021579
0.023147
0.019528
0.023112
0.019490
0.023070
0.017658
0.023187
0.023156
0.017576
0.023313
0.023154
0.019684
0.022967
0.017545
0.021520
0.023141
0.015154
0.025673
0.021554
0.023099
0.023305
0.017591
0.023244
0.023168
0.017437
0.023234
0.023080
0.017403
0.021445
0.021652
0.023332
0.023235
0.017555
0.023281
0.023293
0.017532
0.023258
0.023212
0.017532
0.021438
0.023571
0.023090
0.017555
0.021308
0.021657
0.030740
0.021539
0.021170
0.029159
0.021189
0.029433
0.021354
0.029227
0.021273
0.029356
0.021132
0.029126
0.021154
0.029206
0.021207
0.029212
0.021367
0.029319
0.021230
0.029199
0.021204
0.029262
0.021353
0.029372
0.021212
0.029314
0.021233
0.029214
0.021261
0.029147
0.021227
0.029119
0.021268
0.029231
0.021394
0.029337
0.021356
0.029260
0.021215
0.029367
0.021281
0.029365
0.021096
0.029424
0.021081
0.029223
0.021234
0.029163
0.021253
0.029165
0.021247
0.029348
0.021217
0.029308
0.021319
0.029377
0.021209
0.029329
0.021232
0.029300
0.021227
0.029335
0.021204
0.029262
0.021143
0.029315
0.021168
0.029219
0.021194
0.029319
0.021295
0.029338
0.021199
0.029411
0.021322
0.029375
0.021127
0.029402
0.021197
0.029222
0.021259
0.029246
0.021172
0.029217
0.021419
0.029306
0.021191
0.029377
0.021278
0.029444
0.021316
0.029220
0.021095
0.029287
0.021242
0.029154
0.021271
0.029368
0.021228
0.029226
0.021283
0.029269
0.021123
0.029313
0.021304
0.029451
0.021279
0.029292
0.021285
0.029274
0.021239
0.029386
0.021255
0.029305
0.021388
0.029495
0.021169
0.029226
0.028984
0.021495
0.021171
0.029366
0.021309
0.029258
0.021320
0.029233
0.021223
0.029287
0.021300
0.029383
0.021316
0.029377
0.021217
0.029232
0.021263
0.029277
0.021174
0.029273
0.021233
0.029382
0.021203
0.029245
0.021200
0.029348
0.021280
0.029348
0.021209
0.029388
0.021268
0.029175
0.021154
0.029135
0.021205
0.029284
0.021190
0.029242
0.021324
0.029198
0.021188
0.029350
0.021329
0.029411
0.021134
0.029358
0.021315
0.029296
0.021301
0.029315
0.021086
0.029317
0.021183
0.029157
0.021349
0.026888
0.019003
0.024755
0.017299
0.024577
0.020902
0.017568
0.024424
0.020751
0.017259
0.024761
0.017303
0.024557
0.017234
0.024489
0.017298
0.024550
0.017219
0.024570
0.017276
0.023100
0.017004
0.024860
0.018878
0.023187
0.017025
0.023070
0.022984
0.022728
0.017178
0.022959
0.017053
0.023484
0.022632
0.017089
0.025026
0.018970
0.020628
0.013084
0.018823
0.018771
0.015328
0.018789
0.015299
0.018785
0.013392
0.020395
0.015281
0.018808
0.015223
0.018765
0.013343
0.020427
0.015066
0.018773
0.015235
0.018852
0.015146
0.018846
0.015213
0.018712
0.015107
0.018728
0.015350
0.014911
0.019051
0.015033
0.017357
0.017305
0.018891
0.018699
0.013358
0.017233
0.019041
0.018752
0.013264
0.019128
0.018739
0.014962
0.018694
0.013250
0.017211
0.018927
0.018797
0.020623
0.021092
0.020997
0.020978
0.020868
0.021089
0.021043
0.020944
0.021133
0.020847
0.021125
0.021043
0.021056
0.020820
0.020951
0.020970
0.020989
0.020856
0.021090
0.021023
0.021079
0.020896
0.020966
0.021152
0.021137
0.021136
0.021094
0.021129
0.020993
0.020939
0.021037
0.020964
0.021116
0.020982
0.020886
0.021065
0.021044
0.020931
0.021156
0.021195
0.020865
0.020992
0.020829
0.021080
0.021156
0.020875
0.020897
0.020873
0.021086
0.020974
0.020963
0.020904
0.020893
0.021086
0.025010
0.025038
0.024978
0.025141
0.025088
0.025010
0.025151
0.024988
0.024999
0.024974
0.025035
0.025045
0.024994
0.025108
0.025114
0.024943
0.024944
0.025074
0.025047
0.025073
0.025068
0.025094
0.025123
0.025112
0.025125
0.025098
0.025014
0.025062
0.024977
0.025102
0.025095
0.025057
0.025028
0.025150
0.024897
0.025066
0.025194
0.025190
0.025100
0.025101
0.025110
0.025059
0.025111
0.025039
0.025003
0.024894
0.025172
0.025002
0.025110
0.024956
0.025012
0.024969
0.025265
0.024935
0.025033
0.024846
0.025000
0.024930
0.024968
0.024998
0.024879
0.025085
0.025021
0.025022
0.025049
0.025005
0.025125
0.025187
0.025001
0.024931
0.025229
0.024935
0.025054
0.025198
0.025018
0.024964
0.025151
0.025077
0.024949
0.024984
0.025030
0.025145
0.025035
0.024962
0.025156
0.025001
0.024929
0.024892
0.025038
0.025211
0.025090
0.024968
0.025088
0.025164
0.025211
0.025052
0.025036
0.025018
0.025032
0.025167
0.025190
0.025129
0.025013
0.025109
0.025061
0.025025
0.024993
0.024812
0.025024
0.025030
0.024995
0.025000
0.024969
0.024958
0.025126
0.024985
0.024973
0.025078
0.025100
0.025135
0.025100
0.025134
0.025025
0.025192
0.025042
0.025160
0.025115
0.025027
0.025063
0.025064
0.025166
0.025041
0.025046
0.025145
0.025171
0.024990
0.025122
0.025236
0.024993
0.025120
0.025235
0.025067
0.024893
0.025069
0.025057
0.025025
0.025055
0.025040
0.025155
0.025135
0.024957
0.025007
0.025017
0.025054
0.025070
0.025028
0.025009
0.025128
0.024950
0.025111
0.020908
0.020672
0.020761
0.020825
0.020753
0.020495
0.020598
0.020818
0.020650
0.020573
0.020598
0.020695
0.020763
0.020626
0.020588
0.020643
0.020637
0.020695
0.020695
0.020581
0.020621
0.020656
0.020695
0.020762
0.020691
0.020523
0.020713
0.020666
0.020694
0.020632
0.020709
0.020678
0.020539
0.020630
0.020693
0.020603
0.020601
0.020582
0.020597
0.020870
0.021019
0.020921
0.021083
0.020807
0.020912
0.021056
0.020928
0.020947
0.020912
0.020929
0.021117
0.020895
0.021118
