0.001850
0.018482
0.020913
0.015114
0.018909
0.028726
0.019070
0.015037
0.028591
0.019227
0.016914
0.018927
0.027047
0.020781
0.015341
0.028615
0.013373
0.028587
0.013430
0.028498
0.013527
0.028594
0.015154
0.019046
0.027212
0.016897
0.018840
0.028962
0.015193
0.026915
0.013623
0.028518
0.015201
0.026806
0.015140
0.018770
0.028640
0.015138
0.027187
0.021401
0.021382
0.021298
0.021285
0.021377
0.021319
0.021529
0.021362
0.013473
0.027210
0.023210
0.021368
0.021441
0.021333
0.021429
0.021505
0.021420
0.021333
0.021414
0.021318
0.021411
0.021331
0.021454
0.013814
0.023218
0.025395
0.023052
0.013566
0.026943
0.023072
0.013804
0.026829
0.023121
0.015321
0.027061
0.013710
0.027071
0.023166
0.013816
0.027034
0.023048
0.013691
0.027104
0.018858
0.017157
0.016978
0.011324
0.020200
0.020826
0.020679
0.020894
0.020736
0.020851
0.020765
0.020995
0.020873
0.020809
0.020779
0.020828
0.020709
0.020825
0.020750
0.020641
0.020836
0.020760
0.020807
0.020921
0.020797
0.020809
0.020767
0.020748
0.020792
0.020811
0.020827
0.020829
0.020844
0.020820
0.020725
0.020859
0.020766
0.020867
0.020851
0.020834
0.020894
0.021117
0.021154
0.021039
0.021143
0.021046
0.021013
0.021036
0.021092
0.020969
0.021053
0.021118
0.021055
0.021130
0.021120
0.021126
0.021077
0.021085
0.021200
0.021147
0.021138
0.021053
0.021036
0.021234
0.020962
0.021050
0.020964
0.021030
0.020981
0.021178
0.020895
0.021076
0.020968
0.020971
0.021097
0.021119
0.020980
0.021089
0.021003
0.020955
0.020839
0.021071
0.020922
0.021124
0.020976
0.021119
0.020945
0.021044
0.020974
0.021018
0.020952
0.021100
0.021071
0.025120
0.025111
0.025143
0.024912
0.024925
0.025043
0.025111
0.025012
0.025162
0.025164
0.025224
0.024901
0.025169
0.025084
0.025184
0.025169
0.025137
0.025020
0.025257
0.025078
0.025166
0.025015
0.025113
0.025111
0.025129
0.025078
0.025282
0.024992
0.024983
0.025086
0.025048
0.025105
0.025157
0.025088
0.025119
0.025041
0.025086
0.025034
0.025122
0.024952
0.024979
0.024990
0.024986
0.025150
0.025068
0.025000
0.025056
0.025052
0.025100
0.024945
0.025031
0.024859
0.025084
0.025071
0.025115
0.025061
0.025223
0.025130
0.025274
0.025125
0.025072
0.025010
0.025039
0.024952
0.025186
0.024998
0.025085
0.025106
0.025007
0.025008
0.025121
0.025192
0.025002
0.025030
0.025031
0.025163
0.025049
0.025059
0.024940
0.024966
0.025059
0.024946
0.024873
0.024934
0.025047
0.024897
0.025111
0.025024
0.025121
0.025058
0.022903
0.020586
0.020762
0.020647
0.020715
0.020864
0.020554
0.020726
0.020811
0.020690
0.020860
0.020833
0.020757
0.020562
0.020776
0.020698
0.020842
0.020798
0.020602
0.020686
0.020684
0.020723
0.020767
0.020743
0.020747
0.020574
0.010915
0.016789
0.016842
0.016816
0.016811
0.016759
0.016834
0.016805
0.016876
0.016819
0.016859
0.016780
0.016862
0.016752
0.016826
0.016793
0.016803
0.016849
0.019299
0.017133
0.017238
0.017098
0.017267
0.017174
0.017192
0.017112
0.017247
0.017183
0.017266
0.017135
0.017323
0.017150
0.017270
0.017115
0.017286
0.017179
0.017153
0.017257
0.017218
0.017173
0.017080
0.017121
0.020696
0.017147
0.017191
0.017329
0.013681
0.017479
0.017374
0.017495
0.020943
0.014388
0.017039
0.017359
0.017434
0.017351
0.017518
0.018233
0.021612
0.027287
0.021554
0.021458
0.021561
0.021426
0.021512
0.021478
0.021512
0.021483
0.021592
0.021513
0.021571
0.021550
0.021538
0.021294
0.021585
0.021503
0.021499
0.015475
0.027000
0.021631
0.021515
0.021582
0.021573
0.021524
0.021535
0.021466
0.021628
0.021499
0.021587
0.021443
0.021518
0.021465
0.021502
0.021440
0.023656
0.027250
0.017574
0.032903
0.021597
0.028978
0.017685
0.032761
0.017584
0.032845
0.017618
0.032868
0.017626
0.032829
0.017500
0.032985
0.017628
0.032982
0.017529
0.032943
0.017786
0.032556
0.021309
0.028877
0.017485
0.032830
0.017624
0.032858
0.017613
0.032873
0.021493
0.028919
0.017620
0.032844
0.017570
0.029842
0.028776
0.017489
0.032910
0.017525
0.032887
0.017534
0.033008
0.021401
0.028908
0.021444
0.028900
0.021631
0.029009
0.021517
0.028890
0.021587
0.028927
0.021564
0.028872
0.021407
0.028899
0.021599
0.028917
0.021433
0.029091
0.021502
0.028963
0.021547
0.028968
0.021565
0.029026
0.021519
0.028984
0.021572
0.029128
0.021562
0.028871
0.021401
0.028940
0.021508
0.028962
0.021425
0.028892
0.021568
0.029084
0.021487
0.028919
0.021524
0.028948
0.021411
0.028923
0.021488
0.028850
0.021433
0.028934
0.021440
0.028877
0.021445
0.028946
0.021510
0.029000
0.021511
0.029061
0.021409
0.029052
0.021394
0.028929
0.021466
0.029008
0.021548
0.029070
0.021431
0.028929
0.021367
0.028805
0.021483
0.028949
0.021342
0.028904
0.021447
0.028923
0.021469
0.028885
0.021472
0.028840
0.021544
0.029029
0.021463
0.028866
0.021633
0.029020
0.021427
0.028928
0.021306
0.028941
0.021528
0.029095
0.021478
0.028884
0.021477
0.028877
0.021329
0.028978
0.021506
0.029049
0.021540
0.028918
0.021415
0.029035
0.021375
0.028889
0.021395
0.028868
0.021377
0.028885
0.021497
0.028903
0.021560
0.028887
0.021481
0.028934
0.021598
0.028967
0.021279
0.028861
0.021495
0.028930
0.021513
0.028911
0.021609
0.028879
0.021469
0.028970
0.021526
0.029053
0.021455
0.029003
0.021394
0.028886
0.021510
0.029008
0.021484
0.028893
0.013465
0.028425
0.015075
0.026682
0.015197
0.018892
0.028772
0.015242
0.018736
0.028802
0.015277
0.018834
0.027129
0.015049
0.028700
0.015126
0.026870
0.015027
0.018776
0.027136
0.015063
0.028617
0.015093
0.026785
0.015074
0.026751
0.015004
0.026823
0.015154
0.026695
0.015169
0.026811
0.015032
0.026701
0.015131
0.018922
0.027058
0.015064
0.026835
0.018986
0.011207
0.017136
0.018614
0.020908
0.011168
0.018682
0.020809
0.011138
0.018712
0.020952
0.011214
0.018637
0.020896
0.011294
0.017082
0.017117
0.016926
0.017025
0.018642
0.020999
0.011206
0.017078
0.018747
0.020866
0.011286
0.022687
0.011278
0.017277
0.022674
0.013121
0.020887
0.017168
0.011189
0.018816
0.016960
0.021165
0.017037
0.017217
0.013135
0.020951
0.017120
0.012946
0.023008
0.023022
0.015075
0.019003
0.027344
0.023175
0.015383
0.027054
0.015368
0.027040
0.015293
0.025468
0.022985
0.015398
0.026921
0.015323
0.027188
0.015390
0.027061
0.015510
0.027034
0.015392
0.026996
0.015352
0.027013
0.013920
0.023003
0.027032
0.013612
0.026898
0.022987
0.013809
0.023060
0.026919
0.013784
0.023124
0.027153
0.015285
0.025662
0.023056
0.019247
0.023026
0.013737
0.027030
0.023021
0.013817
0.027014
0.023054
0.015267
0.026996
0.013738
0.027096
0.023051
0.023437
0.018914
0.033061
0.021557
0.028919
0.021449
0.028942
0.021371
0.028910
0.021531
0.028948
0.021503
0.028951
0.021617
0.028848
0.021591
0.028816
0.021418
0.028820
0.021426
0.028899
0.021590
0.029128
0.021373
0.028869
0.021433
0.028893
0.021504
0.028984
0.021554
0.028942
0.021394
0.028898
0.021433
0.029017
0.021646
0.029023
0.021543
0.028949
0.021443
0.028854
0.021394
0.028961
0.021488
0.028914
0.021608
0.028916
0.021575
0.028950
0.021359
0.028895
0.021477
0.028976
0.021438
0.028883
0.021409
0.028974
0.021632
0.028891
0.021440
0.028942
0.021577
0.029044
0.021548
0.029033
0.021466
0.028952
0.021572
0.028952
0.021617
0.028867
0.021553
0.028965
0.021637
0.028916
0.021562
0.028918
0.021376
0.028990
0.021563
0.028982
0.021619
0.028876
0.021563
0.028870
0.021467
0.028883
0.021339
0.029019
0.021346
0.028886
0.021451
0.028978
0.021477
0.028980
0.021462
0.029027
0.021523
0.029057
0.021540
0.028858
0.021478
0.028964
0.021481
0.028898
0.021578
0.028966
0.021426
0.028930
0.021466
0.028869
0.021539
0.028938
0.021427
0.028964
0.021514
0.028864
0.021455
0.028944
0.021380
0.028850
0.021576
0.028911
0.021470
0.029023
0.021333
0.028921
0.021410
0.028918
0.021425
0.028955
0.021452
0.028847
0.021457
0.028932
0.021501
0.028863
0.021594
0.029000
0.021480
0.028852
0.021362
0.028970
0.021602
0.029016
0.021544
0.028878
0.021506
0.028924
0.021438
0.028871
0.021449
0.028940
0.021417
0.028965
0.021503
0.028909
0.021323
0.028981
0.021390
0.029119
0.021528
0.028870
0.021363
0.029039
0.021514
0.028855
0.021426
0.028984
0.021506
0.028929
0.021425
0.028851
0.021500
0.028906
0.021454
0.028894
0.021270
0.028856
0.021410
0.028998
0.021499
0.028906
0.021549
0.028976
0.021504
0.028939
0.021448
0.028942
0.021344
0.028975
0.021476
0.028889
0.021508
0.028929
0.021558
0.028852
0.021514
0.028950
0.021380
0.028994
0.021488
0.028846
0.021462
0.028896
0.021380
0.028959
0.021419
0.028895
0.021450
0.028937
0.021612
0.028921
0.021363
0.028840
0.021559
0.028966
0.021564
0.029007
0.021488
0.028972
0.021585
0.028865
0.021452
0.028815
0.021424
0.028938
0.021365
0.029026
0.021482
0.029053
0.021466
0.028980
0.021579
0.028943
0.021501
0.028958
0.021588
0.029020
0.021461
0.028835
0.021423
0.029028
0.021537
0.028952
0.021544
0.028904
0.021591
0.028967
0.021477
0.028867
0.021407
0.028949
0.021382
0.029027
0.021472
0.029043
0.021307
0.028852
0.021399
0.028873
0.021555
0.028857
0.021442
0.029014
0.021493
0.028922
0.021586
0.028903
0.021492
0.029040
0.021495
0.028877
0.021411
0.028954
0.021397
0.028918
0.021347
0.028909
0.021435
0.028968
0.021410
0.028877
0.021605
0.028977
0.021352
0.028923
0.021491
0.028921
0.021630
0.029032
0.021548
0.029060
0.021527
0.028936
0.021539
0.028960
0.021562
0.028860
0.021499
0.028982
