0.006254
0.020422
0.025047
0.024935
0.024928
0.025067
0.025109
0.024919
0.025123
0.024933
0.024981
0.024924
0.024987
0.025027
0.025034
0.025089
0.025034
0.024929
0.024851
0.025058
0.025111
0.024964
0.025048
0.025218
0.025043
0.025126
0.025083
0.025098
0.025036
0.024883
0.024975
0.025104
0.025020
0.025022
0.025021
0.025082
0.025009
0.025023
0.025135
0.025116
0.025132
0.025048
0.025110
0.024976
0.025064
0.025021
0.024984
0.024962
0.025123
0.025031
0.025013
0.024983
0.024997
0.025095
0.025032
0.024991
0.024969
0.024893
0.024922
0.024965
0.024933
0.025052
0.024943
0.024997
0.024971
0.024910
0.025069
0.024938
0.025060
0.025114
0.024881
0.025053
0.025083
0.024950
0.025126
0.025042
0.025022
0.025033
0.024982
0.025046
0.024979
0.024889
0.025115
0.025036
0.025097
0.024935
0.024999
0.025004
0.024874
0.024889
0.025134
0.025049
0.025085
0.024941
0.025134
0.025231
0.024992
0.025093
0.024956
0.024973
0.025053
0.025110
0.025184
0.024962
0.025032
0.025018
0.025075
0.024919
0.024959
0.024929
0.025033
0.025020
0.024933
0.024909
0.024941
0.025040
0.025026
0.025069
0.025055
0.025022
0.025150
0.025049
0.025044
0.025117
0.025101
0.025048
0.024995
0.025072
0.025154
0.024950
0.024961
0.025086
0.025074
0.025023
0.025036
0.025158
0.025111
0.024899
0.025135
0.025121
0.024975
0.025027
0.025083
0.025131
0.024791
0.025128
0.024988
0.024972
0.024926
0.025107
0.025170
0.025071
0.024926
0.024982
0.025058
0.024957
0.025007
0.025020
0.025035
0.025017
0.025091
0.024933
0.020852
0.020595
0.020715
0.020712
0.020678
0.020443
0.020715
0.020676
0.020507
0.020600
0.020634
0.020668
0.020601
0.020557
0.020575
0.020552
0.020609
0.020626
0.020681
0.020387
0.020680
0.020526
0.020617
0.020808
0.020532
0.020465
0.020715
0.020588
0.020566
0.020615
0.020644
0.020540
0.020612
0.020561
0.020495
0.020634
0.020521
0.020525
0.020649
0.020831
0.021028
0.020902
0.020875
0.020781
0.020930
0.020909
0.020921
0.020871
0.020938
0.020997
0.020946
0.020796
0.020987
0.016670
0.016813
0.016732
0.016726
0.016633
0.016624
0.016600
0.016623
0.016724
0.016654
0.016584
0.016618
0.016586
0.016555
0.016460
0.016540
0.016609
0.016449
0.016466
0.016558
0.016609
0.016573
0.016462
0.016561
0.016466
0.016637
0.016470
0.016552
0.016593
0.016550
0.016529
0.016439
0.016576
0.016401
0.016622
0.016458
0.016449
0.016669
0.018708
0.020733
0.020631
0.020598
0.020725
0.020831
0.020558
0.020704
0.020633
0.020977
0.020912
0.020976
0.020940
0.020819
0.020902
0.020944
0.020926
0.021061
0.021102
0.020975
0.020943
0.020900
0.021063
0.020910
0.020962
0.021001
0.020848
0.020869
0.020859
0.021000
0.020956
0.021109
0.020999
0.020869
0.020828
0.020872
0.020919
0.021021
0.020834
0.020951
0.020917
0.020996
0.020942
0.020873
0.021090
0.020960
0.020911
0.020908
0.020938
0.021074
0.020979
0.020970
0.020908
0.020948
0.020928
0.020993
0.020934
0.020936
0.021026
0.020836
0.021083
0.023056
0.024878
0.025045
0.025117
0.025121
0.024987
0.024969
0.024914
0.025012
0.025003
0.024993
0.025011
0.024958
0.024992
0.025097
0.025166
0.025131
0.024903
0.024942
0.025022
0.025066
0.025095
0.025055
0.025001
0.025057
0.025080
0.024878
0.024993
0.025031
0.025229
0.025046
0.025069
0.025116
0.025107
0.025189
0.024910
0.025123
0.024861
0.024942
0.025028
0.024925
0.024948
0.024863
0.025043
0.025138
0.025128
0.024992
0.024984
0.025102
0.024970
0.025092
0.024988
0.025007
0.024928
0.024996
0.025024
0.025219
0.025039
0.025073
0.025007
0.025004
0.025032
0.025183
0.025061
0.025100
0.024936
0.025022
0.025043
0.025068
0.024890
0.025105
0.025058
0.024813
0.024914
0.025078
0.025035
0.025043
0.022819
0.020788
0.020617
0.020694
0.020678
0.020704
0.020594
0.020655
0.020819
0.020685
0.020702
0.020571
0.020550
0.020491
0.020599
0.020593
0.020605
0.020617
0.020584
0.020548
0.020636
0.020594
0.020573
0.020637
0.020528
0.020652
0.020661
0.020723
0.020665
0.020559
0.020415
0.020736
0.020565
0.020660
0.020789
0.020608
0.020561
0.020612
0.020618
0.020824
0.021061
0.021060
0.020889
0.021041
0.020878
0.020906
0.021198
0.020929
0.020824
0.021023
0.021035
0.020982
0.020920
0.020889
0.021077
0.021022
0.020879
0.021030
0.020832
0.020876
0.020962
0.021039
0.020989
0.020887
0.020988
0.021040
0.020896
0.021039
0.020822
0.021060
0.020909
0.020946
0.020908
0.021001
0.021043
0.020918
0.020795
0.020960
0.021002
0.020980
0.020984
0.020950
0.020971
0.020850
0.020860
0.020990
0.021032
0.020941
0.021087
0.020981
0.020975
0.020987
0.025009
0.024998
0.025064
0.025055
0.024919
0.025058
0.024989
0.025128
0.025005
0.025085
0.024903
0.024979
0.024920
0.025061
0.024812
0.024985
0.024852
0.025056
0.024885
0.025108
0.025027
0.024978
0.024968
0.025035
0.024919
0.024906
0.024959
0.024888
0.024940
0.025018
0.025139
0.024986
0.025035
0.025054
0.024999
0.025015
0.024831
0.024789
0.025064
0.025090
0.025006
0.025003
0.024905
0.025079
0.025005
0.025120
0.025162
0.025104
0.025051
0.024984
0.025007
0.025202
0.025024
0.024950
0.025106
0.024932
0.025039
0.025035
0.025064
0.025063
0.025098
0.025149
0.024935
0.024971
0.024795
0.025076
0.024953
0.025118
0.025083
0.025066
0.025043
0.025171
0.025036
0.025119
0.025079
0.024921
0.024991
0.025049
0.025077
0.025019
0.025054
0.025171
0.025011
0.025019
0.024847
0.024991
0.025058
0.025115
0.024957
0.025024
0.025150
0.025123
0.024952
0.025119
0.024910
0.025145
0.025021
0.025090
0.024859
0.024938
0.025054
0.024926
0.024929
0.024902
0.024976
0.024894
0.024882
0.025057
0.025052
0.024969
0.024883
0.024929
0.025055
0.024995
0.025078
0.025118
0.024957
0.025025
0.024943
0.025196
0.024897
0.019094
0.019025
0.025159
0.018778
0.024722
0.019011
0.018875
0.024525
0.017197
0.023106
0.016932
0.026535
0.017323
0.022901
0.022745
0.017268
0.022805
0.016934
0.024775
0.018861
0.023247
0.018881
0.023136
0.016886
0.024753
0.016909
0.024914
0.017030
0.026508
0.019063
0.018717
0.024607
0.017180
0.024553
0.019062
0.018843
0.024645
0.017214
0.024648
0.015663
0.021065
0.021455
0.021364
0.021466
0.021552
0.021430
0.021441
0.021374
0.021490
0.021471
0.021479
0.021381
0.021422
0.021349
0.021344
0.021501
0.021422
0.021372
0.021321
0.021277
0.021371
0.021457
0.021466
0.021488
0.021327
0.023500
0.023161
0.017043
0.021446
0.021126
0.021538
0.023566
0.023117
0.017209
0.021446
0.021170
0.021437
0.021627
0.021655
0.021266
0.023535
0.023230
0.017012
0.021071
0.021673
0.021039
0.018514
0.015524
0.020326
0.020829
0.020932
0.025199
0.018880
0.023029
0.018715
0.023086
0.016851
0.024735
0.018856
0.023075
0.018785
0.023097
0.016959
0.024780
0.016971
0.026588
0.017289
0.022964
0.016911
0.024768
0.016930
0.024831
0.017019
0.024882
0.018836
0.022896
0.017012
0.024826
0.016956
0.024844
0.017063
0.024776
0.018719
0.024440
0.019265
0.022893
0.017347
0.024784
0.017346
0.024809
0.017489
0.024722
0.017500
0.024940
0.017351
0.024796
0.017451
0.024836
0.017451
0.024829
0.017549
0.024778
0.017355
0.024890
0.017427
0.024803
0.017428
0.024784
0.017362
0.023190
0.017254
0.021523
0.023315
0.023295
0.017143
0.023377
0.023213
0.017239
0.023220
0.023331
0.017074
0.025332
0.017306
0.023384
0.023273
0.017094
0.021466
0.023336
0.023274
0.017117
0.023208
0.023278
0.017199
0.025120
0.024664
0.024960
0.025045
0.024992
0.025078
0.024926
0.025084
0.025032
0.024941
0.025073
0.024855
0.025086
0.025119
0.025186
0.025110
0.025009
0.025108
0.025021
0.025200
0.025109
0.025065
0.024947
0.025079
0.025062
0.024949
0.025084
0.024992
0.024906
0.024878
0.025011
0.025168
0.025056
0.025043
0.025058
0.024950
0.025120
0.025093
0.025035
0.025025
0.025158
0.025053
0.025252
0.025110
0.025096
0.025088
0.025047
0.025187
0.024944
0.025101
0.025168
0.025134
0.024967
0.024987
0.025072
0.025096
0.025162
0.025155
0.025122
0.024933
0.025033
0.024967
0.025203
0.025080
0.025075
0.025096
0.025088
0.025041
0.024996
0.025093
0.025180
0.025177
0.025073
0.025079
0.025198
0.025205
0.025184
0.025168
0.024998
0.025096
0.025145
0.024978
0.025114
0.025126
0.025065
0.024990
0.024985
0.025110
0.024984
0.025113
0.025042
0.025061
0.025026
0.024951
0.025050
0.025054
0.024987
0.024926
0.024951
0.025111
0.025144
0.025052
0.025136
0.024882
0.025065
0.025117
0.024975
0.025086
0.025085
0.025090
0.025127
0.025010
0.025057
0.025115
0.025059
0.024916
0.025194
0.025078
0.025043
0.025134
0.025024
0.025030
0.024961
0.024957
0.024888
0.025037
0.025083
0.024994
0.024992
0.025072
0.025103
0.025025
0.024970
0.024824
0.024895
0.025006
0.025005
0.025126
0.024988
0.024930
0.024997
0.024910
0.025062
0.024980
0.025088
0.025073
0.024978
0.024900
0.025048
0.025039
0.025017
0.025015
0.025077
0.025069
0.024919
0.024910
0.025106
0.024915
0.024895
0.025025
0.025190
0.025074
0.025079
0.025101
0.025066
0.024904
0.025094
0.025022
0.025086
0.025012
0.016719
0.019121
0.024724
0.019019
0.018869
0.018786
0.026678
0.018995
0.017107
0.024875
0.018830
0.023065
0.016946
0.024901
0.018905
0.023080
0.017066
0.024948
0.016822
0.026410
0.019022
0.016991
0.024801
0.016963
0.024762
0.016994
0.024829
0.016878
0.026377
0.017195
0.024565
0.017314
0.024511
0.019082
0.017033
0.020747
0.025203
0.016835
0.024960
0.017206
0.021131
0.021435
0.021520
0.021480
0.021433
0.021322
0.021232
0.021448
0.021432
0.021421
0.021431
0.021371
0.021461
