0.016799
0.020937
0.030906
0.019130
0.020944
0.033013
0.017204
0.033098
0.017258
0.033020
0.017191
0.033017
0.017184
0.033045
0.017173
0.032995
0.017314
0.033185
0.017351
0.023137
0.024732
0.018910
0.018858
0.025023
0.018921
0.018941
0.024848
0.018924
0.018800
0.024937
0.018775
0.018772
0.024824
0.016970
0.024821
0.018901
0.026779
0.015109
0.026799
0.015260
0.026435
0.015283
0.018741
0.023253
0.026720
0.015224
0.026533
0.015277
0.018581
0.024752
0.016974
0.024869
0.017033
0.024762
0.018861
0.026912
0.015416
0.026713
0.015290
0.025373
0.017008
0.025606
0.016912
0.027223
0.013560
0.021367
0.021457
0.021347
0.021472
0.021324
0.021421
0.021038
0.021397
0.021283
0.021835
0.021400
0.021471
0.021192
0.021804
0.021522
0.021027
0.021428
0.021901
0.023462
0.026783
0.013478
0.021748
0.021138
0.021343
0.021443
0.021434
0.023463
0.026841
0.013530
0.025005
0.017196
0.025055
0.017182
0.025154
0.017323
0.025003
0.017175
0.025026
0.017216
0.025164
0.017132
0.023523
0.026904
0.021466
0.030727
0.021410
0.021335
0.029231
0.021167
0.029255
0.021181
0.029241
0.021221
0.029247
0.021229
0.029212
0.021217
0.029293
0.021178
0.029310
0.021189
0.029314
0.021146
0.029164
0.021235
0.029315
0.021280
0.029267
0.021156
0.029183
0.021209
0.029370
0.021213
0.029177
0.021301
0.029292
0.021273
0.029327
0.021231
0.029213
0.021195
0.029252
0.021287
0.029163
0.021173
0.029160
0.021282
0.029344
0.021392
0.029233
0.021140
0.029297
0.021162
0.029132
0.021158
0.029120
0.021208
0.029180
0.021196
0.029202
0.021258
0.029174
0.021143
0.029373
0.021266
0.029327
0.021335
0.029280
0.021240
0.029240
0.021210
0.029245
0.021211
0.029228
0.021185
0.029335
0.021267
0.029419
0.021173
0.029175
0.021211
0.029340
0.021283
0.029301
0.021250
0.029180
0.021292
0.029277
0.021448
0.029330
0.021369
0.029387
0.021241
0.029267
0.021228
0.029297
0.021201
0.029193
0.021342
0.027535
0.030883
0.021518
0.021308
0.029396
0.021216
0.029372
0.021283
0.029187
0.021376
0.029327
0.021291
0.029258
0.021186
0.029266
0.021262
0.029275
0.021267
0.029169
0.021298
0.029125
0.021322
0.029325
0.021218
0.029332
0.021194
0.029344
0.021252
0.029216
0.021100
0.029281
0.021356
0.029216
0.021278
0.029324
0.021309
0.029275
0.021240
0.029302
0.021316
0.027504
0.029365
0.021269
0.030947
0.021476
0.021305
0.029209
0.021274
0.029411
0.021291
0.029334
0.021283
0.029315
0.021163
0.029280
0.021160
0.029278
0.021260
0.029275
0.021290
0.029271
0.021197
0.029244
0.021290
0.029345
0.021320
0.029158
0.021284
0.029293
0.021325
0.029266
0.021234
0.029279
0.021338
0.029339
0.021272
0.029308
0.021270
0.029402
0.021270
0.029155
0.021235
0.029351
0.021262
0.029274
0.021323
0.029351
0.021342
0.029306
0.021240
0.029136
0.021186
0.029252
0.021355
0.029273
0.021315
0.029207
0.021150
0.029241
0.021141
0.029264
0.021346
0.029234
0.021237
0.029375
0.021304
0.029305
0.021312
0.029236
0.021312
0.029388
0.021347
0.029444
0.021280
0.029218
0.021326
0.029317
0.021263
0.029312
0.021199
0.029233
0.021305
0.029251
0.021299
0.029294
0.021281
0.029192
0.021180
0.029197
0.021236
0.029163
0.021133
0.029359
0.021425
0.029353
0.021228
0.029317
0.021284
0.029385
0.021177
0.029372
0.021247
0.029320
0.021199
0.029358
0.021314
0.029104
0.021296
0.029425
0.021297
0.029210
0.021287
0.029264
0.021214
0.029381
0.021291
0.029305
0.021222
0.029278
0.021283
0.029372
0.021373
0.029296
0.021258
0.029298
0.021288
0.029399
0.021212
0.029319
0.021279
0.029262
0.021287
0.029234
0.021408
0.029250
0.021137
0.029187
0.021272
0.025176
0.024424
0.019250
0.018983
0.024752
0.019162
0.019008
0.024639
0.019140
0.018907
0.024641
0.019472
0.018809
0.023222
0.016930
0.026895
0.019068
0.018822
0.023114
0.018918
0.023249
0.018860
0.023007
0.017000
0.023364
0.022754
0.016972
0.024812
0.018957
0.023050
0.018876
0.023086
0.018957
0.023081
0.016921
0.020751
0.025117
0.018874
0.024588
0.015805
0.023208
0.024788
0.017406
0.025006
0.017498
0.024890
0.017606
0.024953
0.017499
0.024943
0.017455
0.024848
0.017482
0.023293
0.023006
0.015830
0.022962
0.024962
0.017450
0.025042
0.017520
0.024983
0.017474
0.023471
0.022939
0.017563
0.023420
0.023008
0.017385
0.021727
0.023082
0.017195
0.023314
0.023294
0.017142
0.020992
0.023663
0.023407
0.017266
0.023425
0.023279
0.017129
0.023299
0.023377
0.017339
0.023342
0.023401
0.021485
0.024728
0.024890
0.024988
0.025147
0.024954
0.025009
0.025214
0.024993
0.025077
0.025125
0.025081
0.025098
0.025047
0.025028
0.025071
0.025004
0.025028
0.025140
0.024991
0.025147
0.025127
0.025028
0.025161
0.024996
0.025205
0.025021
0.025052
0.025039
0.025124
0.025144
0.024994
0.025112
0.025121
0.025023
0.025264
0.025026
0.025086
0.025166
0.025217
0.025055
0.025125
0.025087
0.025070
0.025095
0.025183
0.025138
0.025093
0.025007
0.025135
0.025100
0.025098
0.025116
0.025127
0.025141
0.025093
0.025167
0.025097
0.025147
0.024992
0.025161
0.025124
0.025123
0.025163
0.025108
0.025136
0.025126
0.025020
0.025106
0.025229
0.025099
0.025154
0.025128
0.025089
0.025099
0.025050
0.025119
0.025228
0.025201
0.025020
0.025031
0.025156
0.025127
0.025060
0.025109
0.025095
0.025157
0.025088
0.025154
0.024979
0.025054
0.025167
0.025234
0.025024
0.025189
0.025149
0.025215
0.025054
0.025085
0.025119
0.025129
0.024993
0.025174
0.025057
0.025128
0.025002
0.025057
0.025086
0.025167
0.025043
0.025093
0.025047
0.025083
0.018752
0.019038
0.019067
0.024821
0.019090
0.019093
0.024713
0.019073
0.019041
0.024714
0.019096
0.019087
0.023247
0.018911
0.023275
0.018844
0.024769
0.017233
0.023153
0.018859
0.024664
0.019011
0.017084
0.028799
0.015105
0.024477
0.017261
0.024664
0.018977
0.019075
0.024605
0.017289
0.022971
0.018919
0.023359
0.016995
0.024837
0.017045
0.026561
0.021380
0.021432
0.015564
0.021073
0.021340
0.021433
0.021585
0.021500
0.021464
0.021549
0.021487
0.021462
0.021398
0.021520
0.021479
0.021455
0.021577
0.021463
0.021380
0.021369
0.021511
0.021460
0.021442
0.021475
0.023826
0.023279
0.017245
0.023362
0.023278
0.017353
0.023447
0.023137
0.017231
0.023359
0.023395
0.017114
0.023357
0.023437
0.017049
0.018973
0.015274
0.015019
0.017372
0.017115
0.018856
0.014969
0.020716
0.020590
0.020767
0.020691
0.020775
0.020605
0.020670
0.020741
0.020696
0.020791
0.020595
0.020673
0.020770
0.020728
0.020805
0.020775
0.020646
0.020765
0.020627
0.020771
0.020686
0.020733
0.020863
0.020587
0.020760
0.020849
0.020653
0.020742
0.020729
0.020740
0.020781
0.020690
0.020815
0.020780
0.021014
0.021184
0.021111
0.020972
0.021214
0.020857
0.020941
0.020867
0.021084
0.020965
0.020995
0.020886
0.021072
0.021088
0.021199
0.021123
0.021041
0.021041
0.021103
0.020983
0.021087
0.021157
0.020957
0.020959
0.021076
0.021008
0.021127
0.021074
0.021011
0.021035
0.021074
0.021132
0.021006
0.020877
0.021034
0.021136
0.021113
0.021230
0.021091
0.020930
0.020953
0.021052
0.021103
0.021154
0.020972
0.020893
0.020996
0.021059
0.021122
0.020970
0.021114
0.021019
0.024928
0.025003
0.021089
0.020744
0.021101
0.020956
0.020811
0.020826
0.021246
0.020702
0.020710
0.021042
0.020822
0.020991
0.021005
0.021057
0.020765
0.021237
0.020706
0.020900
0.021275
0.020846
0.021233
0.020949
0.020954
0.020741
0.020842
0.021037
0.020874
0.021269
0.020901
0.021041
0.020803
0.020826
0.021132
0.020720
0.020834
0.021092
0.020820
0.021038
0.020961
0.021097
0.021482
0.021091
0.021540
0.021368
0.021286
0.021434
0.021010
0.021225
0.021538
0.021473
0.021285
0.021014
0.021548
0.021442
0.021352
0.021095
0.021351
0.021388
0.021520
0.021291
0.021329
0.021103
0.021471
0.021604
0.021424
0.021394
0.020837
0.021383
0.021521
0.021041
0.021397
0.021359
0.020896
0.021463
0.021552
0.021322
0.021232
0.021015
0.021534
0.021552
0.021392
0.020927
0.021402
0.021363
0.020937
0.021516
0.021433
0.024842
0.024971
0.025513
0.024932
0.025391
0.025118
0.025447
0.025122
0.025388
0.025121
0.025501
0.025187
0.025356
0.025028
0.025478
0.025036
0.025429
0.025059
0.025482
0.025053
0.025473
0.024965
0.025375
0.024873
0.025449
0.025034
0.025503
0.024960
0.025376
0.024914
0.025465
0.025032
0.025476
0.024901
0.025444
0.024954
0.025415
0.024972
0.025414
0.025089
0.025444
0.025087
0.025462
0.025217
0.025469
0.025012
0.025443
0.025044
0.025411
0.025150
0.025325
0.025032
0.025387
0.025213
0.025419
0.025116
0.025396
0.024973
0.025436
0.024929
0.025427
0.024926
0.025373
0.024901
0.025393
0.024948
0.025513
0.025002
0.025492
0.025100
0.025324
0.025172
0.025284
0.025123
0.025509
0.025051
0.025350
0.024979
0.025569
0.025065
0.025438
0.024976
0.025309
0.025188
0.025486
0.025132
0.025546
0.024952
