129	259	52	33
138	260	44	30
142	259	44	30
145	259	43	30
149	259	43	30
152	258	44	30
155	258	44	30
159	257	44	30
162	257	44	30
166	257	43	30
169	256	44	31
172	256	44	30
176	255	44	30
180	254	43	30
183	254	43	31
187	254	43	30
190	252	43	30
194	252	43	30
197	251	43	30
200	252	44	31
204	251	44	30
206	249	44	31
211	250	43	30
214	250	43	30
217	249	43	30
221	248	43	30
224	247	43	30
227	246	43	30
231	247	43	30
235	247	43	30
237	246	43	30
240	245	44	30
245	245	43	30
248	245	43	30
252	244	43	30
255	244	43	30
258	243	43	30
261	242	43	31
265	242	43	30
269	241	42	30
272	241	43	30
276	241	43	30
279	241	42	30
282	240	43	30
289	239	42	30
292	238	43	31
296	238	43	30
300	237	43	30
303	237	42	30
306	237	42	30
310	237	43	30
313	236	43	31
317	234	43	31
320	235	43	30
311	232	53	45
304	220	56	48
300	215	59	53
303	232	56	48
301	216	58	49
308	224	55	47
300	226	58	55
291	208	61	46
296	225	54	51
289	215	63	49
298	224	54	47
295	218	60	53
294	221	60	52
292	226	59	50
286	208	63	47
292	222	56	43
298	219	61	54
296	226	59	52
290	207	61	48
291	213	55	42
296	215	56	46
300	221	58	46
300	221	60	51
300	233	55	53
297	217	61	52
292	239	62	56
290	233	73	70
121	207	109	61
107	221	44	31
111	221	44	31
115	220	44	31
118	220	44	31
122	220	44	31
125	220	44	30
129	220	44	30
133	219	44	30
136	218	44	30
140	219	44	30
142	218	44	30
146	218	44	31
149	217	44	30
153	217	44	30
157	217	43	30
160	216	44	30
164	216	44	30
167	216	44	31
171	214	44	30
175	215	44	30
179	214	44	30
182	214	44	30
138	213	61	31
43	213	59	30
68	221	68	51
97	307	81	65
94	239	111	79
263	200	76	55
289	212	65	56
297	218	59	47
297	222	62	52
299	221	58	50
293	215	62	55
294	219	58	47
295	215	63	52
295	218	58	46
299	221	61	51
300	222	55	48
295	216	58	52
298	227	55	45
289	217	60	45
298	211	60	49
301	222	56	43
301	217	57	52
302	225	54	45
299	222	58	53
295	212	62	55
286	212	76	64
138	197	56	37
120	196	44	30
120	195	44	31
121	194	44	31
123	194	44	31
124	193	44	31
125	193	45	31
126	191	44	30
127	191	44	31
127	191	44	30
127	189	44	31
128	190	44	31
129	189	44	31
130	187	44	31
130	187	44	31
130	186	44	31
131	186	44	31
131	186	44	31
131	184	44	30
131	184	43	31
132	184	44	31
131	183	44	31
148	183	56	29
238	183	57	28
317	177	69	34
359	178	44	31
364	178	43	30
364	176	43	31
364	176	43	31
365	175	43	31
365	175	43	32
364	173	43	32
365	173	43	31
365	173	43	31
365	172	43	32
365	171	44	32
365	171	43	32
366	170	43	32
366	170	43	31
366	169	43	32
365	169	43	31
366	169	43	32
366	168	43	31
365	168	43	31
366	167	43	31
365	166	43	31
365	166	43	31
365	166	43	31
365	166	43	32
365	166	43	31
365	165	43	32
365	166	43	31
364	165	43	31
365	166	43	31
365	165	43	31
365	165	43	31
364	165	43	31
365	164	43	31
365	165	43	31
365	165	43	31
364	165	43	31
364	165	43	31
364	165	43	31
364	165	43	31
364	165	43	31
364	165	43	31
364	165	43	31
364	164	43	31
364	165	43	31
364	165	43	31
364	164	43	31
363	164	44	31
363	165	43	31
363	164	43	31
363	165	43	32
363	164	43	32
363	165	43	32
363	164	43	32
363	164	43	32
363	164	43	32
363	164	43	31
363	164	43	31
362	164	43	32
362	164	43	31
363	164	43	32
363	163	43	32
363	163	43	32
362	164	44	32
362	163	44	32
363	163	43	31
362	163	44	31
362	163	43	31
363	163	43	31
363	163	43	31
363	163	43	31
362	162	43	31
362	162	43	31
362	162	43	31
363	162	44	31
363	162	43	31
362	162	43	31
362	162	43	31
363	161	43	31
363	161	43	31
363	161	43	31
362	162	43	31
362	161	43	31
363	161	43	31
363	162	43	31
363	161	43	31
363	161	43	31
362	161	43	31
363	161	43	31
363	160	43	31
363	160	43	31
363	160	43	31
363	160	43	31
363	159	43	31
364	160	43	31
364	159	43	31
364	159	43	31
363	159	43	31
363	159	44	32
363	159	44	32
363	159	44	32
364	159	43	31
364	159	43	31
364	159	43	31
364	159	43	31
364	158	44	31
364	158	43	31
364	158	43	31
365	159	43	31
365	159	43	31
365	158	43	31
364	159	43	31
365	159	43	31
364	158	43	31
364	158	44	32
365	159	43	31
365	159	43	31
365	159	43	31
365	158	43	31
365	158	43	31
365	159	43	31
365	159	43	31
365	159	43	31
366	158	43	31
365	158	44	32
365	159	43	31
366	159	43	32
365	159	44	31
365	158	43	31
366	159	43	31
366	159	43	31
366	158	43	31
366	158	43	31
366	159	43	31
366	158	43	31
366	159	43	31
366	158	43	31
366	158	43	31
367	158	43	31
367	158	43	31
367	158	43	31
366	157	43	31
367	158	44	31
367	158	43	31
367	158	43	31
367	158	43	31
367	158	43	31
367	157	43	31
368	157	43	31
367	158	43	31
367	157	43	31
367	158	43	31
367	158	43	31
362	158	45	31
276	158	69	31
177	159	58	29
142	159	43	29
141	159	43	29
141	159	43	30
141	158	43	30
140	158	42	30
140	158	43	30
140	159	42	30
171	160	59	28
268	160	50	27
354	159	37	28
364	157	44	31
365	157	44	31
366	157	44	31
366	156	43	31
367	158	44	31
367	157	44	32
368	157	44	32
368	157	44	32
368	156	43	31
368	157	43	31
368	156	43	31
368	156	44	32
368	155	44	32
369	156	43	31
369	155	43	31
356	156	49	30
265	156	63	31
176	159	47	27
123	154	43	29
123	154	43	29
123	154	42	29
123	153	42	29
122	153	43	30
123	153	43	29
124	153	43	29
124	152	42	29
124	152	43	29
126	152	43	29
125	151	43	29
126	151	43	29
127	150	43	29
128	150	42	29
128	150	43	29
129	150	43	29
129	149	42	29
130	148	43	30
130	148	42	29
131	148	42	29
132	147	43	29
132	146	43	30
132	146	42	30
133	145	42	29
134	146	42	29
134	146	42	29
134	145	42	29
134	144	43	29
134	144	42	29
135	143	43	30
136	143	42	29
136	143	42	29
137	143	42	29
138	142	42	29
138	142	42	29
138	142	43	30
140	141	42	29
140	141	43	29
141	141	43	30
141	140	43	30
143	139	43	30
144	139	42	30
145	139	43	30
146	139	42	30
146	139	42	30
148	139	43	30
149	138	42	30
151	138	42	29
151	138	42	29
153	138	43	29
154	138	43	30
156	138	43	30
157	138	43	30
158	138	43	29
160	137	42	29
161	137	43	30
163	137	43	30
164	137	43	30
166	138	42	29
168	137	43	30
169	137	43	30
171	137	43	30
172	137	43	30
174	137	43	30
176	137	43	30
178	137	43	30
179	137	43	30
181	137	43	30
183	137	43	30
186	137	43	30
187	137	43	30
189	136	44	30
191	137	43	30
193	136	43	30
195	137	42	30
198	137	42	30
199	136	43	30
201	136	43	30
203	136	43	30
205	135	43	30
208	137	42	30
211	182	41	36
214	237	39	38
214	276	43	31
216	276	45	31
221	275	44	31
224	275	44	31
226	274	44	32
229	274	44	31
233	274	44	31
235	274	44	31
239	273	44	31
242	272	44	31
246	272	44	31
249	273	44	31
252	273	44	31
255	272	44	31
260	272	44	31
262	271	44	31
267	272	44	31
271	271	44	31
275	271	44	31
278	271	44	31
282	271	44	31
287	271	43	31
292	271	43	31
295	271	43	31
299	271	43	30
304	271	44	30
308	271	43	31
313	270	43	31
317	271	44	31
321	270	44	31
257	271	65	31
160	271	60	30
80	271	47	30
18	271	43	30
22	269	44	31
26	270	44	31
31	270	44	30
36	270	44	30
41	270	43	30
46	270	43	30
52	270	44	30
57	269	44	31
62	270	44	30
68	269	44	30
72	268	45	31
78	268	45	31
84	268	44	30
90	268	45	31
95	267	45	31
101	267	44	30
107	267	45	30
113	266	45	31
118	266	44	31
124	265	45	31
130	266	45	31
135	264	45	31
141	265	45	31
146	264	45	31
152	264	45	31
158	263	45	31
164	263	44	30
169	262	44	30
175	263	44	30
180	261	45	30
186	262	45	30
191	261	45	31
196	260	44	30
203	261	44	31
208	260	45	30
213	259	44	30
215	260	46	30
133	259	69	31
34	258	62	31
67	237	70	54
98	307	76	63
106	271	98	72
129	234	103	72
275	253	86	69
280	235	81	70
280	253	86	65
277	249	83	64
278	253	82	64
278	252	81	65
285	207	63	55
296	223	56	54
287	211	60	45
299	224	51	47
290	213	58	46
299	219	55	44
196	253	70	33
273	254	45	31
280	254	43	30
285	254	44	30
289	253	44	31
294	255	44	30
299	254	44	31
303	255	44	30
303	255	45	31
221	255	68	30
123	255	61	30
48	254	45	31
66	255	44	30
67	255	45	30
71	255	44	30
74	255	45	30
77	255	45	31
81	255	44	30
84	255	45	30
89	256	45	30
93	256	45	30
97	256	45	31
100	255	45	31
105	256	44	30
109	256	45	31
113	256	44	30
117	256	45	31
120	255	45	31
125	256	45	31
128	255	45	31
133	256	45	31
136	256	45	31
140	256	45	31
144	256	45	31
147	255	45	31
151	255	45	31
156	256	44	31
159	256	45	31
163	255	45	31
166	255	45	31
170	255	44	31
174	255	45	31
177	254	45	31
182	254	45	31
186	254	45	31
189	253	45	31
193	253	44	31
197	252	44	30
201	253	44	31
205	252	44	31
208	252	44	30
212	251	44	31
215	250	45	31
219	251	45	31
223	250	45	31
227	250	45	31
230	249	44	30
234	250	44	30
238	249	44	30
241	249	44	30
245	248	44	30
249	248	44	30
253	248	44	31
257	248	44	30
261	248	44	30
265	248	43	30
269	248	44	30
273	247	43	30
276	248	43	30
280	248	44	30
284	248	43	30
287	247	43	30
291	247	43	30
295	248	43	30
298	247	43	31
301	248	44	31
306	248	43	31
309	249	43	30
313	248	43	30
316	248	44	31
321	248	44	31
311	249	49	30
220	249	65	31
127	251	52	30
96	249	45	31
99	249	45	32
102	249	44	31
105	250	44	31
109	249	44	31
111	250	44	31
116	251	44	31
119	250	45	31
123	250	45	31
126	251	45	31
130	251	44	31
134	251	44	31
138	252	44	31
141	252	45	31
145	252	44	31
149	253	44	31
152	253	44	30
156	253	44	30
160	254	44	30
163	255	44	31
167	254	44	31
170	255	45	31
174	256	45	31
178	256	45	30
182	256	45	30
186	257	45	31
190	258	45	30
193	258	45	30
197	258	45	31
200	258	45	31
204	259	45	31
208	259	45	31
212	260	45	30
215	260	45	30
220	261	45	30
224	261	45	30
227	262	45	30
231	262	45	31
234	261	45	31
238	262	45	30
242	262	45	30
246	263	45	30
251	263	45	30
254	263	45	30
258	264	45	30
263	264	45	31
267	264	45	31
271	264	45	31
275	265	45	31
279	266	44	30
282	266	44	30
286	266	44	31
290	266	44	31
294	266	44	30
298	267	44	30
301	268	44	30
306	268	44	30
287	269	54	30
195	269	62	31
101	269	51	31
109	270	46	31
109	271	46	31
112	271	45	31
116	271	45	30
119	272	46	31
123	273	46	31
127	273	46	30
131	274	45	30
135	274	45	30
138	274	46	31
142	275	46	31
146	275	45	31
150	276	45	31
154	277	45	31
158	276	46	31
162	277	46	31
166	278	45	31
170	278	45	30
174	279	45	31
178	280	45	31
181	280	45	30
186	280	45	30
190	280	45	31
193	281	45	31
197	281	45	31
200	281	46	31
205	283	45	31
208	282	46	31
213	283	45	31
217	283	45	31
220	283	45	31
224	284	45	30
228	284	45	30
231	284	45	30
236	285	45	30
239	285	45	31
244	286	45	30
247	285	45	31
251	285	45	30
255	287	45	30
259	287	45	30
263	287	45	31
267	287	45	31
271	287	45	31
274	287	45	31
278	288	45	31
283	288	45	31
286	288	45	31
290	288	45	31
295	289	44	30
298	289	45	30
302	289	45	30
305	290	44	30
309	290	45	31
313	290	45	31
316	290	45	31
320	290	45	31
324	290	44	30
328	291	44	30
331	291	44	30
335	290	44	30
339	291	44	30
342	291	44	30
346	291	44	30
350	291	45	30
354	291	44	30
358	291	45	31
362	291	45	31
365	290	45	31
369	291	44	31
373	290	44	31
377	291	45	31
380	290	45	31
384	291	45	31
388	291	45	31
391	291	45	31
395	291	45	31
399	291	45	31
403	292	45	31
406	292	45	31
410	291	45	31
414	292	45	31
418	292	44	31
422	293	45	31
425	293	44	31
430	294	44	31
386	293	62	31
289	296	62	30
203	297	48	30
126	297	41	30
100	297	45	30
103	298	46	30
107	298	45	30
111	299	46	31
115	300	45	31
119	300	45	30
123	301	45	31
127	302	45	31
131	303	46	31
136	303	45	30
139	304	46	30
144	305	46	31
148	305	45	30
152	306	46	31
156	308	46	31
161	309	45	30
165	309	46	31
169	311	45	31
173	311	46	31
178	312	45	31
181	313	46	31
186	314	46	31
191	315	46	31
195	315	45	31
198	316	46	31
203	317	46	30
207	318	46	31
211	319	46	31
215	319	46	31
220	319	46	31
224	320	46	31
228	322	46	31
233	322	46	31
237	322	46	31
241	324	46	31
246	324	46	31
249	325	46	30
254	325	46	31
257	327	46	31
262	327	46	31
266	328	46	31
270	329	46	31
274	329	46	31
278	330	46	30
283	331	45	30
287	332	45	30
291	332	45	30
294	333	46	31
298	333	45	31
303	334	45	30
307	335	45	31
311	335	45	31
315	336	45	30
320	337	46	31
324	338	45	31
328	338	45	31
332	339	46	31
336	340	45	31
340	340	45	31
345	341	45	31
349	342	46	31
353	343	46	31
357	343	46	32
360	344	46	31
365	345	45	31
369	346	45	31
373	346	45	31
377	346	45	31
381	347	45	31
385	348	45	30
389	348	45	31
394	349	45	30
398	349	46	31
402	350	45	31
406	351	45	31
410	351	45	31
414	351	45	31
414	353	47	30
330	352	69	31
289	282	77	54
279	266	90	69
269	240	91	73
107	323	112	70
49	354	47	34
53	356	46	30
57	356	46	31
61	357	46	30
64	358	46	31
68	358	47	30
73	358	46	30
77	358	47	30
81	359	46	30
85	359	47	31
89	359	47	30
93	360	46	30
98	360	47	30
101	360	46	30
106	361	46	30
110	361	46	30
114	361	47	30
118	362	47	30
122	360	46	31
126	306	46	41
131	251	46	40
143	244	46	31
147	244	46	30
151	245	46	30
155	246	46	30
159	245	46	30
163	246	46	30
168	246	46	30
172	245	46	30
177	245	45	30
180	246	46	30
184	246	46	30
188	246	45	30
193	246	45	30
197	246	46	30
201	246	46	30
205	246	46	30
210	246	45	30
213	246	46	30
171	247	62	30
76	247	60	30
0	247	38	29
0	248	35	30
0	247	35	30
0	247	39	30
1	246	43	31
3	246	43	31
7	247	43	31
10	247	44	30
15	248	44	30
18	247	45	31
23	248	45	30
26	247	46	31
31	247	45	30
35	247	45	30
39	248	45	30
44	247	45	30
48	248	45	29
54	248	45	30
58	247	45	30
62	247	46	30
67	248	45	30
71	248	46	30
76	246	46	31
81	248	46	30
86	248	46	30
90	247	46	30
96	248	46	30
101	248	45	30
106	247	45	30
111	248	46	30
116	248	46	30
121	248	45	30
127	247	46	31
132	248	46	31
137	247	47	31
143	247	46	31
148	249	46	30
153	248	46	30
158	249	46	30
164	249	46	30
170	249	46	30
175	250	46	30
180	250	46	30
186	251	45	30
191	251	45	30
197	251	46	30
202	251	45	30
209	251	45	30
214	252	45	30
219	253	45	30
225	253	45	30
231	253	45	30
236	254	45	29
242	255	45	29
248	254	45	30
254	255	44	30
259	255	46	30
237	256	56	30
144	256	62	31
135	259	78	58
120	218	79	59
0	260	20	20
0	261	17	22
0	262	20	24
0	262	25	26
0	261	29	28
0	260	35	30
1	261	41	30
5	261	42	30
9	262	44	30
15	263	44	30
21	263	44	30
25	263	44	30
57	264	63	31
155	264	61	29
244	265	46	30
257	266	46	30
265	266	46	30
271	266	45	30
277	267	45	30
283	267	45	30
289	268	45	30
