0.008064
0.020341
0.024801
0.025008
0.025033
0.024959
0.024893
0.024897
0.025042
0.024968
0.024904
0.025001
0.025063
0.024863
0.024844
0.024856
0.024873
0.024793
0.024804
0.024914
0.024866
0.024963
0.024973
0.024873
0.024952
0.024884
0.024986
0.024778
0.024819
0.025011
0.025039
0.024971
0.024925
0.024873
0.024879
0.024856
0.024847
0.024847
0.024847
0.024936
0.020717
0.020600
0.020619
0.020525
0.020532
0.020633
0.020583
0.020569
0.020614
0.020652
0.020499
0.020610
0.020501
0.020515
0.020586
0.020722
0.020588
0.020630
0.020636
0.020564
0.020586
0.020554
0.020576
0.020408
0.020615
0.020701
0.020692
0.020563
0.020605
0.020601
0.020711
0.020596
0.020565
0.020608
0.020496
0.020633
0.020515
0.020523
0.020850
0.020759
0.020885
0.020813
0.020966
0.020978
0.020825
0.020866
0.020725
0.020814
0.020866
0.020852
0.020744
0.020599
0.020856
0.020785
0.020882
0.020762
0.020899
0.020718
0.020782
0.020974
0.020874
0.020915
0.020803
0.020816
0.020906
0.020836
0.020741
0.020758
0.020902
0.020699
0.020975
0.020773
0.020890
0.020835
0.020713
0.020855
0.020816
0.020766
0.020894
0.020758
0.020839
0.020907
0.020841
0.020902
0.020783
0.020939
0.020976
0.020717
0.020833
0.020805
0.020650
0.023022
0.024826
0.024936
0.025074
0.024914
0.024956
0.025022
0.024846
0.024904
0.025056
0.024960
0.025038
0.024951
0.024909
0.024771
0.024873
0.024853
0.024904
0.024841
0.024785
0.024882
0.025032
0.024909
0.024925
0.024905
0.024784
0.024989
0.024925
0.024894
0.024953
0.024800
0.025074
0.025047
0.024923
0.024932
0.025036
0.024883
0.024946
0.024963
0.024885
0.025111
0.024885
0.024834
0.024862
0.025035
0.025172
0.024951
0.024790
0.025011
0.024938
0.024703
0.024893
0.024912
0.024928
0.025033
0.024820
0.024945
0.024893
0.024912
0.024884
0.024866
0.024830
0.024882
0.024885
0.024904
0.024855
0.024784
0.024942
0.024841
0.024831
0.024958
0.024909
0.024841
0.024828
0.024949
0.024855
0.024960
0.024831
0.024896
0.024828
0.024557
0.024798
0.024809
0.024875
0.024882
0.025001
0.024884
0.024966
0.024810
0.024828
0.024790
0.024791
0.024868
0.024844
0.024770
0.025059
0.024969
0.024924
0.024984
0.024827
0.024903
0.024870
0.024857
0.024830
0.024831
0.024677
0.024940
0.024815
0.024962
0.024903
0.024721
0.024686
0.024956
0.024882
0.024920
0.024812
0.024872
0.024857
0.024979
0.024800
0.024817
0.024843
0.024751
0.024673
0.024794
0.024744
0.024829
0.024769
0.024721
0.024781
0.025037
0.024912
0.024880
0.024852
0.024963
0.024821
0.025000
0.024852
0.025065
0.024706
0.024902
0.025027
0.024827
0.024871
0.024942
0.024979
0.024880
0.024984
0.024967
0.024907
0.024952
0.024887
0.024982
0.025083
0.024890
0.024999
0.025000
0.024960
0.024969
0.025059
0.024961
0.024951
0.024990
0.024831
0.024829
0.024987
0.025002
0.024905
0.025155
0.024983
0.024979
0.024813
0.024851
0.024946
0.025014
0.024938
0.024990
0.025006
0.025061
0.024954
0.024928
0.024900
0.024863
0.024943
0.024901
0.024876
0.025054
0.024996
0.024937
0.024956
0.024801
0.024797
0.024857
0.025010
0.024862
0.024948
0.024907
0.025052
0.025001
0.024956
0.024915
0.024882
0.024963
0.024958
0.024874
0.024957
0.024829
0.024905
0.024840
0.024903
0.024914
0.024964
0.025049
0.024940
0.024894
0.024917
0.024929
0.024933
0.024854
0.024925
0.024841
0.025009
0.024940
0.024922
0.025020
0.024886
0.024953
0.024791
0.024866
0.024965
0.025015
0.024985
0.025108
0.024995
0.025014
0.024872
0.024827
0.025010
0.024812
0.024832
0.024831
0.024912
0.024810
0.024943
0.024862
0.025042
0.025038
0.024848
0.024842
0.024859
0.024851
0.024894
0.024902
0.024870
0.024903
0.025010
0.024999
0.024915
0.025065
0.024943
0.025046
0.024922
0.024974
0.024804
0.024937
0.024907
0.024949
0.024963
0.024953
0.024920
0.025037
0.020702
0.020456
0.020542
0.020712
0.020665
0.020627
0.020564
0.020604
0.020453
0.020601
0.020583
0.020606
0.020687
0.020549
0.020547
0.020566
0.020564
0.020552
0.020468
0.020533
0.020495
0.020788
0.020680
0.020560
0.020579
0.020516
0.020661
0.020583
0.020602
0.020547
0.020591
0.020710
0.020652
0.020635
0.020507
0.020737
0.020658
0.020555
0.020597
0.020673
0.020897
0.020920
0.020931
0.020791
0.020981
0.014511
0.013298
0.020478
0.013222
0.020530
0.013272
0.020469
0.013154
0.020510
0.013292
0.020629
0.013260
0.020472
0.013252
0.020613
0.013227
0.018790
0.017082
0.017056
0.018698
0.013204
0.020591
0.013221
0.020729
0.013160
0.020615
0.017130
0.013250
0.018889
0.018546
0.013308
0.017127
0.020688
0.017058
0.013239
0.018925
0.018780
0.013219
0.018785
0.021053
0.024955
0.017020
0.024832
0.017047
0.024869
0.025148
0.021538
0.021355
0.013527
0.020962
0.021339
0.021263
0.023502
0.026965
0.013529
0.021022
0.021250
0.021601
0.021456
0.021396
0.021281
0.021468
0.020948
0.021454
0.021375
0.021807
0.020735
0.021148
0.021800
0.023449
0.023084
0.017053
0.023470
0.026846
0.013528
0.021447
0.023104
0.023162
0.017195
0.021590
0.021346
0.023344
0.026720
0.011179
0.018743
0.014940
0.023005
0.017100
0.011023
0.014782
0.012787
0.015935
0.016436
0.016320
0.016443
0.016302
0.016253
0.016382
0.016359
0.016359
0.016363
0.016327
0.016356
0.016375
0.016314
0.016252
0.016261
0.016369
0.016353
0.016387
0.016395
0.016321
0.016363
0.016343
0.016414
0.016441
0.016336
0.016348
0.016407
0.016427
0.016318
0.016349
0.016238
0.016263
0.016199
0.016236
0.016288
0.016234
0.016266
0.016330
0.016259
0.016226
0.016229
0.016531
0.016694
0.016589
0.016606
0.016642
0.016668
0.016831
0.016856
0.016979
0.016881
0.016786
0.016994
0.016820
0.016758
0.016775
0.016777
0.016673
0.016753
0.016728
0.016744
0.016757
0.016896
0.016783
0.016857
0.016846
0.016746
0.016842
0.016761
0.016865
0.016786
0.016895
0.016995
0.016742
0.016771
0.016631
0.016825
0.016866
0.016811
0.016907
0.016754
0.016777
0.016918
0.016796
0.016719
0.016814
0.016824
0.016751
0.016812
0.016638
0.016762
0.016743
0.016683
0.016828
0.020826
0.020694
0.020799
0.020780
0.020900
0.022963
0.024841
0.024738
0.024859
0.024929
0.024942
0.025014
0.024902
0.024944
0.024789
0.024957
0.025089
0.025068
0.024843
0.024886
0.024823
0.024863
0.024985
0.024688
0.024809
0.024962
0.024878
0.024781
0.024825
0.024918
0.024874
0.024763
0.024886
0.024977
0.024877
0.024922
0.024832
0.024986
0.024929
0.024815
0.024931
0.024925
0.024858
0.024857
0.024916
0.025072
0.024885
0.024862
0.024817
0.024895
0.024839
0.024889
0.024822
0.024766
0.024879
0.024863
0.024914
0.024854
0.024915
0.024999
0.024933
0.024919
0.024885
0.025009
0.025037
0.025033
0.025006
0.024924
0.025003
0.024999
0.024948
0.025002
0.024884
0.024892
0.024892
0.025095
0.025067
0.024879
0.024926
0.024937
0.025122
0.024900
0.024925
0.024959
0.024979
0.025132
0.025030
0.024868
0.025057
0.025068
0.025108
0.024916
0.024919
0.024848
0.024952
0.024960
0.025005
0.024936
0.024837
0.024996
0.025154
0.024801
0.025000
0.024852
0.024930
0.024932
0.024857
0.024943
0.024955
0.024995
0.024868
0.024912
0.024947
0.025026
0.024905
0.025012
0.025047
0.025125
0.024859
0.024812
0.024920
0.025118
0.025028
0.025000
0.024924
0.025046
0.024882
0.024882
0.024933
0.024943
0.024881
0.024887
0.024922
0.024949
0.025033
0.025096
0.025150
0.024971
0.024953
0.025026
0.025065
0.024965
0.025009
0.024962
0.025051
0.025036
0.024937
0.025012
0.025054
0.025063
0.025015
0.024997
0.025077
0.025077
0.025097
0.024999
0.025048
0.025003
0.024966
0.024888
0.025062
0.025095
0.025095
0.024962
0.024955
0.024866
0.024910
0.024973
0.024946
0.024960
0.024930
0.024894
0.025005
0.024921
0.024947
0.024989
0.025026
0.024893
0.024915
0.025035
0.025010
0.024840
0.025066
0.025054
0.025001
0.025022
0.024876
0.025063
0.024999
0.024958
0.024943
0.024891
0.024983
0.025016
0.024989
0.025020
0.024941
0.025086
0.025040
0.025051
0.024850
0.025125
0.025021
0.024937
0.025019
0.024990
0.024818
0.024926
0.025085
0.025071
0.025033
0.024979
0.025084
0.025122
0.024829
0.024852
0.024958
0.025049
0.025093
0.024962
0.024964
0.025092
0.024957
0.025040
0.024907
0.024991
0.025036
0.024901
0.024834
0.025160
0.025095
0.025016
0.024997
0.024935
0.024992
0.024977
0.025036
0.025114
0.024939
0.024952
0.025056
0.024829
0.024977
0.025047
0.024970
0.024948
0.024961
0.025090
0.025026
0.024928
0.025079
0.025043
0.024976
0.025113
0.025015
0.025042
0.024907
0.024991
0.025020
0.025035
0.025079
0.024968
0.025045
0.024982
0.025108
0.024853
0.024884
0.024943
0.025062
0.025140
0.024970
0.025066
0.024899
0.024988
0.025066
0.024978
0.025107
0.024972
0.025053
0.025028
0.025069
0.024967
0.025000
0.024903
0.025045
0.025096
0.024958
0.025030
0.024965
0.024955
0.025048
0.025136
0.024906
0.024801
0.025080
0.024981
0.025045
0.024983
0.025061
0.025054
0.024854
0.025078
0.024936
0.025068
0.025085
0.024968
0.024973
0.025059
0.024968
0.024989
0.024971
0.024949
0.025023
0.024983
0.024859
0.025114
0.025079
0.025082
0.024846
0.025074
0.024890
0.024902
0.025008
0.024967
0.025073
0.025071
0.025117
0.025068
0.024935
0.024979
0.024991
0.025054
0.025004
0.025084
0.024960
0.024903
0.025054
0.025050
0.025032
0.024994
0.025064
0.025012
0.024968
0.024964
0.024835
0.025063
0.025024
0.024895
0.024987
0.025018
0.024941
0.025018
0.025007
0.024998
0.024902
0.025015
0.024965
0.024911
0.024909
0.024965
0.025004
0.025028
0.024830
0.024978
0.025004
0.024815
0.025001
