155	280	97	33
154	282	95	30
153	282	95	29
153	282	95	29
152	282	96	29
153	282	96	29
185	283	101	29
236	283	100	29
282	282	95	29
287	282	95	29
281	283	94	29
283	283	94	29
282	283	95	29
282	284	94	29
282	285	94	29
281	285	94	29
281	285	94	29
280	285	93	29
278	286	94	29
278	287	94	29
277	287	94	29
276	288	94	29
275	288	94	29
275	289	93	29
273	290	94	29
273	290	94	30
273	290	93	29
271	291	94	30
271	291	94	30
270	292	94	30
269	292	94	29
269	293	94	29
268	294	94	29
267	295	94	29
267	295	94	29
266	296	95	29
265	296	93	29
264	297	93	29
264	297	93	29
262	298	93	29
262	298	93	29
261	299	94	29
260	299	94	29
260	299	93	29
259	300	94	29
258	301	93	29
258	300	93	29
257	301	94	30
255	302	93	29
255	302	92	29
254	303	93	29
252	303	93	29
252	304	93	29
251	305	95	30
251	305	93	29
250	306	93	29
248	307	94	29
248	307	93	29
247	307	93	29
246	308	93	29
246	308	93	29
244	309	93	29
242	309	94	30
243	310	93	29
241	311	93	29
240	311	93	29
239	312	94	29
238	312	93	29
238	313	93	29
237	313	92	29
236	313	93	29
234	314	94	30
233	314	94	30
232	315	93	29
232	315	93	29
229	316	95	29
230	316	94	30
229	316	94	30
228	317	94	30
228	317	93	30
226	317	94	30
226	318	94	30
225	319	94	30
225	319	93	30
223	320	94	30
222	321	93	30
223	321	92	29
221	322	93	29
220	323	94	30
220	323	92	29
220	323	93	29
219	324	93	30
218	325	92	29
219	326	92	29
218	326	92	29
218	326	92	29
216	327	93	29
216	327	92	29
216	328	92	29
216	328	93	29
216	328	91	29
215	329	93	29
215	329	92	29
214	329	92	29
215	330	92	29
214	330	92	29
215	330	91	29
214	330	92	29
213	330	92	29
213	330	91	29
213	330	93	29
212	330	93	29
213	331	92	29
212	331	92	29
212	331	92	29
212	331	92	29
212	332	92	29
212	331	92	29
211	332	92	29
211	332	92	29
211	332	93	30
211	333	91	29
211	333	92	29
210	333	92	29
210	333	92	29
210	333	93	29
211	333	91	29
210	334	92	29
210	334	91	29
210	333	91	29
210	333	90	29
210	333	91	29
210	333	92	29
210	333	92	29
209	333	91	29
209	333	91	29
209	333	91	29
209	332	92	29
209	332	91	29
209	332	91	29
209	331	91	29
209	332	91	29
209	332	91	29
209	331	90	28
209	331	91	28
209	330	91	29
209	329	91	28
208	329	91	29
208	329	91	29
208	322	90	32
208	296	88	33
207	278	91	29
208	278	89	28
208	278	89	28
208	277	89	28
208	278	89	28
207	277	90	28
207	276	89	29
206	277	90	28
207	276	89	28
207	275	90	28
206	276	88	28
206	275	89	28
205	275	90	28
205	274	89	28
204	274	89	28
204	274	90	28
204	274	89	28
203	274	90	29
204	275	89	29
204	275	89	28
203	275	88	28
203	275	89	28
202	275	90	28
202	275	89	28
202	276	89	28
206	276	91	28
246	278	96	27
302	278	91	27
314	277	88	28
309	277	89	28
311	278	88	29
311	278	88	28
312	280	89	29
312	280	88	28
312	280	88	28
312	281	88	28
311	281	89	28
311	282	89	28
311	283	89	29
310	282	88	28
310	283	89	29
309	284	88	28
309	284	88	29
308	285	89	29
309	286	87	28
307	286	88	28
308	287	87	28
307	288	88	28
307	287	88	28
306	288	88	28
306	289	88	28
305	289	88	28
305	289	88	28
304	290	88	28
304	291	88	28
304	291	88	28
303	292	88	28
302	293	89	29
303	293	88	28
302	294	88	28
300	295	89	28
300	295	89	28
300	295	89	29
300	297	89	29
299	297	88	29
299	299	88	28
299	298	88	28
297	299	89	28
298	301	89	29
298	301	89	28
297	302	88	28
297	302	89	28
297	303	88	28
296	305	88	28
296	305	88	28
296	305	88	28
296	306	87	28
295	306	88	28
295	307	88	28
294	307	88	28
294	307	87	28
293	308	88	28
293	308	88	28
293	309	88	28
293	309	88	28
292	310	88	28
292	309	88	28
292	310	88	28
291	310	87	28
290	311	88	28
290	311	88	28
290	311	88	28
289	311	88	28
288	311	88	28
288	311	88	28
287	311	88	28
287	311	87	28
287	311	88	28
287	311	88	28
287	311	88	28
286	311	87	28
284	311	88	28
285	311	88	28
284	311	88	28
284	311	88	28
284	311	87	28
284	311	88	28
284	311	87	28
283	312	87	28
282	312	88	28
282	312	88	28
281	313	88	28
281	312	87	28
280	312	88	28
280	313	87	28
279	313	87	28
278	313	88	28
278	313	87	28
277	315	87	28
277	315	87	28
277	315	86	28
275	315	88	28
274	315	87	28
274	316	88	28
274	316	87	28
273	316	87	28
272	316	88	28
271	316	87	28
271	316	87	28
270	317	89	29
270	317	87	28
270	317	87	28
269	317	88	29
268	317	87	28
268	318	87	28
268	318	87	28
266	318	88	28
266	318	88	29
265	318	88	28
264	319	89	28
264	320	88	29
265	319	87	28
264	320	87	28
263	320	88	28
263	321	88	28
263	321	87	28
263	321	88	28
261	322	89	29
262	322	88	28
261	323	88	29
261	323	89	29
261	324	87	28
260	324	88	28
260	325	88	29
260	326	87	29
260	327	87	29
259	327	87	29
259	328	86	28
258	328	87	28
258	329	86	28
258	329	87	29
257	330	87	28
257	331	88	29
257	331	87	28
256	333	87	28
256	333	88	29
256	334	87	29
256	334	88	29
256	335	87	28
255	335	88	29
256	325	83	32
255	301	84	31
254	294	87	28
254	296	87	28
254	297	87	28
254	297	86	28
253	298	87	28
253	298	86	28
253	299	86	28
253	299	87	28
253	300	86	28
253	300	86	28
253	301	86	28
253	300	85	27
252	301	86	28
252	300	85	28
252	301	85	28
252	301	85	28
252	301	85	28
251	300	85	28
252	301	86	28
252	300	85	28
252	300	86	28
252	300	86	28
252	299	85	28
251	300	85	28
251	300	86	28
250	299	85	28
251	300	86	28
250	299	85	28
250	299	86	28
250	300	86	28
250	299	85	28
250	299	85	28
249	300	86	28
250	300	85	28
250	301	85	28
249	302	85	27
249	302	85	27
249	302	86	28
249	303	87	28
249	303	86	28
249	304	86	28
249	306	86	28
249	307	86	28
249	309	86	28
248	309	86	28
249	310	85	28
248	312	86	28
248	313	86	28
248	314	86	28
247	316	87	28
248	317	86	28
247	318	87	28
247	320	86	28
247	322	87	28
247	323	86	28
247	324	86	28
247	326	87	28
246	328	87	28
246	328	87	28
245	330	87	29
246	321	84	31
247	297	82	31
244	289	86	28
246	291	85	28
246	292	84	28
246	294	85	28
246	295	84	28
246	296	85	28
245	297	85	28
246	299	84	28
246	299	83	28
246	301	85	28
245	302	84	28
245	303	85	28
245	304	84	28
244	304	85	28
244	305	85	28
244	307	85	28
244	308	84	28
244	308	85	28
244	310	85	28
243	311	85	28
244	312	84	28
243	312	85	28
243	314	85	28
244	315	84	28
243	315	85	28
243	316	85	28
242	317	86	28
242	318	85	28
242	319	86	28
242	320	85	28
241	321	86	28
241	322	85	28
241	323	85	28
241	324	86	28
241	325	86	28
241	326	85	27
241	326	84	28
241	327	85	28
241	328	84	28
240	328	85	28
240	329	84	28
241	329	84	28
240	331	84	28
240	332	84	27
240	331	83	28
239	332	84	28
239	334	85	28
239	333	85	28
239	334	85	28
239	335	86	28
239	335	84	28
238	336	85	28
238	337	84	28
238	338	84	28
237	339	85	28
237	339	85	28
237	340	85	28
236	341	85	28
237	341	85	28
236	342	86	28
237	343	85	28
235	343	86	28
237	340	83	30
235	315	83	31
236	293	82	27
236	294	82	27
235	294	83	27
235	295	82	27
234	296	83	27
234	296	83	27
234	296	83	27
234	297	83	27
234	297	83	27
234	297	83	27
234	297	84	27
233	298	83	27
233	298	83	27
233	298	83	27
233	298	83	27
233	299	84	27
233	298	83	27
233	298	83	27
233	298	83	27
232	298	84	27
232	298	83	27
232	299	83	27
232	298	82	27
233	299	83	27
232	299	83	27
232	299	83	27
232	299	82	27
231	300	83	27
232	299	82	27
232	299	82	27
232	299	83	27
232	299	83	27
232	299	82	27
231	299	83	27
232	299	82	27
231	299	82	27
232	299	82	27
231	299	83	27
232	299	82	27
231	299	83	27
231	298	83	27
231	298	83	27
231	297	82	27
232	297	82	27
232	297	83	27
231	297	82	27
232	297	83	27
232	296	82	27
232	296	82	27
231	296	82	27
232	295	82	27
231	296	82	27
233	295	81	27
232	295	81	26
232	295	82	26
232	294	82	26
232	294	81	26
233	295	81	26
233	294	81	26
233	294	81	27
232	293	82	27
233	292	81	27
233	292	81	27
232	292	81	27
232	292	81	26
233	291	81	27
232	291	82	27
232	291	81	26
232	291	81	27
233	289	81	27
232	290	82	27
233	289	80	27
232	289	82	27
233	289	81	27
233	288	81	27
233	287	81	27
232	287	81	27
232	286	80	27
232	286	81	26
232	286	81	27
232	285	81	27
232	285	80	27
232	285	81	27
232	284	81	27
232	284	80	27
233	284	81	27
233	284	80	26
232	283	80	27
233	283	80	27
232	284	81	26
232	284	80	26
232	283	80	26
232	284	82	27
232	284	81	26
232	284	81	26
231	284	81	26
231	285	81	26
232	284	80	26
232	284	80	27
232	285	81	27
232	285	80	27
232	286	80	26
232	286	81	27
231	287	80	26
232	287	80	26
231	287	80	26
232	288	80	26
231	289	81	27
232	289	80	26
231	289	80	26
230	290	80	26
232	290	79	27
231	290	80	26
231	290	80	26
232	291	80	26
231	291	80	26
231	291	80	26
231	291	80	26
230	291	80	26
231	291	80	27
230	291	80	27
230	292	80	27
230	292	80	26
230	292	80	27
230	292	80	27
230	293	80	26
230	292	79	26
229	292	80	26
229	292	80	26
230	292	80	26
229	292	80	27
228	292	81	27
228	291	80	27
228	291	80	27
228	292	80	26
227	292	80	26
227	292	80	26
227	292	79	26
228	292	79	26
226	293	80	26
227	293	80	26
226	292	79	26
227	292	80	26
226	293	80	26
226	292	79	26
226	292	79	26
226	293	80	26
226	293	79	27
230	293	81	26
267	293	90	26
322	294	84	26
336	293	80	26
333	292	80	26
334	293	79	26
335	293	79	27
336	292	79	26
336	292	78	26
336	293	79	27
336	293	79	27
337	293	78	26
336	293	78	26
337	293	78	26
337	292	78	26
337	292	78	26
337	292	79	26
337	291	78	26
337	291	78	27
337	290	79	27
337	290	78	26
337	290	78	26
337	290	78	27
337	290	78	26
337	290	78	26
337	290	78	26
337	290	78	26
337	289	77	26
337	289	78	26
337	289	78	26
338	289	78	27
337	289	77	26
337	290	78	26
338	290	78	26
338	289	78	26
338	289	78	26
338	290	78	26
338	289	77	26
337	289	78	26
337	289	78	26
337	289	78	26
337	289	78	26
338	289	78	26
338	288	78	27
337	289	78	26
338	288	78	26
337	288	78	26
337	289	78	26
337	289	78	26
337	289	78	26
337	289	78	26
337	289	79	26
337	289	78	26
337	290	78	26
337	290	78	26
336	290	78	27
337	290	77	27
336	290	77	26
336	290	78	27
336	290	78	27
335	291	77	26
336	292	77	26
335	291	78	26
335	292	77	26
335	291	77	26
335	292	78	26
334	291	78	26
334	291	77	26
335	292	77	26
334	292	77	26
335	292	78	26
335	291	77	26
335	292	78	26
334	292	77	26
334	292	77	26
334	293	77	26
335	292	77	26
335	293	77	26
335	293	76	26
335	294	77	26
334	294	77	27
335	295	77	26
334	295	76	27
334	296	76	27
334	296	77	27
333	296	77	26
334	297	77	26
334	297	76	26
334	298	76	26
334	298	75	26
333	298	76	26
332	299	76	26
333	299	76	26
332	299	76	27
332	300	76	26
331	300	77	27
331	300	76	27
331	300	76	28
331	299	75	27
330	300	77	27
330	300	76	27
330	299	76	27
329	299	76	27
329	299	76	27
329	300	76	27
329	299	77	27
329	299	76	27
328	299	76	27
327	299	77	27
328	299	76	27
327	298	76	27
326	298	76	27
327	298	76	27
326	297	77	27
327	296	76	27
326	296	76	27
326	296	75	27
325	295	76	27
326	295	75	27
326	294	75	27
325	293	75	27
324	292	76	27
325	292	76	27
324	291	76	26
324	291	76	26
324	291	76	26
325	290	76	26
325	289	76	26
324	289	77	26
324	288	76	26
324	288	76	26
324	288	75	26
325	287	76	26
324	287	77	26
324	287	76	26
324	286	76	26
324	286	76	26
324	286	76	26
324	286	76	26
324	286	76	26
324	286	76	26
325	286	75	26
325	286	76	26
325	286	76	26
325	286	76	26
324	286	76	26
324	286	76	26
324	287	76	26
324	287	75	26
324	288	75	26
324	288	75	26
325	289	75	26
324	290	75	26
325	290	75	26
325	291	74	26
325	291	75	26
324	292	75	26
324	292	75	26
324	293	75	26
323	293	75	26
324	295	75	26
323	295	76	26
322	296	77	26
322	297	76	26
322	297	76	26
322	299	75	26
322	299	75	26
322	300	76	26
322	301	75	26
321	301	76	26
321	302	75	26
320	304	76	26
320	304	75	26
320	305	75	26
320	306	76	26
319	306	76	26
319	307	75	26
318	307	76	26
318	308	75	26
318	309	75	26
318	310	76	26
317	311	75	26
317	312	76	26
317	312	76	26
316	312	76	26
315	313	76	26
316	313	76	26
315	314	75	26
315	315	75	26
315	316	76	26
315	315	74	26
313	316	75	26
314	317	76	26
314	317	76	26
313	317	76	26
312	318	76	26
312	319	75	26
311	319	76	26
312	320	76	26
311	320	76	26
312	321	76	26
312	322	76	26
311	323	76	26
312	324	75	25
311	324	75	25
312	325	75	26
312	326	75	25
312	326	76	26
311	327	76	26
311	328	76	26
311	328	76	26
312	328	75	26
313	329	75	26
312	329	76	26
313	329	75	26
313	329	75	26
313	330	75	26
313	331	75	26
313	330	76	26
314	330	75	26
313	331	75	26
314	330	76	26
314	331	75	26
315	331	75	26
314	330	76	26
315	331	75	25
315	330	76	26
314	331	75	26
315	330	76	26
314	331	76	26
315	331	75	26
316	330	75	26
315	330	76	26
317	330	74	25
315	330	75	25
316	329	75	25
316	329	75	25
316	329	75	25
317	329	75	25
317	328	75	25
317	328	75	25
317	327	76	25
317	327	75	25
317	326	74	25
318	325	74	25
317	324	75	25
318	325	74	25
317	324	75	25
317	323	74	25
317	323	74	25
317	323	75	25
317	322	75	25
317	321	74	25
316	321	75	25
317	320	74	25
316	320	75	25
316	320	75	25
315	320	75	25
316	319	75	25
315	318	74	25
315	319	75	25
315	318	76	25
314	318	76	25
314	318	75	25
315	317	75	25
314	317	74	25
314	317	74	25
314	317	75	25
313	317	75	25
314	316	75	25
313	317	75	25
313	316	74	25
313	317	75	25
312	316	75	25
312	317	75	25
312	317	74	25
312	317	74	25
311	317	74	25
312	318	74	25
311	317	75	25
311	317	75	25
310	318	75	25
311	318	75	25
310	318	75	25
311	319	74	25
310	320	75	25
309	320	75	25
310	321	74	25
309	321	75	25
309	322	75	25
309	322	75	26
309	324	75	25
309	324	74	25
310	325	73	25
309	326	75	25
309	327	74	25
307	327	75	25
308	328	75	25
307	329	75	25
307	329	74	26
307	331	75	26
306	331	75	26
306	332	75	25
305	333	76	26
306	334	75	26
306	335	75	26
305	335	75	26
305	336	74	26
307	319	71	31
307	294	72	31
308	273	72	27
308	273	71	24
307	273	71	24
308	274	71	24
307	276	72	25
307	276	72	25
308	276	71	25
307	277	72	25
308	278	71	25
307	278	72	25
307	279	72	25
306	279	73	25
306	279	73	25
306	280	73	25
306	280	73	25
305	281	73	25
305	281	73	25
305	281	73	25
305	282	73	25
304	282	72	25
304	283	73	25
304	284	72	25
304	284	72	25
304	285	72	25
302	285	72	25
302	286	72	25
302	286	73	25
300	287	73	25
300	287	73	25
301	288	73	25
299	288	73	25
299	289	73	25
299	289	73	25
299	290	73	25
299	291	73	25
297	291	74	25
297	291	74	25
297	292	74	25
297	292	74	25
296	293	74	25
296	294	73	25
295	295	73	25
295	295	73	25
294	295	75	25
295	295	74	25
294	296	74	25
294	297	73	25
293	297	74	25
293	297	74	25
293	299	73	25
292	299	74	25
292	299	73	25
292	299	74	25
292	300	74	25
292	300	73	25
292	301	73	25
291	301	73	25
292	302	72	25
292	303	72	25
292	303	72	25
291	303	73	25
291	304	72	25
291	305	72	25
290	305	73	25
290	305	72	25
290	306	73	26
290	306	73	25
290	307	73	26
290	308	73	26
290	308	73	25
290	309	72	25
290	309	73	25
290	309	73	25
289	310	73	25
289	310	73	26
290	311	73	25
289	311	73	25
290	312	73	26
289	312	73	25
289	312	72	26
288	313	74	26
289	314	73	26
289	314	73	26
289	314	72	26
289	315	72	26
288	315	73	26
289	316	73	26
289	317	72	26
289	317	72	25
288	318	73	26
288	318	73	25
289	319	72	26
288	319	73	25
