0.004053
0.018450
0.020934
0.020855
0.021020
0.020990
0.020932
0.020795
0.020942
0.020864
0.021036
0.020999
0.020894
0.020856
0.020933
0.021107
0.020893
0.020997
0.021023
0.020928
0.021090
0.020754
0.020953
0.020940
0.021096
0.020695
0.020954
0.020899
0.021118
0.021007
0.020930
0.020872
0.021056
0.020960
0.020938
0.020839
0.020802
0.020873
0.020882
0.021065
0.020953
0.020862
0.020949
0.020756
0.020993
0.021051
0.020999
0.021083
0.020984
0.023109
0.024742
0.024982
0.025033
0.025113
0.025009
0.024845
0.025020
0.024925
0.025058
0.024875
0.024977
0.025123
0.024993
0.024993
0.024927
0.024897
0.025028
0.025040
0.024923
0.024961
0.024814
0.025062
0.025072
0.024916
0.025043
0.024907
0.025022
0.024938
0.025038
0.025037
0.025103
0.024976
0.025156
0.025105
0.025031
0.025046
0.025005
0.025162
0.025139
0.024969
0.025129
0.024931
0.025082
0.024862
0.024967
0.025125
0.024990
0.024898
0.025065
0.024837
0.025035
0.025003
0.025099
0.024930
0.024986
0.025062
0.024926
0.025073
0.025068
0.025132
0.025043
0.025047
0.024925
0.024969
0.025072
0.025125
0.025057
0.024875
0.024840
0.024850
0.025006
0.024995
0.024997
0.024944
0.024955
0.024965
0.025142
0.025039
0.024984
0.025006
0.025032
0.024921
0.024981
0.025106
0.024987
0.024998
0.024865
0.025038
0.025074
0.024884
0.025007
0.024855
0.024938
0.025035
0.025059
0.024953
0.025010
0.024932
0.025113
0.024964
0.024986
0.024909
0.024920
0.025052
0.024879
0.024915
0.024878
0.024965
0.024975
0.025035
0.025048
0.025097
0.025061
0.024821
0.024931
0.024925
0.024990
0.025160
0.024948
0.024927
0.024977
0.025014
0.025067
0.025071
0.025030
0.025029
0.024977
0.025051
0.024881
0.025074
0.025077
0.024980
0.025045
0.025043
0.025129
0.024948
0.024955
0.025025
0.024979
0.025024
0.025089
0.024986
0.024952
0.024961
0.024978
0.025004
0.025016
0.024918
0.025022
0.024835
0.024894
0.025015
0.025215
0.024954
0.024966
0.025099
0.025029
0.025094
0.025094
0.025053
0.024991
0.024862
0.025056
0.024921
0.025107
0.024978
0.024959
0.024946
0.024987
0.025095
0.025050
0.025034
0.025056
0.025110
0.024980
0.024970
0.025015
0.024987
0.025158
0.024999
0.024935
0.025059
0.025154
0.025017
0.025048
0.025091
0.024972
0.025019
0.024872
0.024779
0.024997
0.024853
0.025126
0.025019
0.025007
0.024893
0.024938
0.024837
0.024984
0.025107
0.025049
0.025060
0.024976
0.025084
0.024910
0.024873
0.025089
0.025081
0.024925
0.024999
0.025006
0.025012
0.024932
0.024970
0.025031
0.024999
0.024990
0.024938
0.024967
0.024952
0.024853
0.024972
0.024929
0.025072
0.024980
0.025081
0.024947
0.024856
0.025075
0.024942
0.024987
0.024921
0.025015
0.025099
0.024983
0.024786
0.024850
0.024957
0.024969
0.025002
0.025100
0.024899
0.024996
0.024953
0.025172
0.025021
0.025055
0.024978
0.024894
0.024869
0.025050
0.024860
0.024876
0.025075
0.025028
0.024957
0.024925
0.025026
0.024841
0.024868
0.024959
0.024951
0.025037
0.025022
0.024947
0.024784
0.024953
0.024942
0.024958
0.024946
0.025043
0.025084
0.024973
0.025044
0.024954
0.025063
0.025054
0.024924
0.024983
0.024873
0.024939
0.024953
0.024999
0.024918
0.024950
0.024891
0.024914
0.024991
0.024929
0.024993
0.024960
0.024843
0.024983
0.025020
0.024849
0.024971
0.024925
0.024933
0.024902
0.024748
0.024904
0.024883
0.024986
0.024744
0.025115
0.025028
0.025011
0.025008
0.024905
0.024869
0.025060
0.024934
0.024994
0.024868
0.024908
0.025053
0.024896
0.025011
0.025033
0.024921
0.025003
0.024841
0.024855
0.024917
0.025082
0.025160
0.025037
0.024846
0.025012
0.024693
0.020820
0.020449
0.020573
0.020441
0.020628
0.020473
0.020685
0.020626
0.020616
0.020668
0.020591
0.020493
0.020593
0.020587
0.020572
0.020522
0.020547
0.020571
0.020526
0.020444
0.020736
0.020571
0.020530
0.020426
0.020691
0.020604
0.020548
0.020514
0.020608
0.020581
0.020597
0.020579
0.020535
0.020530
0.020523
0.020632
0.020535
0.020609
0.020665
0.020741
0.021048
0.020836
0.021037
0.020868
0.020830
0.020913
0.020964
0.020790
0.020861
0.021063
0.020994
0.021028
0.020997
0.020849
0.020974
0.020853
0.020976
0.020982
0.021012
0.021073
0.020956
0.020826
0.020954
0.020962
0.020981
0.020846
0.020953
0.020899
0.020976
0.020824
0.020777
0.020865
0.021074
0.020871
0.020795
0.020867
0.020966
0.020950
0.020926
0.021016
0.020955
0.020750
0.020739
0.020803
0.020855
0.020946
0.020942
0.020941
0.021030
0.020808
0.020938
0.020932
0.024937
0.025050
0.024960
0.025089
0.024947
0.024927
0.025124
0.024909
0.024964
0.024942
0.024968
0.024912
0.025035
0.024959
0.024954
0.025045
0.025002
0.024868
0.025010
0.024950
0.024906
0.024859
0.024946
0.025020
0.025035
0.025106
0.024947
0.025001
0.024980
0.025083
0.024927
0.025001
0.024994
0.024881
0.024940
0.024890
0.024965
0.024894
0.025012
0.025209
0.025010
0.024934
0.024995
0.024892
0.025014
0.024909
0.024912
0.024953
0.025074
0.025051
0.024933
0.025046
0.025118
0.024933
0.024928
0.024880
0.024954
0.024904
0.024975
0.024780
0.025125
0.025059
0.025102
0.024914
0.024898
0.024871
0.024956
0.024932
0.024899
0.024992
0.024783
0.024840
0.025067
0.025099
0.024988
0.025036
0.024991
0.025083
0.025080
0.025064
0.024894
0.025042
0.025015
0.025087
0.025105
0.024939
0.025030
0.024893
0.024951
0.024968
0.025171
0.024968
0.024921
0.024893
0.025074
0.024900
0.024860
0.024858
0.024999
0.024907
0.025078
0.024910
0.024993
0.024983
0.025103
0.024880
0.024989
0.024938
0.025034
0.025013
0.024997
0.024879
0.024987
0.024883
0.024983
0.024998
0.025053
0.025024
0.025160
0.025049
0.025002
0.025028
0.024893
0.024905
0.024755
0.025032
0.024973
0.024861
0.025101
0.025026
0.025129
0.024863
0.025000
0.024879
0.024918
0.024978
0.024893
0.025052
0.025028
0.024928
0.024883
0.024953
0.024934
0.024960
0.025091
0.025007
0.025007
0.024788
0.024920
0.024954
0.024933
0.025009
0.024994
0.024973
0.024980
0.024837
0.024940
0.025000
0.024979
0.024912
0.024947
0.025055
0.025092
0.025071
0.025066
0.024957
0.024951
0.024935
0.025025
0.024903
0.024930
0.025024
0.025031
0.025144
0.024860
0.024943
0.025014
0.024974
0.024959
0.025037
0.024984
0.025078
0.025038
0.025042
0.025071
0.025038
0.024957
0.025003
0.025071
0.024751
0.024970
0.024991
0.025204
0.025126
0.024984
0.025026
0.025054
0.025154
0.025038
0.024915
0.025036
0.025042
0.024999
0.024955
0.024911
0.024846
0.024968
0.024931
0.024968
0.024767
0.025101
0.025017
0.025035
0.024960
0.025012
0.024857
0.025005
0.024897
0.024957
0.024897
0.024961
0.024959
0.024967
0.025108
0.025070
0.025023
0.024976
0.020516
0.020577
0.020667
0.020568
0.020617
0.020654
0.020653
0.020611
0.020615
0.020750
0.020574
0.020606
0.020704
0.020776
0.020613
0.020631
0.020598
0.020618
0.020720
0.020455
0.020422
0.020630
0.020748
0.020645
0.020447
0.020709
0.020557
0.020575
0.020725
0.020638
0.020533
0.020727
0.014313
0.014908
0.018405
0.012914
0.020109
0.013027
0.020203
0.012949
0.018725
0.018528
0.013250
0.018793
0.018623
0.013105
0.020537
0.013126
0.020451
0.013350
0.020647
0.013224
0.018772
0.017105
0.017022
0.018525
0.015094
0.017180
0.017043
0.017035
0.018525
0.015037
0.017138
0.016943
0.018668
0.013071
0.020550
0.013085
0.018944
0.016775
0.018957
0.013236
0.020535
0.013134
0.020568
0.013127
0.020425
0.013109
0.020545
0.013241
0.019149
0.015045
0.021066
0.015317
0.017107
0.017650
0.021144
0.021456
0.023149
0.023285
0.017146
0.023218
0.023435
0.019062
0.023247
0.019092
0.023313
0.019005
0.023268
0.017253
0.021435
0.021278
0.021383
0.021412
0.023077
0.023492
0.017073
0.023275
0.023227
0.017061
0.023422
0.023159
0.017140
0.023296
0.021433
0.023283
0.017167
0.023324
0.023338
0.017196
0.023285
0.023348
0.017073
0.023160
0.023385
0.017134
0.023288
0.024834
0.017388
0.033090
0.017580
0.032883
0.017436
0.032944
0.017258
0.033068
0.018942
0.032916
0.019104
0.021147
0.033123
0.017198
0.032984
0.017187
0.033011
0.017259
0.033030
0.017250
0.033111
0.017209
0.032965
0.017295
0.033106
0.017327
0.033014
0.017258
0.033140
0.017284
0.033138
0.017261
0.033000
0.017322
0.033008
0.017310
0.033124
0.017256
0.033074
0.017586
0.032840
0.017319
0.033114
0.017277
0.033104
0.017201
0.032982
0.017253
0.033016
0.017290
0.032897
0.017288
0.032974
0.017215
0.032979
0.017279
0.033022
0.017227
0.033121
0.017422
0.032852
0.017257
0.033091
0.017191
0.033045
0.017381
0.032935
0.017427
0.033072
0.017241
0.032916
0.017344
0.032841
0.017231
0.032983
0.017297
0.033136
0.017264
0.033100
0.017185
0.032933
0.017221
0.033059
0.017282
0.033034
0.017302
0.033317
0.017324
0.033244
0.017210
0.033112
0.017203
0.033048
0.017228
0.033118
0.022840
0.015080
0.026578
0.015189
0.020483
0.018959
0.028813
0.015049
0.026796
0.015056
0.026783
0.015100
