0.012307
0.016480
0.025097
0.024916
0.024965
0.025141
0.025083
0.024985
0.024953
0.024934
0.025037
0.025001
0.025029
0.024844
0.024963
0.024940
0.025014
0.025082
0.024910
0.024964
0.024979
0.025038
0.024979
0.024981
0.024984
0.025092
0.024837
0.024985
0.025036
0.024984
0.025060
0.024995
0.024935
0.024955
0.024912
0.024898
0.025079
0.025110
0.024989
0.024848
0.025127
0.024935
0.025018
0.025040
0.024980
0.024914
0.024931
0.024947
0.025165
0.024899
0.025085
0.024977
0.025002
0.025009
0.025045
0.024987
0.025145
0.024946
0.025026
0.025118
0.024904
0.025060
0.024935
0.024882
0.024894
0.025085
0.025020
0.024939
0.024880
0.025030
0.025105
0.025014
0.025120
0.025011
0.024946
0.024920
0.025007
0.025092
0.025105
0.025098
0.024935
0.025078
0.025005
0.024975
0.025048
0.025020
0.024905
0.025037
0.025137
0.025066
0.025043
0.025137
0.025014
0.025117
0.025068
0.025135
0.024961
0.025093
0.025250
0.024987
0.025078
0.025159
0.025103
0.025021
0.024984
0.025020
0.025154
0.024873
0.025099
0.025043
0.025090
0.025061
0.025070
0.024920
0.025065
0.025032
0.025208
0.025022
0.025087
0.025113
0.025037
0.025051
0.025154
0.025072
0.025123
0.024970
0.025086
0.025047
0.025130
0.024969
0.025077
0.025194
0.025146
0.025004
0.025054
0.025139
0.025028
0.025057
0.025077
0.024855
0.024958
0.024927
0.025006
0.024838
0.025136
0.024997
0.025039
0.024922
0.025105
0.025043
0.025044
0.025172
0.025031
0.024964
0.025180
0.025079
0.025104
0.025038
0.025017
0.025068
0.024999
0.025138
0.024921
0.024964
0.024983
0.025063
0.025058
0.024978
0.025062
0.024944
0.025132
0.024995
0.025134
0.024968
0.025022
0.024957
0.024974
0.024969
0.025057
0.025087
0.024928
0.025051
0.025240
0.025095
0.025049
0.025028
0.024971
0.025021
0.024957
0.025116
0.024936
0.025064
0.025029
0.024910
0.025069
0.025098
0.025101
0.025080
0.025062
0.025087
0.024872
0.025093
0.025158
0.024984
0.025254
0.025072
0.025115
0.024906
0.025058
0.024913
0.025125
0.025008
0.025068
0.025012
0.024938
0.025196
0.025247
0.024882
0.025047
0.025142
0.025098
0.025051
0.025005
0.025019
0.025049
0.025119
0.024994
0.024967
0.025041
0.024953
0.024942
0.025017
0.025020
0.025148
0.025013
0.024974
0.025006
0.025189
0.024998
0.025020
0.025200
0.025154
0.025166
0.025069
0.024841
0.025046
0.025069
0.025038
0.025088
0.025078
0.024995
0.025100
0.024949
0.024993
0.025082
0.025018
0.025005
0.025121
0.025177
0.025085
0.025053
0.025073
0.025063
0.025040
0.024949
0.025059
0.024992
0.025095
0.024847
0.025044
0.024936
0.025069
0.025026
0.025079
0.025125
0.024992
0.025090
0.024934
0.024966
0.025082
0.024984
0.025100
0.025069
0.024994
0.025132
0.024889
0.025108
0.025078
0.024993
0.025053
0.025127
0.024935
0.024977
0.025068
0.024953
0.025089
0.025165
0.025034
0.022867
0.020783
0.020743
0.020668
0.020783
0.020860
0.020784
0.020596
0.020777
0.020718
0.021284
0.021127
0.012772
0.020851
0.014437
0.012485
0.012603
0.012474
0.012495
0.012498
0.012588
0.012583
0.012396
0.012467
0.012618
0.008568
0.006282
0.005415
0.005335
0.005281
0.005291
0.005326
0.005272
0.005280
0.005325
0.005350
0.005289
0.005300
0.005309
0.005319
0.005277
0.005337
0.005342
0.005320
0.005322
0.005308
0.005322
0.005324
0.005300
0.005273
0.005319
0.005291
0.005311
0.005317
0.005319
0.005316
0.005311
0.005325
0.005323
0.005294
0.005321
0.005364
0.005337
0.005320
0.005331
0.005319
0.005309
0.005310
0.005280
0.005283
0.005331
0.005277
0.005343
0.005304
0.005353
0.005299
0.005335
0.005318
0.005334
0.005332
0.005375
0.005329
0.005355
0.005344
0.005357
0.005327
0.005338
0.005356
0.005384
0.005299
0.005407
0.005327
0.005341
0.005287
0.005440
0.005308
0.005416
0.005347
0.005341
0.005284
0.005349
0.005303
0.005354
0.005295
0.005340
0.005311
0.005451
0.005357
0.005333
0.005307
0.005338
0.005313
0.005296
0.005293
0.005283
0.005283
0.005344
0.005331
0.005323
0.005315
0.005303
0.005362
0.005307
0.005320
0.005356
0.005325
0.005322
0.005322
0.005296
0.005306
0.005313
0.005322
0.005305
0.005280
0.005350
0.005301
0.005300
0.005292
0.005354
0.005344
0.005348
0.005302
0.005303
0.005283
0.005330
0.005325
0.005306
0.005309
0.005309
0.005329
0.005310
0.005335
0.005344
0.005309
0.005307
0.005375
0.005336
0.005313
0.005335
0.005318
0.005327
0.005296
0.005331
0.005336
0.005331
0.005320
0.005326
0.005278
0.005296
0.005307
0.005334
0.005312
0.005313
0.005338
0.005355
0.005319
0.005357
0.005338
0.005341
0.005448
0.005529
0.005560
0.005512
0.005479
0.005471
0.005481
0.005498
0.005492
0.005556
0.005566
0.005491
0.005556
0.005451
0.005414
0.005466
0.005553
0.007976
0.008584
0.008425
0.008322
0.008386
0.008304
0.008297
0.008359
0.008516
0.008627
0.008590
0.008514
0.008703
0.008611
0.008543
0.008513
0.008628
0.008612
0.008606
0.008477
0.008568
0.008674
0.008557
0.008610
0.008514
0.008660
0.008561
0.008565
0.008641
0.008792
0.008720
0.008671
0.008740
0.008731
0.008725
0.008811
0.008881
0.008938
0.008849
0.009027
0.009185
0.012934
0.012953
0.013009
0.013098
0.013001
0.013064
0.013021
0.013072
0.012984
0.013011
0.012914
0.012980
0.012962
0.013020
0.013048
0.012912
0.012882
0.012913
0.012901
0.013015
0.012880
0.012994
0.013001
0.012910
0.012950
0.012914
0.012995
0.012841
0.012846
0.012944
0.012933
0.012950
0.012834
0.012959
0.012835
0.012925
0.013006
0.012985
0.012843
0.012907
0.015136
0.016728
0.016904
0.017020
0.016933
0.016948
0.016856
0.017038
0.020861
0.020934
0.021112
0.024917
0.025013
0.025009
0.025001
0.025074
0.024951
0.025079
0.024940
0.024950
0.024875
0.024816
0.025016
0.024795
0.024969
0.024949
0.024863
0.024773
0.024746
0.024904
0.025003
0.024817
0.024826
0.024922
0.025128
0.024712
0.024981
0.024909
0.024943
0.024944
0.025006
0.024877
0.024923
0.024995
0.025159
0.025059
0.024919
0.024903
0.024888
0.024944
0.025052
0.024934
0.024996
0.024916
0.025111
0.025007
0.025058
0.025038
0.024902
0.024932
0.024997
0.025024
0.024977
0.025012
0.024971
0.025123
0.025061
0.024843
0.024925
0.025150
0.025059
0.025045
0.025143
0.025135
0.025027
0.025010
0.024878
0.024937
0.024961
0.024973
0.024994
0.024935
0.025021
0.024993
0.024968
0.024931
0.024901
0.025006
0.025003
0.024985
0.024950
0.024900
0.025049
0.024948
0.025118
0.025105
0.024966
0.025011
0.025069
0.025043
0.025113
0.025070
0.025008
0.025052
0.025185
0.025013
0.024893
0.025034
0.024896
0.025043
0.025053
0.025147
0.024941
0.024851
0.024929
0.025068
0.025073
0.024906
0.024924
0.025097
0.025021
0.024897
0.024988
0.024957
0.024858
0.024858
0.024936
0.025014
0.025050
0.025109
0.025158
0.025016
0.025011
0.025111
0.024997
0.024973
0.024917
0.025106
0.025102
0.024986
0.025065
0.025089
0.024985
0.024976
0.025075
0.025189
0.025229
0.024915
0.024944
0.024910
0.025103
0.025031
0.024989
0.025074
0.025019
0.025019
0.025016
0.024955
0.024955
0.024911
0.025103
0.025122
0.024922
0.024894
0.025083
0.025045
0.024882
0.025045
0.025063
0.025038
0.025064
0.025104
0.025064
0.024909
0.024948
0.025244
0.025023
0.024932
0.024995
0.025132
0.024982
0.024904
0.024967
0.024977
0.025093
0.025033
0.025057
0.025054
0.024955
0.025062
0.024927
0.024991
0.024997
0.025004
0.025118
0.024945
0.025121
0.024969
0.024929
0.024958
0.024987
0.025102
0.024977
0.025022
0.025124
0.024982
0.025027
0.024943
0.024955
0.024958
0.025026
0.025102
0.025091
0.024896
0.025004
0.024966
0.025065
0.024870
0.024907
0.025122
0.025007
0.025099
0.025126
0.025009
0.025015
0.025043
0.024892
0.025002
0.025024
0.024977
0.024943
0.025115
0.024966
0.025001
0.025067
0.025186
0.025020
0.024913
0.025115
0.024978
0.025007
0.025084
0.024866
0.024931
0.025082
0.025063
0.024910
0.025176
0.025102
0.024965
0.024985
0.024972
0.024987
0.024983
0.024975
0.025021
0.025067
0.025044
0.025073
0.024993
0.025064
0.025037
0.024980
0.025074
0.025015
0.024992
0.024873
0.025136
0.025025
0.025018
0.025086
0.025060
0.024993
0.024988
0.025007
0.025075
0.025025
0.025006
0.024921
0.024936
0.025160
0.024917
0.024892
0.024990
0.025050
0.024935
0.024931
0.025029
0.024979
0.024991
0.025032
0.024959
0.025008
0.025052
0.025040
0.025090
0.025030
0.025075
0.025126
0.024959
0.024953
0.025028
0.025149
0.025011
0.025022
0.025013
0.024924
0.013196
0.024781
0.016966
0.025043
0.017261
0.024801
0.017068
0.024835
0.017011
0.024919
0.017121
0.024863
0.017080
0.023473
0.024293
0.017578
0.024292
0.019136
0.017179
0.025031
0.016917
0.023348
0.024522
0.017651
0.024306
0.017309
0.024688
0.019037
0.017249
0.024860
0.017094
0.026685
0.017367
0.024658
0.017279
0.024639
0.017297
0.024686
0.015616
0.020836
0.027089
0.015704
0.026876
0.015689
0.026680
0.015694
0.026728
0.015709
0.020928
0.027103
0.015668
0.021059
0.027159
0.015650
0.026757
0.015780
0.026769
0.015753
0.026684
0.015775
0.026728
0.015679
0.020851
0.021399
0.021354
0.022057
0.021023
0.021534
0.025411
0.017255
0.021194
0.021707
0.021520
0.021152
0.021640
0.021936
0.020994
0.021283
0.021489
0.021669
0.021671
0.021384
0.021618
0.022173
0.020962
0.021879
0.029316
0.032999
0.019313
0.021258
0.033251
0.017387
0.033109
0.017421
0.033128
0.017309
0.033080
0.017456
0.033210
0.017321
0.033094
0.017407
0.033236
0.017384
0.033113
0.017457
0.033106
0.017343
0.033019
0.017274
0.033151
0.017341
0.033026
0.017303
0.033215
0.017391
0.033022
0.017313
