0.007822
0.018683
0.020986
0.020896
0.021018
0.020817
0.020901
0.024863
0.024957
0.024987
0.024970
0.024900
0.024985
0.025055
0.025078
0.025067
0.024913
0.024961
0.024993
0.024931
0.024972
0.024927
0.024957
0.025104
0.025158
0.024949
0.024959
0.024884
0.024988
0.024921
0.025008
0.025102
0.025022
0.025137
0.025115
0.024950
0.024858
0.024923
0.025110
0.025027
0.025082
0.024841
0.024913
0.024979
0.024963
0.025117
0.024996
0.025044
0.025168
0.025030
0.024922
0.024899
0.025087
0.024750
0.025177
0.025011
0.024979
0.024954
0.024941
0.024792
0.025002
0.025026
0.025028
0.024969
0.024991
0.024969
0.024893
0.025107
0.025038
0.024999
0.025030
0.025040
0.025001
0.025077
0.025055
0.024991
0.024999
0.024975
0.024919
0.024855
0.024989
0.024823
0.024984
0.024923
0.024961
0.025115
0.024993
0.024998
0.024974
0.024918
0.025012
0.024910
0.025054
0.024920
0.025019
0.025071
0.025071
0.024944
0.025005
0.025120
0.024913
0.025170
0.025062
0.024937
0.024988
0.024806
0.025009
0.024962
0.025008
0.024957
0.025088
0.025001
0.025119
0.025043
0.024895
0.024981
0.024814
0.024897
0.024944
0.024994
0.024977
0.024921
0.025033
0.025050
0.024886
0.024971
0.024929
0.025120
0.025086
0.025004
0.024998
0.024964
0.025002
0.024996
0.025072
0.025075
0.025024
0.025040
0.025004
0.025142
0.025044
0.025084
0.025113
0.025081
0.025100
0.025072
0.025114
0.024987
0.025111
0.025081
0.025040
0.025071
0.025167
0.025108
0.025108
0.024942
0.025242
0.025145
0.025078
0.024992
0.024968
0.024979
0.024911
0.025024
0.025259
0.025059
0.025073
0.025150
0.025093
0.025019
0.024985
0.025041
0.025052
0.025140
0.025074
0.025019
0.025029
0.025156
0.024975
0.025070
0.025039
0.025059
0.025083
0.025033
0.024963
0.025280
0.025109
0.025005
0.025040
0.025069
0.024998
0.025007
0.025187
0.025007
0.025030
0.025151
0.025024
0.025097
0.025154
0.025127
0.025003
0.024972
0.025240
0.025023
0.025032
0.025094
0.025023
0.024880
0.025160
0.025079
0.025133
0.025051
0.025034
0.025031
0.025186
0.024932
0.025147
0.024950
0.025134
0.025163
0.025022
0.025036
0.025051
0.025146
0.024900
0.025125
0.025172
0.025149
0.024969
0.025058
0.025217
0.025025
0.024983
0.024749
0.024935
0.025024
0.025139
0.025124
0.025043
0.025079
0.025024
0.024874
0.024959
0.024946
0.024938
0.025101
0.024992
0.024884
0.025126
0.025093
0.025043
0.024939
0.025003
0.025140
0.025138
0.025060
0.024975
0.024982
0.024895
0.025151
0.025015
0.024997
0.025004
0.025139
0.024949
0.024930
0.025113
0.025062
0.024996
0.024962
0.025097
0.025113
0.025082
0.022884
0.021002
0.020996
0.020760
0.020725
0.020883
0.020841
0.020549
0.020953
0.020856
0.020646
0.021022
0.020772
0.020624
0.020826
0.020657
0.021125
0.020699
0.020796
0.020813
0.020742
0.020914
0.020670
0.020849
0.020673
0.020749
0.020923
0.020701
0.020796
0.021083
0.020736
0.020833
0.020602
0.020868
0.020609
0.021076
0.020765
0.020931
0.020992
0.021342
0.020868
0.021487
0.021411
0.021467
0.021349
0.021309
0.021451
0.021403
0.021334
0.021248
0.021354
0.021366
0.021359
0.021437
0.021316
0.021425
0.021320
0.021393
0.021391
0.021235
0.021454
0.021395
0.021265
0.021218
0.021327
0.021314
0.020945
0.021305
0.020744
0.021362
0.021204
0.021304
0.021111
0.021274
0.021398
0.021231
0.020904
0.021198
0.021221
0.020772
0.021347
0.020874
0.021321
0.021299
0.021284
0.020832
0.021340
0.024969
0.025477
0.025252
0.025107
0.025355
0.024972
0.025299
0.025014
0.025320
0.024920
0.025223
0.024936
0.025315
0.025033
0.025292
0.025081
0.025270
0.025104
0.025403
0.024980
0.025397
0.024949
0.025218
0.025012
0.025438
0.024985
0.025427
0.025044
0.025357
0.024895
0.025197
0.024895
0.025271
0.025039
0.025445
0.020829
0.020714
0.020995
0.020905
0.020789
0.020717
0.021154
0.020803
0.020773
0.021073
0.020813
0.020990
0.020807
0.020779
0.021057
0.020824
0.021011
0.020601
0.020957
0.020817
0.020687
0.020965
0.020806
0.020768
0.021064
0.020705
0.020953
0.020693
0.020993
0.020829
0.020985
0.020805
0.020749
0.020989
0.020739
0.021037
0.020798
0.021019
0.020873
0.021003
0.021226
0.021443
0.021005
0.021381
0.021183
0.020895
0.021254
0.021410
0.021316
0.020980
0.021247
0.021444
0.021302
0.021323
0.020976
0.021390
0.021157
0.021178
0.021148
0.021409
0.021180
0.021085
0.021393
0.020957
0.021414
0.020975
0.021249
0.021432
0.021309
0.020982
0.021417
0.020874
0.021327
0.021359
0.020902
0.021452
0.021265
0.020913
0.021318
0.021326
0.020993
0.021315
0.021264
0.020962
0.021248
0.021187
0.020911
0.021333
0.021313
0.024865
0.024804
0.024926
0.025002
0.024999
0.024927
0.024960
0.024960
0.024973
0.025031
0.024988
0.024961
0.025073
0.024955
0.025164
0.025000
0.025041
0.024962
0.025108
0.025060
0.025137
0.025021
0.025159
0.025082
0.025044
0.025047
0.025002
0.025028
0.025147
0.024996
0.025046
0.025054
0.025025
0.025008
0.024991
0.025009
0.024866
0.024989
0.024974
0.020693
0.020612
0.020672
0.020767
0.020697
0.020681
0.020623
0.020708
0.020662
0.020598
0.020701
0.020504
0.020566
0.020633
0.020639
0.020571
0.020565
0.020690
0.020745
0.020666
0.020657
0.020627
0.020576
0.020639
0.020644
0.020659
0.020760
0.020553
0.020531
0.020633
0.020509
0.020648
0.020783
0.020724
0.020768
0.020650
0.020572
0.020687
0.020745
0.021016
0.020954
0.020993
0.021122
0.020985
0.020998
0.020982
0.020928
0.020978
0.020900
0.020933
0.021038
0.020947
0.020985
0.020968
0.021095
0.020868
0.021010
0.021118
0.021068
0.020983
0.021017
0.020907
0.020925
0.021115
0.020867
0.020979
0.020983
0.021059
0.020785
0.021034
0.021062
0.020884
0.020693
0.020946
0.020955
0.020861
0.020893
0.021084
0.020897
0.020931
0.020968
0.020957
0.020769
0.021086
0.021025
0.020980
0.021161
0.020820
0.020990
0.020809
0.020846
0.020894
0.024924
0.024795
0.025129
0.024991
0.024925
0.025037
0.025034
0.024934
0.024950
0.025109
0.024862
0.024957
0.024912
0.024907
0.024928
0.024980
0.024956
0.024915
0.025071
0.024974
0.025071
0.025074
0.024910
0.024982
0.025023
0.024887
0.024750
0.024858
0.025011
0.025040
0.024942
0.025121
0.024897
0.024973
0.025139
0.024842
0.024975
0.024872
0.024913
0.024925
0.024904
0.024883
0.024956
0.024923
0.025072
0.024932
0.025066
0.024968
0.024949
0.025060
0.024926
0.024970
0.025020
0.024953
0.025044
0.024960
0.025042
0.024948
0.024936
0.024882
0.025079
0.025022
0.024922
0.024923
0.024891
0.024917
0.024885
0.025035
0.024963
0.025153
0.024807
0.024934
0.024890
0.025082
0.024932
0.025076
0.024978
0.025031
0.024881
0.024984
0.025035
0.025100
0.025058
0.024856
0.025015
0.025144
0.024941
0.024988
0.025079
0.024898
0.024862
0.024971
0.024983
0.024971
0.025066
0.025068
0.025080
0.025057
0.024975
0.025055
0.024978
0.025039
0.025100
0.024984
0.024983
0.024965
0.025082
0.025027
0.025045
0.025032
0.024985
0.024936
0.025057
0.024940
0.025128
0.025142
0.024778
0.025199
0.025036
0.024924
0.025059
0.025033
0.025034
0.024940
0.024792
0.025133
0.024978
0.024990
0.025021
0.024980
0.025056
0.024967
0.024844
0.024948
0.024971
0.024965
0.024934
0.025053
0.024856
0.024925
0.024924
0.024990
0.024962
0.025056
0.025057
0.025080
0.025106
0.025149
0.025055
0.025034
0.024979
0.025009
0.025004
0.024936
0.024803
0.024964
0.024968
0.024954
0.025024
0.025146
0.025046
0.025009
0.025078
0.024868
0.025061
0.025170
0.024920
0.024927
0.024985
0.024997
0.024971
0.024843
0.025095
0.025154
0.024963
0.024964
0.024944
0.024951
0.025022
0.024956
0.025071
0.024998
0.024886
0.024838
0.025051
0.024871
0.024883
0.025048
0.024876
0.024995
0.024928
0.025050
0.025057
0.024945
0.024935
0.025051
0.024939
0.024922
0.025017
0.025119
0.024830
0.025120
0.024911
0.024767
0.024932
0.025091
0.025008
0.024999
0.025041
0.025094
0.024935
0.024858
0.025010
0.025038
0.024992
0.025038
0.024951
0.025127
0.025013
0.024889
0.024833
0.024987
0.025039
0.024847
0.025093
0.024996
0.024960
0.024915
0.024871
0.025064
0.024927
0.024939
0.024901
0.024928
0.025028
0.025049
0.024908
0.025076
0.025104
0.025039
0.024980
0.024926
0.024927
0.025126
0.024941
0.024948
0.024973
0.024954
0.025158
0.025162
0.025004
0.025019
0.024902
0.025063
0.024958
0.025011
0.025062
0.024969
0.024935
0.024865
0.024985
0.024954
0.024901
0.024962
0.025074
0.025045
0.024942
0.024755
0.025058
0.025051
0.020623
0.020677
0.020641
0.020757
0.020657
0.020675
0.020706
0.020706
0.020606
0.020667
0.020718
0.020726
0.020838
0.020589
0.020643
0.020603
0.020591
0.020741
0.020838
0.020577
0.020767
0.020535
0.020656
0.020744
0.020682
0.020726
0.020712
0.020750
0.020528
0.020781
0.020609
0.020737
0.020524
0.020612
0.020739
0.020668
0.020679
0.020786
0.020759
0.020775
0.020999
0.020893
0.021041
0.020993
0.020967
0.020822
0.021001
0.021022
0.020967
0.016662
0.016596
0.016547
0.016702
0.016587
0.016644
0.016622
0.016639
0.016557
0.016585
0.016653
0.016630
0.016673
0.016659
0.016600
0.016651
0.016578
0.016728
0.016602
0.016544
0.016707
0.016558
0.016695
0.016546
0.016629
0.016652
0.016714
0.016594
0.016657
0.016671
0.016662
0.016598
0.016641
0.016709
0.016609
0.016667
0.016701
0.016615
0.016715
0.016610
0.016687
0.016740
0.016718
0.020542
0.020683
0.020814
0.020649
0.020885
0.021171
0.020958
0.021128
0.020906
0.021105
0.020921
0.020911
0.020978
0.020906
0.020797
0.021084
0.020973
0.021112
0.021002
0.021171
0.020888
0.021005
0.021016
