0.009822
0.020678
0.024738
0.024984
0.025002
0.024977
0.024913
0.024882
0.025002
0.024998
0.025010
0.024872
0.024822
0.024831
0.024937
0.025018
0.024992
0.024928
0.024943
0.024883
0.024954
0.024981
0.025007
0.024973
0.024863
0.024814
0.024894
0.024913
0.025001
0.024963
0.024933
0.024985
0.024881
0.025026
0.024920
0.024957
0.024884
0.025067
0.024968
0.025006
0.025091
0.024961
0.025005
0.024936
0.024932
0.024981
0.024966
0.025069
0.024868
0.024949
0.024974
0.024947
0.024924
0.024999
0.024945
0.024979
0.025002
0.024894
0.024947
0.024992
0.024938
0.025072
0.024909
0.024991
0.024844
0.024825
0.024860
0.024911
0.025016
0.024945
0.024846
0.024949
0.024799
0.025047
0.024882
0.025014
0.025013
0.024980
0.025048
0.025012
0.024835
0.024823
0.024954
0.024879
0.024855
0.024931
0.024782
0.024919
0.024940
0.025032
0.024831
0.024760
0.024958
0.025028
0.024892
0.024964
0.024965
0.024887
0.024969
0.024970
0.024843
0.024895
0.025004
0.024941
0.024868
0.024937
0.024915
0.025009
0.025009
0.024844
0.024829
0.024852
0.024940
0.024830
0.024953
0.025010
0.024911
0.025011
0.024902
0.024976
0.024837
0.024995
0.024825
0.024853
0.024847
0.024855
0.024851
0.024928
0.024908
0.024990
0.024889
0.024737
0.024850
0.024963
0.024961
0.025013
0.024808
0.024782
0.024924
0.024890
0.024972
0.024976
0.024944
0.024894
0.024920
0.024929
0.024927
0.024973
0.025023
0.025001
0.025025
0.024965
0.024899
0.024919
0.024995
0.024767
0.024922
0.024701
0.024889
0.024999
0.024877
0.025037
0.024943
0.025047
0.024971
0.024921
0.024881
0.024897
0.024991
0.024904
0.025068
0.024957
0.024938
0.024982
0.024857
0.025006
0.024825
0.024959
0.024957
0.024939
0.024858
0.024916
0.024978
0.024934
0.024914
0.024940
0.025018
0.024954
0.024952
0.024859
0.024966
0.024960
0.024934
0.024880
0.024865
0.024904
0.024872
0.024904
0.024855
0.025000
0.024942
0.024851
0.024775
0.024978
0.024960
0.024946
0.024891
0.025039
0.024897
0.024971
0.024853
0.024971
0.024963
0.024818
0.024978
0.024835
0.025041
0.024938
0.024949
0.024925
0.024942
0.024992
0.024993
0.024915
0.024958
0.024980
0.024951
0.024907
0.025037
0.025115
0.025059
0.025002
0.025020
0.025054
0.025043
0.025089
0.024861
0.024838
0.025041
0.024994
0.024998
0.024944
0.024947
0.025035
0.025064
0.024929
0.025010
0.025021
0.025139
0.025081
0.024867
0.025051
0.024915
0.025000
0.025064
0.025038
0.024969
0.024803
0.025003
0.024985
0.024943
0.024964
0.024789
0.024980
0.024950
0.024972
0.024998
0.025008
0.024861
0.024938
0.024866
0.025043
0.024865
0.024913
0.024934
0.025076
0.025033
0.025028
0.024869
0.024952
0.024917
0.024947
0.024906
0.025009
0.025003
0.025063
0.025039
0.024977
0.024991
0.025001
0.024896
0.024907
0.025004
0.025006
0.024937
0.025022
0.025008
0.025161
0.025006
0.024962
0.024970
0.024964
0.024937
0.024975
0.024990
0.025100
0.024787
0.025034
0.024905
0.024978
0.025077
0.024998
0.025042
0.025069
0.024919
0.025016
0.024800
0.024937
0.024933
0.025063
0.024972
0.024922
0.025026
0.025008
0.025058
0.025090
0.025009
0.024968
0.024857
0.024966
0.025087
0.025017
0.025023
0.024980
0.025011
0.024913
0.024981
0.024797
0.024954
0.025018
0.024979
0.024903
0.024964
0.025018
0.024931
0.024910
0.024933
0.024871
0.024792
0.024923
0.024996
0.024994
0.024984
0.024998
0.025010
0.024943
0.024917
0.025049
0.024842
0.025027
0.025033
0.024945
0.025035
0.025076
0.024976
0.025067
0.024977
0.025066
0.024998
0.024895
0.024995
0.025046
0.024994
0.020859
0.020576
0.020643
0.020700
0.020629
0.020584
0.020622
0.020621
0.020623
0.020723
0.020614
0.020664
0.020613
0.020616
0.020684
0.020519
0.020611
0.020713
0.020741
0.020546
0.020528
0.020574
0.020684
0.020577
0.020673
0.020647
0.020656
0.020755
0.020742
0.020748
0.020674
0.020705
0.020614
0.020696
0.020556
0.020716
0.020653
0.020666
0.020651
0.020701
0.021028
0.020879
0.021053
0.020960
0.021109
0.021035
0.020990
0.021020
0.020952
0.020977
0.020979
0.021022
0.020941
0.020821
0.020971
0.021046
0.021078
0.020893
0.021065
0.020972
0.020918
0.020983
0.021068
0.020994
0.020965
0.021068
0.020960
0.020925
0.020825
0.020900
0.020839
0.020961
0.021050
0.021006
0.021018
0.020911
0.020921
0.020903
0.021039
0.020936
0.020925
0.020876
0.020960
0.020913
0.020947
0.020864
0.020977
0.020882
0.020885
0.020956
0.020876
0.020928
0.021072
0.024877
0.025022
0.025112
0.025082
0.025018
0.025011
0.025061
0.025104
0.025009
0.025121
0.025122
0.025054
0.024926
0.024900
0.025028
0.024897
0.024991
0.024964
0.024921
0.025128
0.025083
0.025023
0.024998
0.025064
0.025094
0.024927
0.024918
0.025002
0.025096
0.025014
0.025055
0.024992
0.024927
0.024982
0.024869
0.025023
0.024947
0.025032
0.020778
0.020782
0.020666
0.020624
0.020671
0.020766
0.020642
0.020704
0.020726
0.020751
0.020564
0.020678
0.020635
0.020687
0.020604
0.020757
0.020713
0.020672
0.020663
0.020771
0.020676
0.020643
0.020656
0.020580
0.020565
0.020812
0.020805
0.020738
0.020628
0.020689
0.020729
0.020778
0.020674
0.020670
0.020534
0.020754
0.020646
0.020630
0.020638
0.020914
0.020863
0.020992
0.020923
0.021010
0.020900
0.020903
0.020793
0.020793
0.020885
0.020876
0.020940
0.020708
0.020834
0.020826
0.020854
0.020929
0.020837
0.020878
0.020778
0.020947
0.020851
0.021013
0.020909
0.020918
0.020884
0.021026
0.020775
0.020838
0.020936
0.020882
0.020883
0.020977
0.020885
0.020921
0.020689
0.020894
0.020758
0.020911
0.020875
0.020877
0.020811
0.020959
0.020824
0.020967
0.020857
0.020849
0.020984
0.020870
0.020791
0.020921
0.020717
0.020878
0.024785
0.024953
0.025073
0.024898
0.025112
0.025041
0.024849
0.024945
0.024978
0.025097
0.025063
0.025063
0.024906
0.024821
0.024837
0.024877
0.025030
0.024949
0.024752
0.024923
0.025022
0.024983
0.024972
0.024964
0.024863
0.024894
0.024945
0.024972
0.024920
0.024903
0.025005
0.025146
0.024941
0.024992
0.024996
0.025123
0.024848
0.025036
0.024917
0.025096
0.025071
0.024923
0.024977
0.025008
0.025127
0.025048
0.024950
0.024932
0.024976
0.024870
0.024903
0.025053
0.024956
0.025121
0.025005
0.025037
0.024896
0.025130
0.024945
0.025022
0.024968
0.024883
0.024984
0.025099
0.024859
0.024986
0.024910
0.024954
0.024860
0.025008
0.024902
0.024956
0.024884
0.025055
0.024984
0.025047
0.024947
0.025009
0.024928
0.024781
0.024854
0.024916
0.024941
0.025060
0.025054
0.025097
0.025059
0.025005
0.024903
0.024982
0.024882
0.025032
0.024955
0.024948
0.024993
0.025143
0.024895
0.025080
0.024908
0.025091
0.024980
0.024984
0.024940
0.025019
0.024869
0.024980
0.024956
0.025083
0.025016
0.024954
0.024824
0.024961
0.025014
0.025047
0.024989
0.024949
0.025037
0.025064
0.024905
0.025021
0.024924
0.024805
0.024899
0.024875
0.024855
0.024926
0.024830
0.024911
0.024905
0.025010
0.025012
0.025039
0.024917
0.024948
0.025121
0.025011
0.025086
0.025109
0.024893
0.024922
0.025059
0.025016
0.024910
0.025004
0.025031
0.025040
0.024975
0.025041
0.024929
0.025061
0.024877
0.025058
0.025119
0.025092
0.024883
0.025146
0.024992
0.024994
0.025043
0.025073
0.024953
0.025113
0.024981
0.024832
0.025040
0.024976
0.025045
0.025068
0.024971
0.025106
0.024813
0.024924
0.024874
0.025094
0.025018
0.025057
0.024970
0.025171
0.024979
0.024924
0.024978
0.024919
0.024890
0.025076
0.024952
0.024935
0.025048
0.025036
0.024984
0.024876
0.024864
0.024822
0.024965
0.025038
0.024894
0.025036
0.024940
0.025082
0.024986
0.024983
0.024952
0.024976
0.024901
0.025110
0.024912
0.025082
0.024873
0.024940
0.024964
0.025033
0.024977
0.025092
0.025148
0.025030
0.025016
0.025026
0.024951
0.024986
0.024986
0.024926
0.024935
0.024988
0.024935
0.025153
0.024926
0.025003
0.024916
0.024895
0.024926
0.025090
0.025039
0.025126
0.025082
0.025104
0.024941
0.024950
0.024975
0.025081
0.024817
0.024934
0.024896
0.024815
0.024934
0.024903
0.025038
0.025104
0.024922
0.024931
0.024829
0.025004
0.024874
0.024985
0.024935
0.025021
0.025039
0.025106
0.025014
0.025058
0.025027
0.025054
0.025039
0.025141
0.024784
0.025083
0.024913
0.025036
0.024980
0.025036
0.024892
0.025018
0.022740
0.020488
0.020561
0.020743
0.020760
0.020756
0.020600
0.020702
0.020572
0.020603
0.020684
0.020603
0.020733
0.020690
0.020612
0.020623
0.020622
0.020700
0.020435
0.020652
0.020571
0.020688
0.020646
0.020682
0.020584
0.020542
0.020575
0.020733
0.020536
0.020692
0.020574
0.020766
0.020684
0.020739
0.020606
0.020712
0.020740
0.020675
0.020577
0.020617
0.020865
0.021017
0.020874
0.020867
0.020971
0.021234
0.021053
0.012825
0.020792
0.012959
0.020794
0.012930
0.020692
0.012913
0.020853
0.013045
0.020846
0.012821
0.020853
0.012941
0.020801
0.011060
0.016988
0.017007
0.018667
0.020824
0.012975
0.020726
0.013168
0.020679
0.012840
0.016817
0.021032
0.011235
0.018466
0.020957
0.017005
0.012943
0.016726
0.021093
0.011025
0.018855
0.020823
0.011032
0.030647
0.015039
0.026651
0.014991
0.026749
0.015004
0.025322
0.021099
0.021533
0.023044
0.021291
0.021196
0.021241
0.013340
0.027038
0.023069
0.021372
0.021170
0.021237
0.021273
0.021212
0.021286
0.021294
0.021393
0.021431
0.021227
0.021322
0.021049
0.021126
0.021380
0.013639
0.023093
0.026705
0.013611
0.026961
0.023119
0.021235
0.013452
0.023106
0.027015
0.021250
0.021205
0.013564
0.026852
0.018785
0.010924
0.022818
0.015234
0.017004
0.018639
