365	296	98	67
363	296	103	64
362	295	104	64
363	297	103	64
365	297	102	64
365	297	102	63
365	297	103	64
366	297	104	64
366	298	104	64
368	298	102	63
368	298	102	63
372	299	102	64
373	300	103	64
375	300	102	63
376	300	101	64
376	301	102	64
376	302	102	63
378	301	102	63
378	302	102	64
379	302	102	64
378	302	102	64
380	302	102	64
381	302	102	64
381	302	102	64
383	303	101	63
384	303	101	64
383	303	101	64
385	304	101	64
385	304	102	63
385	304	101	64
387	305	101	64
388	305	101	63
387	305	102	64
389	306	100	63
388	305	101	64
389	306	101	63
390	306	101	64
391	306	100	64
391	308	100	64
391	308	100	63
392	307	100	62
393	308	100	64
393	308	100	64
393	309	100	64
393	309	100	64
394	309	100	64
395	310	99	64
395	311	99	64
395	311	101	64
396	311	101	64
396	312	100	64
396	312	101	64
396	313	99	64
398	313	98	63
396	314	99	64
392	312	100	66
336	314	112	66
262	315	110	64
196	315	107	65
184	315	98	64
191	315	99	64
190	316	98	63
186	316	99	63
185	317	101	63
186	318	100	62
186	318	99	62
185	318	100	63
183	318	102	66
184	318	102	67
185	319	99	62
185	319	100	63
186	320	100	63
185	320	98	63
185	321	99	63
184	322	100	62
184	321	100	62
184	322	101	62
183	322	100	62
184	322	101	62
183	322	101	62
183	323	100	62
183	323	101	63
183	323	101	63
183	324	100	63
183	324	101	62
183	325	100	62
184	325	99	62
183	325	100	62
183	325	99	63
183	325	99	62
183	326	100	63
183	326	100	63
183	326	99	62
183	328	99	62
183	327	98	62
182	326	100	63
183	328	99	63
183	328	99	61
183	327	99	63
183	328	99	63
183	328	99	63
183	328	99	63
183	328	100	63
183	329	100	63
184	330	98	62
184	330	99	63
184	330	98	63
183	330	100	63
183	330	101	63
184	331	100	63
184	331	100	63
187	318	98	65
185	298	98	66
184	280	98	65
186	281	98	61
186	282	98	61
186	282	98	62
187	282	98	61
186	283	98	62
186	283	100	62
187	283	98	62
186	283	100	63
187	284	100	63
188	284	99	63
187	285	99	63
187	286	100	63
188	286	99	62
188	285	100	63
187	286	100	63
189	287	99	62
189	288	100	63
189	289	100	63
191	289	98	62
190	289	99	62
189	289	100	63
190	290	99	62
190	291	99	62
191	291	99	62
191	291	100	63
191	292	99	63
192	292	99	63
192	292	100	63
193	293	100	63
194	294	98	62
193	294	99	62
193	294	100	63
195	294	98	62
195	295	99	62
194	295	100	62
196	295	99	62
195	295	99	63
195	296	99	62
196	295	98	62
197	295	99	62
197	296	99	63
197	296	99	62
198	296	99	63
198	297	100	63
197	297	100	63
199	297	99	63
199	296	99	63
198	297	99	63
199	297	99	62
199	297	99	62
199	298	99	62
200	298	99	62
201	298	98	62
201	298	98	62
201	299	99	62
201	298	98	62
201	299	100	63
201	299	98	62
200	299	99	63
201	299	99	62
202	299	99	62
201	299	99	62
202	300	99	62
202	299	98	62
202	299	98	62
202	299	98	62
202	299	98	62
203	300	98	62
204	300	97	61
204	300	97	61
203	300	97	61
203	301	97	61
204	301	97	61
203	301	97	61
203	300	97	61
203	300	98	62
203	300	97	62
202	300	97	62
202	300	98	61
203	300	97	61
203	300	96	61
201	299	97	62
201	299	98	62
202	300	98	62
202	299	97	61
201	300	98	62
202	300	97	61
201	299	97	61
201	299	98	62
200	300	98	62
200	299	98	61
199	300	99	62
200	300	98	62
199	300	97	61
198	299	98	62
198	299	97	61
198	299	97	61
197	300	97	61
198	299	97	61
198	299	97	61
197	299	96	61
197	299	96	61
196	299	97	61
195	299	97	60
195	298	98	62
195	298	97	61
192	298	98	62
193	298	98	61
192	298	97	62
192	297	98	62
191	297	98	62
191	298	97	61
190	297	98	62
190	298	97	61
189	298	97	62
189	297	98	61
189	298	97	61
188	298	98	61
188	299	97	61
187	298	98	61
188	298	97	61
187	298	97	61
187	299	98	62
187	298	97	61
186	299	98	62
187	299	97	61
186	299	97	61
186	300	97	61
185	300	97	61
184	300	97	61
184	301	98	62
183	301	98	61
183	302	98	61
182	302	99	61
182	302	98	62
183	303	97	61
182	303	98	61
182	303	97	61
182	304	97	61
182	304	96	61
180	304	97	62
181	304	96	61
180	305	97	62
180	305	97	61
181	306	97	61
180	306	97	61
180	306	97	61
180	307	96	61
180	307	97	62
179	307	97	62
181	308	96	60
180	308	96	61
181	308	96	60
192	309	94	61
213	308	95	63
234	309	93	62
248	309	93	61
247	310	95	60
245	311	95	60
244	311	96	60
245	311	96	60
245	311	96	60
244	312	95	60
246	312	95	60
245	313	95	60
246	312	95	60
245	312	95	60
245	313	96	60
246	313	95	60
246	314	95	60
247	313	94	60
247	314	96	60
247	314	96	60
248	313	95	60
249	313	95	60
249	313	95	60
252	313	95	61
251	313	95	60
251	313	96	61
252	314	95	60
252	314	96	61
254	314	95	60
253	314	96	61
254	315	95	60
254	315	95	61
254	315	95	60
255	316	95	60
255	316	96	61
255	317	95	60
257	317	95	60
256	318	95	60
256	319	95	60
257	319	95	60
257	319	96	60
258	320	95	60
260	320	94	59
259	321	95	60
260	322	94	60
260	323	93	60
260	324	94	59
261	325	94	60
261	325	94	59
261	325	95	60
261	326	94	60
262	326	94	60
262	327	94	61
262	328	95	60
262	329	95	60
263	330	94	60
264	329	95	60
264	330	95	59
265	331	95	60
265	331	95	60
267	328	95	61
268	318	94	60
269	308	93	60
270	302	93	59
269	304	94	60
270	306	93	59
272	307	93	58
272	308	93	58
274	308	91	58
274	308	93	58
276	309	92	58
276	308	92	58
277	309	93	58
278	309	92	59
278	309	93	58
280	309	92	58
280	310	93	59
280	310	93	58
281	310	93	58
283	310	93	59
284	311	93	59
285	311	94	59
285	311	94	59
286	312	94	58
288	312	93	58
289	313	93	58
289	313	94	59
291	313	94	59
292	314	92	58
292	313	94	59
292	314	94	59
294	314	93	59
295	314	93	59
295	315	93	59
296	315	93	58
296	316	93	59
298	316	93	59
298	316	94	59
299	317	93	58
300	317	93	58
301	316	94	58
301	317	94	59
302	316	93	58
303	317	93	59
303	317	93	58
305	317	93	58
305	318	94	58
306	318	93	57
307	318	93	58
308	318	94	58
309	318	93	57
311	319	92	58
311	319	93	58
311	318	94	58
313	319	93	58
313	320	93	58
315	319	93	57
316	320	92	58
316	320	93	58
317	320	93	58
319	320	92	57
319	320	92	58
320	320	92	58
321	320	92	57
322	320	91	57
323	321	92	58
323	321	92	58
323	321	92	58
324	321	92	57
326	321	91	57
326	321	92	57
326	321	92	57
328	322	92	58
328	322	91	57
328	322	91	57
329	322	90	57
329	322	92	58
330	322	91	57
330	322	91	57
329	322	93	58
330	323	91	57
332	322	91	57
331	324	93	58
332	323	91	57
332	324	92	58
333	325	91	57
333	324	91	57
333	325	93	58
334	326	91	57
334	326	90	57
335	327	91	58
335	327	90	57
335	328	91	58
336	328	90	57
336	328	91	57
337	329	90	57
337	329	90	57
337	330	90	57
337	330	90	57
338	332	90	58
338	333	90	57
338	332	90	57
338	334	91	58
338	334	91	57
340	335	90	57
339	336	91	57
339	337	91	57
340	337	91	57
339	338	92	58
339	339	92	57
340	340	91	57
340	340	91	57
341	341	90	57
341	341	91	57
340	342	91	57
342	343	89	56
341	344	90	57
341	344	90	56
342	345	90	56
341	346	90	57
341	346	91	56
342	347	90	57
342	347	91	56
342	348	91	56
342	348	91	56
342	348	90	56
342	349	91	56
342	349	90	56
343	350	90	56
343	350	90	55
343	351	91	56
343	351	90	55
342	351	90	56
343	352	90	55
343	352	90	56
343	351	89	55
343	352	90	56
343	352	89	56
342	352	90	56
342	353	90	55
342	353	89	56
342	352	90	55
343	353	89	55
342	353	89	55
342	353	90	55
342	350	90	56
343	341	91	57
343	331	89	56
343	332	89	55
343	333	89	56
343	334	89	56
342	334	88	55
341	334	89	56
342	335	89	55
343	335	88	55
342	336	89	56
341	336	89	55
341	336	89	56
340	337	89	55
341	337	89	55
340	337	88	55
340	338	88	55
340	339	88	56
341	338	88	55
340	339	88	56
339	339	89	56
340	339	88	56
339	340	89	56
339	335	88	57
339	325	88	58
338	315	88	57
338	317	88	56
339	318	86	56
338	320	87	56
337	320	87	56
338	320	87	56
338	321	86	56
337	320	87	56
338	321	87	56
338	321	87	56
337	321	86	56
337	322	86	57
337	322	87	56
337	323	86	56
337	322	86	55
337	323	86	56
335	323	87	56
335	322	86	56
336	323	87	57
335	323	87	55
335	322	88	56
335	323	87	57
335	323	86	56
335	323	86	57
335	322	86	56
335	322	87	56
335	322	86	55
334	322	85	55
335	322	86	56
334	322	87	56
335	321	86	54
335	321	86	55
334	321	87	55
334	321	86	54
335	321	87	55
335	321	86	54
334	321	86	55
334	320	86	55
334	321	86	55
334	321	86	54
334	321	85	54
334	319	86	55
333	319	87	56
333	319	86	54
334	320	86	54
335	319	86	54
334	318	86	54
334	318	86	54
334	318	86	54
334	318	86	54
334	317	86	54
333	317	86	54
333	317	86	54
333	317	86	53
334	317	86	54
333	316	86	54
333	316	86	54
333	316	85	53
333	316	86	53
333	317	85	54
332	316	86	53
332	316	86	54
332	316	86	53
331	316	86	54
332	316	85	53
331	316	86	54
331	317	85	53
329	317	86	54
330	317	85	53
330	317	85	53
330	317	85	54
330	317	85	53
329	318	85	53
329	318	85	53
329	318	85	53
328	318	85	53
328	318	84	53
328	319	85	53
328	319	84	52
327	320	84	52
326	319	85	52
327	320	83	52
325	320	84	51
326	321	84	52
324	320	84	51
325	321	84	52
325	322	84	52
323	322	84	52
322	322	84	52
322	320	83	52
320	310	86	55
321	300	84	55
321	293	84	54
320	294	82	52
320	296	81	51
320	297	81	50
318	297	81	50
319	298	80	50
318	298	81	49
316	298	81	50
317	298	81	50
316	299	81	50
315	298	81	50
315	299	79	48
313	299	81	49
313	300	80	49
313	300	80	49
311	300	80	49
310	300	81	49
310	300	80	49
308	299	81	49
308	300	80	49
307	300	81	48
307	300	80	48
306	300	80	48
305	299	80	48
305	299	80	48
304	299	80	48
304	299	79	48
303	299	80	48
302	299	80	47
300	298	80	48
301	299	80	49
299	299	81	48
300	300	80	49
299	299	80	48
299	299	80	48
297	299	82	48
297	299	81	49
296	300	82	49
295	299	82	49
295	299	82	49
295	300	82	49
295	299	82	48
294	299	82	49
295	299	81	49
294	300	81	48
295	300	80	49
294	300	81	49
293	300	81	48
293	301	80	48
292	301	81	48
291	300	79	49
291	300	81	49
291	301	81	49
291	301	81	49
291	301	80	49
290	302	81	49
290	302	79	49
289	302	81	49
288	302	81	49
289	302	79	48
288	302	80	48
288	302	80	49
288	302	80	49
288	303	78	48
287	303	80	48
287	304	79	48
287	304	79	48
287	303	79	48
287	303	79	48
285	303	78	48
285	303	79	49
285	303	79	49
286	304	77	48
285	304	78	48
285	303	78	48
285	304	79	49
283	303	79	49
284	303	79	49
284	304	78	48
284	304	78	48
283	303	79	50
282	302	78	49
282	303	78	49
282	304	78	48
282	304	78	50
280	302	78	50
280	303	79	51
279	302	79	51
280	303	78	50
280	303	77	49
279	301	78	50
279	302	79	51
280	302	77	50
278	301	78	50
278	302	78	51
278	302	78	50
278	301	77	50
278	302	78	51
277	302	76	50
278	303	77	49
278	303	78	51
277	302	76	50
277	302	77	50
277	301	77	49
277	303	77	50
277	303	77	50
277	303	77	49
276	303	78	51
277	302	77	51
277	303	75	50
277	303	77	51
276	304	76	50
276	303	77	50
275	303	76	50
276	303	76	50
275	303	77	50
275	303	76	49
275	303	76	48
276	304	76	50
275	304	77	49
275	303	77	49
275	304	77	50
274	304	77	50
275	304	76	49
275	304	76	50
275	304	75	49
274	305	75	48
273	304	77	49
273	303	76	48
273	304	76	48
273	305	76	50
272	305	76	49
272	305	76	48
272	305	76	49
271	304	76	48
271	305	76	49
270	305	75	49
271	304	76	50
269	304	75	48
269	304	77	49
268	305	77	49
269	305	76	49
267	295	76	51
266	285	77	52
268	279	75	50
267	280	74	50
267	282	75	48
267	282	73	48
267	282	73	49
266	283	74	50
266	283	74	51
266	284	74	50
266	284	72	49
266	285	72	50
265	284	72	49
265	285	72	50
266	285	70	49
262	285	73	51
264	284	70	48
263	285	72	51
262	285	72	49
260	285	72	50
260	285	71	48
259	284	72	49
258	285	72	49
257	284	72	48
256	284	72	48
255	284	73	48
256	285	71	48
253	284	72	48
250	284	76	50
256	286	68	47
251	284	74	50
255	285	67	46
249	283	73	50
256	285	67	47
247	284	73	48
254	284	68	47
248	283	73	48
246	283	75	49
247	284	73	47
245	284	74	48
244	284	74	48
246	285	72	46
244	284	73	47
244	285	73	47
238	284	77	49
240	286	76	48
237	285	77	48
236	285	76	48
235	285	77	50
234	286	77	47
233	286	77	47
233	286	76	46
230	287	78	47
230	287	75	46
227	288	78	47
229	288	77	46
226	289	78	47
225	288	78	47
222	288	81	50
224	288	79	49
222	288	78	49
221	288	79	51
220	289	79	50
221	289	79	50
220	289	78	51
218	290	80	52
219	290	78	51
217	290	77	51
218	290	76	51
215	291	78	51
216	291	76	51
215	291	76	51
214	291	75	51
212	291	76	52
212	293	75	49
211	292	76	51
210	291	76	50
209	292	77	50
207	292	76	50
207	294	76	50
207	295	75	49
206	295	75	49
206	296	76	51
205	296	77	51
203	296	77	52
202	296	77	50
202	297	78	50
200	297	79	52
200	298	78	50
198	299	80	51
198	300	79	50
198	301	79	51
198	301	78	50
196	301	78	50
196	302	78	51
195	302	78	50
195	303	77	50
194	304	75	49
194	304	75	49
193	304	75	49
193	305	75	49
192	305	75	49
192	305	75	50
191	306	75	49
191	306	74	49
191	306	74	50
191	307	74	50
189	307	75	51
190	308	74	50
190	308	74	50
190	309	75	50
188	307	75	51
188	308	76	51
187	309	76	50
188	309	75	50
188	309	74	50
187	310	75	50
186	310	76	50
186	311	76	50
185	310	77	51
186	311	75	51
184	311	77	51
185	311	76	51
184	312	77	51
184	313	76	51
184	314	77	50
184	314	76	50
184	314	76	50
185	315	76	50
185	315	76	50
186	315	76	50
186	315	75	51
185	316	76	50
185	316	75	50
186	316	76	52
187	318	75	51
188	318	74	50
188	319	73	50
188	318	73	50
188	319	74	50
190	320	73	49
189	320	73	50
189	320	74	50
190	320	74	50
188	320	75	51
191	321	74	50
192	322	73	50
194	322	71	49
192	321	73	50
195	322	71	50
197	318	69	50
196	307	72	51
195	298	72	50
196	300	73	51
197	302	72	51
198	302	72	51
199	302	72	50
200	303	71	49
197	304	74	51
202	304	70	49
199	305	74	50
202	304	72	49
202	304	73	50
205	305	71	48
205	305	71	50
207	305	70	48
207	305	70	49
207	306	69	48
211	305	68	47
209	306	72	49
213	307	68	46
215	306	68	48
215	306	68	48
216	307	67	47
218	307	66	46
216	306	70	48
218	306	70	47
219	306	70	46
221	308	69	47
223	308	67	46
225	308	67	48
227	309	68	47
228	308	69	47
231	309	67	47
231	309	67	46
232	310	67	48
235	310	66	46
235	310	67	48
237	310	68	48
238	309	68	48
239	309	69	48
240	309	71	48
242	309	71	49
245	309	70	48
246	307	71	48
247	308	70	48
249	309	70	47
251	309	68	45
252	309	69	47
255	310	68	47
255	309	69	47
258	310	68	47
259	310	69	48
261	308	70	48
263	308	68	46
267	311	67	45
265	312	69	48
267	310	70	48
269	311	69	48
270	310	69	48
274	311	68	47
275	310	67	47
277	311	68	47
278	310	68	48
280	309	68	47
280	309	68	47
284	309	66	47
285	310	67	47
287	310	66	46
290	310	64	45
292	311	64	44
293	309	64	45
294	310	64	45
295	308	64	45
297	308	65	45
298	306	66	47
300	307	67	46
300	306	66	46
302	308	66	45
303	307	67	45
303	307	68	46
305	306	67	46
307	307	68	46
305	306	70	47
309	305	69	47
311	306	68	46
312	305	67	47
315	306	67	46
316	306	67	46
315	305	68	46
318	306	68	47
320	306	67	45
321	306	67	45
322	307	67	45
323	306	67	45
325	306	69	45
326	306	68	45
327	306	68	46
328	306	68	45
330	307	68	45
331	306	68	45
332	306	68	45
335	307	67	45
335	307	67	45
337	308	66	44
337	306	67	46
337	307	67	45
338	307	68	46
339	307	69	46
340	307	68	45
339	307	69	47
341	307	68	46
341	307	68	46
342	307	67	46
343	307	68	47
343	308	69	46
344	308	68	46
343	308	69	47
344	308	69	46
