0.007821
0.016328
0.020733
0.020542
0.020602
0.020747
0.020823
0.020541
0.020622
0.020704
0.020918
0.020971
0.020913
0.020867
0.020829
0.020849
0.020944
0.020931
0.020949
0.021070
0.020889
0.020895
0.020868
0.021048
0.020898
0.020982
0.020962
0.020871
0.020869
0.020814
0.020967
0.020943
0.021055
0.020958
0.020854
0.020777
0.020940
0.020944
0.020980
0.020786
0.020905
0.020871
0.020938
0.020874
0.020864
0.021018
0.020881
0.020960
0.020921
0.020861
0.021096
0.020993
0.020934
0.020879
0.021013
0.020874
0.020954
0.020900
0.020893
0.020984
0.020863
0.020994
0.024894
0.024909
0.025081
0.025081
0.024975
0.025064
0.024933
0.024924
0.024933
0.025059
0.024955
0.025002
0.024875
0.025041
0.025079
0.025136
0.025122
0.024847
0.024967
0.024993
0.025068
0.025069
0.025008
0.024991
0.025030
0.025010
0.024868
0.024921
0.025153
0.025172
0.024978
0.025090
0.025077
0.025121
0.025110
0.024956
0.025126
0.024794
0.025009
0.025016
0.024861
0.024918
0.024905
0.025036
0.025121
0.025093
0.024937
0.024978
0.025036
0.024930
0.025126
0.025015
0.025056
0.024842
0.025023
0.025078
0.025157
0.025003
0.025101
0.025024
0.024925
0.025086
0.025158
0.025024
0.024992
0.025017
0.025016
0.025059
0.024999
0.024879
0.025050
0.024997
0.024857
0.024899
0.025118
0.024912
0.025072
