0.005832
0.014376
0.016607
0.016644
0.016727
0.016578
0.016715
0.016712
0.016750
0.016599
0.016672
0.016598
0.016639
0.016664
0.016785
0.016820
0.016629
0.016575
0.016706
0.016737
0.016671
0.016753
0.016728
0.016723
0.016658
0.016955
0.016942
0.016879
0.016958
0.017029
0.020946
0.020947
0.021074
0.021052
0.020930
0.021028
0.020959
0.021002
0.021046
0.021079
0.020944
0.020942
0.020931
0.021169
0.021055
0.021048
0.021017
0.021050
0.021076
0.020957
0.020924
0.021073
0.021087
0.020864
0.020912
0.021095
0.020999
0.021154
0.021039
0.021009
0.021034
0.021174
0.020973
0.020956
0.020916
0.020951
0.020974
0.021085
0.021098
0.020881
0.021044
0.020838
0.021037
0.021056
0.021099
0.021127
0.021095
0.021097
0.024840
0.024932
0.025173
0.025075
0.025109
0.024892
0.025160
0.024879
0.025208
0.024948
0.024998
0.025069
0.025167
0.024944
0.025102
0.024961
0.025075
0.025175
0.024992
0.025122
0.024904
0.025038
0.025126
0.025008
0.025046
0.024978
0.025098
0.025115
0.025012
0.025160
0.025120
0.025038
0.025148
0.025171
0.025123
0.025136
0.025077
0.025127
0.025253
0.024995
0.025198
0.024981
0.025113
0.025036
0.024957
0.025117
0.025053
0.025003
0.025119
0.024890
0.025105
0.025020
0.025080
0.025075
0.025095
0.025085
0.025088
0.025064
0.025105
0.025181
0.025086
0.025105
0.025049
0.025059
0.024952
0.025198
0.025152
0.025031
0.024925
0.024911
0.024969
0.025111
0.025056
0.024956
0.025106
0.025005
0.025059
0.025204
0.025053
0.025086
0.025029
0.025068
0.025017
0.025106
0.025127
0.024952
0.024972
0.025023
0.025195
0.024894
0.025117
0.024948
0.024942
0.025077
0.024981
0.025136
0.024995
0.024992
0.025022
0.025007
0.025016
0.025069
0.025020
0.024930
0.025056
0.024967
0.024868
0.024914
0.025043
0.025053
0.025131
0.025152
0.025030
0.025053
0.024879
0.025054
0.024998
0.025107
0.025095
0.024911
0.025032
0.025109
0.025025
0.025081
0.025094
0.025117
0.025110
0.025051
0.024989
0.024999
0.025103
0.025070
0.025104
0.025179
0.025084
0.025038
0.024976
0.025006
0.025115
0.025023
0.025059
0.025130
0.024980
0.025004
0.025004
0.024917
0.025103
0.024936
0.025011
0.024987
0.024863
0.024956
0.025289
0.025098
0.024989
0.024981
0.025166
0.025044
0.025101
0.025152
0.025069
0.024878
0.025095
0.024902
0.025119
0.024983
0.025096
0.024938
0.025028
0.025166
0.025174
0.025087
0.025043
0.025120
0.025202
0.025040
0.024974
0.025175
0.025076
0.025162
0.024945
0.025089
0.025154
0.025114
0.025150
0.025079
0.025058
0.024972
0.025054
0.024814
0.025139
0.024867
0.025064
0.025109
0.025075
0.024936
0.025002
0.024988
0.024989
0.025095
0.025096
0.025246
0.024985
0.025053
0.025061
0.024885
0.025079
0.025158
0.024959
0.025012
0.025065
0.025161
0.025016
0.025021
0.025061
0.025060
0.024967
0.025078
0.025043
0.025003
0.024977
0.024995
0.025092
0.025105
0.024983
0.025162
0.025133
0.024990
0.025131
0.025064
0.025033
0.025054
0.024966
0.025107
0.025195
0.024883
0.024973
0.025031
0.025035
0.024976
0.025169
0.025072
0.024976
0.025138
0.025141
0.025150
0.025086
0.025111
0.025046
0.024943
0.025107
0.024959
0.024933
0.025129
0.025032
0.025133
0.025032
0.025001
0.024932
0.025014
0.025019
0.025067
0.024995
0.025149
0.025040
0.024913
0.025010
0.025083
0.024975
0.025114
0.025085
0.025207
0.025013
0.025095
0.024999
0.025137
0.025195
0.024985
0.025112
0.024894
0.025060
0.025053
0.025021
0.024990
0.025105
0.024966
0.025162
0.024925
0.024997
0.025192
0.024960
0.024985
0.025015
0.025082
0.024934
0.024939
0.025109
0.025020
0.024938
0.024808
0.024976
0.024867
0.025016
0.024882
0.025087
0.025126
0.025037
0.025080
0.025087
0.024868
0.025174
0.024983
0.025093
0.025023
0.024950
0.024942
0.025043
0.025142
0.025028
0.025095
0.025034
0.025001
0.024954
0.025032
0.025032
0.025202
0.025134
0.024909
0.025110
0.024853
0.022796
0.020524
0.020668
0.020572
0.020689
0.020512
0.020693
0.020718
0.020636
0.020657
0.020622
0.020646
0.020716
0.020582
0.020724
0.020601
0.020526
0.020573
0.020561
0.020423
0.020751
0.020621
0.020562
0.020488
0.020655
0.020698
0.020610
0.020572
0.020655
0.020605
0.020682
0.020636
0.020589
0.020568
0.020570
0.020602
0.020706
0.020499
0.020674
0.020813
0.021065
0.020911
0.021013
0.020923
0.020903
0.021000
0.020895
0.020879
0.020905
0.021058
0.021069
0.021126
0.020969
0.020834
0.020890
0.020961
0.020902
0.021052
0.020996
0.021034
0.021067
0.020839
0.020912
0.020910
0.021098
0.020797
0.021001
0.020906
0.021061
0.020888
0.020733
0.020849
0.021045
0.021069
0.020753
0.020920
0.020818
0.021040
0.020965
0.020875
0.021082
0.020660
0.020849
0.020778
0.020810
0.020898
0.020904
0.020908
0.021037
0.020875
0.020972
0.020949
0.023044
0.024892
0.024989
0.025115
0.025038
0.024921
0.025110
0.024943
0.024918
0.024969
0.024857
0.024926
0.025065
0.024982
0.024927
0.025036
0.025018
0.024842
0.025027
0.025038
0.024891
0.024918
0.024929
0.024920
0.024985
0.025150
0.024968
0.024939
0.024978
0.025137
0.024976
0.025031
0.024943
0.024892
0.024993
0.024826
0.024923
0.025002
0.024911
0.025146
0.025098
0.024992
0.024951
0.024940
0.025021
0.024893
0.024893
0.024955
0.025031
0.025075
0.024898
0.025103
0.025028
0.025030
0.024993
0.024745
0.024909
0.024994
0.024947
0.024747
0.024966
0.025175
0.025077
0.025024
0.024937
0.024830
0.025023
0.024885
0.024821
0.024957
0.024917
0.024855
0.024999
0.025031
0.024992
0.025035
0.025128
0.025014
0.025110
0.025031
0.024958
0.025033
0.024988
0.025055
0.025153
0.025011
0.024981
0.024891
0.024842
0.024998
0.025144
0.025064
0.024931
0.024886
0.025012
0.024984
0.024907
0.024897
0.024955
0.024854
0.025003
0.024979
0.024983
0.024969
0.024945
0.025035
0.024870
0.025111
0.024912
0.025068
0.024929
0.024976
0.024971
0.024909
0.024940
0.025006
0.025027
0.025053
0.025135
0.025105
0.025004
0.025046
0.024822
0.024944
0.024815
0.024912
0.025111
0.024891
0.024973
0.025071
0.025149
0.024902
0.024988
0.024793
0.024988
0.024958
0.024956
0.024956
0.025161
0.024922
0.024800
0.024877
0.025093
0.024945
0.024957
0.025139
0.024956
0.024860
0.024885
0.024994
0.025050
0.025038
0.024977
0.024917
0.025003
0.024967
0.024869
0.024944
0.025099
0.024963
0.024943
0.025007
0.025101
0.025134
0.025033
0.024939
0.025092
0.024965
0.024890
0.025023
0.025038
0.024959
0.025003
0.025162
0.024894
0.024997
0.024994
0.024963
0.024888
0.024914
0.025083
0.025085
0.025054
0.025149
0.025052
0.024945
0.025067
0.025023
0.024967
0.025000
0.024820
0.024997
0.025209
0.025168
0.025069
0.024953
0.025070
0.025122
0.025234
0.024822
0.025075
0.025068
0.024959
0.024969
0.024935
0.024795
0.025060
0.024930
0.024901
0.024922
0.025068
0.025098
0.025015
0.024987
0.024965
0.025020
0.024967
0.024974
0.025047
0.024854
0.025036
0.024948
0.025100
0.025092
0.025037
0.025007
0.025012
0.020706
0.020626
0.020681
0.020688
0.020638
0.020583
0.020712
0.020606
0.020733
0.020718
0.020638
0.020508
0.020698
0.020833
0.020744
0.020570
0.020715
0.020604
0.020649
0.020587
0.020519
0.020646
0.020617
0.020602
0.020648
0.020639
0.020643
0.020504
0.020742
0.020775
0.020587
0.020646
0.021135
0.014748
0.018726
0.020541
0.012566
0.020669
0.012607
0.020653
0.011127
0.018598
0.020985
0.011170
0.018658
0.020804
0.012941
0.020719
0.012913
0.021051
0.012982
0.020902
0.011079
0.017155
0.017076
0.018535
0.014885
0.017367
0.017118
0.017010
0.018577
0.014831
0.017410
0.016907
0.018716
0.020709
0.012952
0.020725
0.011345
0.016454
0.019236
0.020953
0.012874
0.020786
0.012908
0.020781
0.012938
0.020782
0.012905
0.020910
0.011324
0.022913
0.013294
0.014964
0.017111
0.027262
0.021347
0.021395
0.013419
0.023438
0.026790
0.013439
0.023545
0.018881
0.023448
0.018884
0.023491
0.018810
0.023277
0.027010
0.021273
0.021321
0.021376
0.021333
0.013362
0.023583
0.026749
0.013424
0.023377
0.026707
0.013624
0.023338
0.026804
0.013435
0.021455
0.023415
0.026784
0.013415
0.023506
0.026856
0.013432
0.023466
0.026690
0.013433
0.023518
0.026737
0.013518
0.025069
0.017119
0.033251
0.028843
0.021462
0.028929
0.021386
0.028849
0.021433
0.018885
0.033119
0.018897
0.032903
0.021427
0.028812
0.021376
0.028784
0.021409
0.028872
0.021377
0.028862
0.021458
0.028826
0.021418
0.028875
0.021435
0.028855
0.021371
0.028846
0.021498
0.028898
0.021517
0.028835
0.021385
0.028870
0.021384
0.028918
0.021448
0.028882
0.021437
0.028930
0.021466
0.028961
0.021439
0.028892
0.021404
0.028822
0.021463
0.028815
0.021377
0.028733
0.021430
0.028902
0.021378
0.028828
0.021394
0.028827
0.021374
0.028851
0.021479
0.028880
0.021386
0.028875
0.021348
0.028856
0.021404
0.028937
0.021342
0.028983
0.021458
0.028788
0.021390
0.028865
0.021358
0.028785
0.021408
0.029014
0.021428
0.028925
0.021411
0.028771
0.021316
0.028843
0.021423
0.028915
0.021452
0.028985
0.021620
0.028919
0.021587
0.028903
0.021433
0.028863
0.021401
0.028882
0.021411
