0.005847
0.018265
0.020658
0.020869
0.020750
0.020838
0.021150
0.021136
0.021085
0.021011
0.021083
0.021045
0.020969
0.021017
0.020905
0.021017
0.021061
0.021111
0.021015
0.021155
0.021133
0.021005
0.021041
0.021054
0.020919
0.017049
0.016650
0.017116
0.017218
0.017041
0.012810
0.012685
0.012866
0.012697
0.012734
0.012801
0.012572
0.012760
0.012907
0.012678
0.012831
0.012672
0.012756
0.012726
0.012777
0.012682
0.016394
0.016385
0.016409
0.016499
0.016312
0.016507
0.016391
0.016546
0.016507
0.016429
0.016415
0.016320
0.016431
0.016486
0.016430
0.016379
0.016469
0.016488
0.016281
0.016468
0.016327
0.016472
0.016523
0.016494
0.016464
0.016380
0.016347
0.016415
0.016430
0.016521
0.016547
0.016866
0.016837
0.016620
0.016643
0.016743
0.016799
0.016976
0.017085
0.016897
0.017033
0.016944
0.017004
0.016853
0.016990
0.016915
0.017166
0.016953
0.017072
0.017063
0.017115
0.016902
0.017118
0.016860
0.017148
0.017074
0.017057
0.016968
0.016936
0.016904
0.017039
0.017118
0.016998
0.016981
0.016971
0.017043
0.016933
0.017036
0.017080
0.016966
0.016970
0.016980
0.016992
0.017123
0.017106
0.016949
0.016894
0.016905
0.016979
0.017041
0.016996
0.017042
0.016943
0.019277
0.020848
0.021053
0.020961
0.021016
0.021045
0.024959
0.024896
0.025179
0.025132
0.025111
0.025099
0.024968
0.025149
0.025159
0.025122
0.025033
0.024992
0.024963
0.025082
0.025189
0.025147
0.025063
0.025006
0.025043
0.025066
0.025128
0.025211
0.025168
0.024961
0.025037
0.025079
0.025046
0.025188
0.025109
0.025085
0.025122
0.025039
0.025149
0.025120
0.025124
0.025054
0.025220
0.025105
0.025205
0.025206
0.025168
0.025195
0.025021
0.025157
0.025152
0.025131
0.025240
0.024981
0.025084
0.025058
0.025136
0.025035
0.025172
0.025075
0.025177
0.025144
0.025022
0.025173
0.025117
0.025094
0.025167
0.025038
0.025109
0.025029
0.024979
0.025072
0.025055
0.025130
0.025156
0.024999
0.025019
0.025015
0.025218
0.025072
0.025175
0.025165
0.025114
0.025250
0.025163
0.024946
0.025055
0.025163
0.024999
0.025108
0.025082
0.024920
0.025115
0.025161
0.025174
0.025028
0.024928
0.025093
0.025256
0.025089
0.025071
0.025200
0.025073
0.025082
0.025121
0.025059
0.024989
0.025215
0.025008
0.025083
0.025115
0.025081
0.025206
0.025150
0.025052
0.024960
0.025081
0.025084
0.024992
0.025150
0.025186
0.025066
0.025227
0.025064
0.025194
0.024996
0.025165
0.025004
0.025089
0.024994
0.025007
0.025016
0.025138
0.025100
0.025122
0.025092
0.024919
0.025052
0.025162
0.025165
0.025171
0.024963
0.025004
0.025025
0.025032
0.025182
0.025134
0.025128
0.025069
0.025031
0.025169
0.025071
0.025084
0.025206
0.025170
0.025162
0.025088
0.025077
0.025097
0.025168
0.024962
0.025110
0.024914
0.024971
0.025151
0.025091
0.025148
0.025105
0.025095
0.025120
0.025152
0.024977
0.025097
0.025197
0.025039
0.025253
0.025045
0.025140
0.025108
0.025037
0.025156
0.025013
0.025109
0.025191
0.025106
0.025052
0.025057
0.025219
0.025115
0.025043
0.025160
0.025188
0.025111
0.025179
0.025032
0.025101
0.025206
0.025137
0.024996
0.025111
0.025048
0.025055
0.025133
0.025016
0.025204
0.025145
0.025065
0.024886
0.025213
0.025180
0.025090
0.025138
0.025199
0.025067
0.025126
0.025031
0.025133
0.025147
0.025017
0.025120
0.024997
0.025288
0.025147
0.025033
0.025136
0.025161
0.025134
0.025158
0.025015
0.025133
0.025191
0.024958
0.024971
0.025176
0.025239
0.025165
0.025146
0.025196
0.025203
0.025193
0.025173
0.025011
0.024984
0.025265
0.025148
0.025116
0.025069
0.025137
0.025141
0.025249
0.025077
0.025167
0.025174
0.025295
0.025208
0.025069
0.025171
0.025135
0.025153
0.025187
0.025219
0.025104
0.024919
0.025210
0.025073
0.025084
0.025040
0.025003
0.025127
0.025092
0.025054
0.025177
0.025171
0.024951
0.025072
0.025023
0.025146
0.025071
0.025040
0.025051
0.025246
0.025132
0.025185
0.024957
0.025158
0.025061
0.025060
0.025084
0.025181
0.025132
0.025223
0.025179
0.025174
0.025100
0.025166
0.025057
0.025042
0.025179
0.025176
0.025062
0.025199
0.025215
0.025247
0.025080
0.024989
0.025061
0.025062
0.025032
0.025056
0.025153
0.025201
0.024804
0.025139
0.024976
0.025078
0.025206
0.025155
0.025180
0.025159
0.025071
0.025060
0.024963
0.025059
0.024994
0.025240
0.025054
0.025057
0.025130
0.025133
0.025205
0.025219
0.025113
0.025075
0.025005
0.025049
0.025242
0.025046
0.025176
0.025054
0.025104
0.024897
0.025041
0.024926
0.025003
0.025080
0.025121
0.024962
0.025003
0.025112
0.025056
0.025053
0.025023
0.024929
0.024909
0.025047
0.025051
0.025120
0.025075
0.025082
0.025114
0.024973
0.024998
0.025122
0.024923
0.025093
0.025097
0.024967
0.025067
0.025191
0.024999
0.025150
0.025075
0.025170
0.025046
0.024893
0.025077
0.025160
0.025046
0.020804
0.020681
0.020689
0.020822
0.020674
0.020727
0.020718
0.020628
0.020781
0.020797
0.020632
0.020781
0.020621
0.020668
0.020679
0.020500
0.020672
0.020790
0.020724
0.020633
0.020522
0.020634
0.020740
0.020593
0.020709
0.020749
0.020684
0.020844
0.020768
0.020768
0.020730
0.020734
0.020683
0.020688
0.020619
0.020781
0.020724
0.020674
0.020747
0.020893
0.021049
0.020922
0.021135
0.020942
0.021206
0.021016
0.021037
0.021056
0.020984
0.021034
0.021039
0.021061
0.021033
0.020814
0.021049
0.021084
0.021098
0.020934
0.021161
0.020941
0.021022
0.020980
0.021123
0.021062
0.020996
0.021060
0.021045
0.020928
0.020859
0.020924
0.020943
0.020998
0.021060
0.021049
0.021071
0.020898
0.020956
0.020934
0.021034
0.021051
0.020934
0.020864
0.020943
0.020930
0.021040
0.020835
0.020986
0.020852
0.020975
0.020933
0.020971
0.020952
0.023229
0.024864
0.025074
0.025176
0.025117
0.024992
0.025065
0.025176
0.025062
0.025032
0.025141
0.025102
0.025024
0.024937
0.024981
0.024979
0.024945
0.024938
0.025045
0.024983
0.025095
0.025118
0.025063
0.025015
0.025054
0.025126
0.024871
0.024987
0.025056
0.025048
0.025133
0.025036
0.024938
0.024934
0.025053
0.024863
0.025057
0.024880
0.025126
0.020812
0.020796
0.020724
0.020619
0.020696
0.020833
0.020633
0.020717
0.020692
0.020742
0.020608
0.020745
0.020594
0.020672
0.020643
0.020752
0.020714
0.020722
0.020638
0.020794
0.020731
0.020609
0.020687
0.020572
0.020622
0.020853
0.020853
0.020695
0.020683
0.020738
0.020788
0.020734
0.020658
0.020692
0.020578
0.020763
0.020586
0.020643
0.020739
0.020867
0.020869
0.020968
0.020979
0.021064
0.020873
0.020972
0.020743
0.020893
0.020966
0.020893
0.020890
0.020766
0.020938
0.020852
0.020996
0.020927
0.020872
0.020935
0.020812
0.021065
0.020903
0.021075
0.020877
0.020951
0.021006
0.020959
0.020830
0.020891
0.020973
0.020879
0.020952
0.020946
0.020960
0.020892
0.020801
0.020931
0.020915
0.020890
0.020991
0.020884
0.020921
0.021028
0.020899
0.021039
0.020940
0.020954
0.021050
0.020943
0.020859
0.020983
0.020745
0.021003
0.024877
0.025043
0.025096
0.024960
0.025153
0.025073
0.024891
0.025039
0.025120
0.025056
0.025120
0.025072
0.024868
0.024876
0.024971
0.024932
0.025034
0.024970
0.024881
0.024911
0.025100
0.025067
0.024982
0.025058
0.024863
0.025023
0.024991
0.025015
0.025017
0.024963
0.025145
0.025117
0.025062
0.024998
0.025077
0.025100
0.024922
0.025023
0.024987
0.025143
0.025060
0.024944
0.025009
0.025126
0.025150
0.025091
0.024881
0.025039
0.024934
0.024916
0.025000
0.025080
0.024950
0.025173
0.025023
0.025157
0.024911
0.025154
0.024997
0.025052
0.024978
0.025049
0.025004
0.025072
0.024970
0.024964
0.024998
0.024938
0.024985
0.025108
0.024974
0.024998
0.024891
0.025096
0.025042
0.025101
0.024997
0.025063
0.024982
0.024780
0.024919
0.024990
0.024988
0.025122
0.025102
0.025035
0.025069
0.024992
0.024962
0.024906
0.024943
0.025091
0.024993
0.024932
0.025120
0.025168
0.024913
0.025160
0.024945
0.025069
0.025040
0.025006
0.024932
0.025033
0.024898
0.025026
0.025062
0.025134
0.024992
0.024953
0.024880
0.025026
0.025037
0.025040
0.024967
0.025024
0.025004
0.025074
0.024921
0.024977
0.024953
0.024807
0.024881
0.024906
0.024830
0.024978
0.024895
0.024903
0.024898
0.025096
0.024963
0.025066
0.025007
0.025025
0.025105
0.025089
0.025107
0.025177
0.024842
0.025074
0.025077
0.025007
0.025026
0.025061
0.025032
0.025107
0.024985
0.025101
0.024954
0.025120
0.024947
0.025105
0.025172
0.025115
0.024954
0.025174
0.025000
0.025036
0.025109
0.025115
0.024981
0.025131
0.024981
0.024860
0.025105
0.025051
0.025028
0.025189
0.025072
0.025100
0.024885
0.024899
0.024932
0.025158
0.025047
0.025089
0.025070
0.025215
0.025083
0.024980
0.025017
0.024931
0.025070
0.025028
0.025019
0.025117
0.025141
0.025094
0.025068
0.024977
0.024908
0.024944
0.024999
0.025111
0.024929
0.025042
0.025114
0.025108
0.025081
0.025035
0.025035
0.025069
0.024984
0.025152
0.025037
0.025055
0.025017
0.025059
0.025006
0.025120
0.025080
0.025188
0.025219
0.025129
0.025062
0.025083
0.025007
0.025017
0.025012
0.024936
0.025052
0.025005
0.025020
0.025151
0.024986
0.025088
0.024953
0.024954
0.025011
0.025149
0.025115
0.025191
0.025097
0.025183
0.025007
0.025009
0.025069
0.025100
0.024954
0.024930
0.024965
0.024880
0.025046
0.024906
0.025110
0.025139
0.024907
0.025050
0.024915
0.025080
0.025038
0.025048
0.024976
0.025127
0.025169
0.025187
0.025132
0.025152
0.025063
0.025151
0.025082
0.025165
0.024871
0.025128
0.024977
0.025086
0.025055
0.025065
0.024966
0.025005
