0.010631
0.016380
0.027163
0.018670
0.010862
0.020830
0.018605
0.010835
0.020748
0.018409
0.010867
0.020945
0.018616
0.011008
0.020763
0.018541
0.010893
0.020790
0.018573
0.016841
0.010900
0.020778
0.018533
0.010916
0.020874
0.018496
0.010890
0.020905
0.018471
0.016900
0.010913
0.020795
0.018625
0.010905
0.020778
0.018605
0.010918
0.020832
0.018580
0.010913
0.020871
0.018603
0.010877
0.020812
0.018558
0.011025
0.021140
0.018734
0.011220
0.021202
0.017173
0.018997
0.017397
0.017250
0.017332
0.017176
0.017464
0.017237
0.017360
0.017184
0.017383
0.017272
0.017403
0.017240
0.017242
0.017257
0.017281
0.017138
0.017292
0.017209
0.017372
0.017231
0.017380
0.017366
0.017347
0.017363
0.017314
0.017243
0.017403
0.017312
0.017355
0.017473
0.017262
0.017178
0.017253
0.017445
0.017259
0.017319
0.017248
0.017473
0.017497
0.017388
0.020958
0.021062
0.020902
0.020929
0.020972
0.020986
0.021111
0.023238
0.024973
0.024987
0.025081
0.025085
0.025222
0.025127
0.025020
0.025280
0.025079
0.025034
0.025050
0.025010
0.025024
0.025084
0.025231
0.024982
0.024962
0.025033
0.024877
0.024926
0.025061
0.025086
0.024980
0.025044
0.024955
0.024893
0.024910
0.025041
0.025028
0.024932
0.025003
0.025061
0.025079
0.024995
0.025021
0.024908
0.025068
0.024961
0.025088
0.024898
0.025129
0.025127
0.025044
0.025154
0.025243
0.025138
0.025244
0.025151
0.024916
0.024987
0.025024
0.025040
0.025128
0.024984
0.025051
0.025012
0.025049
0.025072
0.025084
0.025078
0.025076
0.024942
0.025010
0.024996
0.025012
0.025075
0.024999
0.025179
0.025101
0.025079
0.025220
0.024984
0.025162
0.025025
0.025012
0.025096
0.025048
0.025163
0.025101
0.025029
0.025004
0.025034
0.025049
0.025157
0.024968
0.024969
0.025121
0.025143
0.025004
0.025041
0.025169
0.025019
0.024909
0.024815
0.024930
0.025046
0.025001
0.024928
0.024994
0.025088
0.025147
0.025078
0.025097
0.025106
0.025176
0.025031
0.025053
0.025202
0.025221
0.025026
0.025079
0.025197
0.025187
0.025201
0.025039
0.024970
0.025150
0.025035
0.024970
0.024901
0.025249
0.025061
0.024992
0.025063
0.025025
0.025036
0.025019
0.025009
0.025048
0.024912
0.024972
0.024979
0.025065
0.025097
0.025053
0.024987
0.024990
0.024953
0.024970
0.025209
0.025156
0.025095
0.025037
0.025089
0.025209
0.025063
0.025025
0.025094
0.025108
0.024930
0.025109
0.025054
0.025078
0.025050
0.025043
0.025078
0.025025
0.024879
0.024982
0.025174
0.025075
0.025201
0.025167
0.024995
0.025138
0.025076
0.025130
0.025005
0.025023
0.025098
0.025151
0.025097
0.025075
0.025177
0.025168
0.025184
0.024990
0.025043
0.025213
0.025077
0.025048
0.025049
0.025156
0.025149
0.025116
0.024995
0.025073
0.025034
0.024992
0.024977
0.025002
0.025074
0.024999
0.025072
0.025156
0.025107
0.024989
0.025052
0.024950
0.024980
0.024864
0.024937
0.025076
0.025039
0.024982
0.025141
0.025032
0.025001
0.025104
0.025111
0.025203
0.025003
0.025136
0.025035
0.025048
0.025045
0.025051
0.025004
0.024981
0.025072
0.024913
0.025147
0.025037
0.025137
0.024926
0.025050
0.024989
0.025027
0.025012
0.025124
0.025096
0.025185
0.024977
0.024959
0.025145
0.025140
0.025035
0.025046
0.025024
0.025012
0.025100
0.025029
0.024973
0.024979
0.025049
0.025151
0.025101
0.025179
0.024936
0.025118
0.024982
0.025065
0.024853
0.025035
0.025164
0.024981
0.024988
0.025084
0.025090
0.024877
0.025021
0.025051
0.025100
0.024991
0.025174
0.024909
0.024999
0.025030
0.025048
0.025154
0.025009
0.025195
0.025077
0.024988
0.024986
0.025007
0.025130
0.025050
0.025047
0.025052
0.024850
0.025092
0.025183
0.024997
0.025073
0.024931
0.024844
0.025002
0.024965
0.024864
0.024986
0.024752
0.025001
0.025073
0.025032
0.024927
0.025059
0.024978
0.025174
0.024967
0.025005
0.025065
0.024936
0.024886
0.025004
0.025101
0.025033
0.025091
0.025057
0.025158
0.025006
0.024983
0.024977
0.024957
0.025013
0.025003
0.025052
0.025045
0.025167
0.024927
0.025102
0.025051
0.025102
0.025038
0.025038
0.024939
0.025020
0.024942
0.025144
0.025133
0.025013
0.024966
0.024996
0.025042
0.024993
0.025145
0.024950
0.025071
0.025064
0.024879
0.025073
0.025097
0.025057
0.025184
0.024892
0.024997
0.025028
0.025000
0.025063
0.025048
0.025103
0.025083
0.025013
0.025028
0.025033
0.024982
0.025067
0.022870
0.020838
0.020741
0.020795
0.020894
0.020891
0.020846
0.020878
0.020811
0.020780
0.020766
0.020906
0.020794
0.020740
0.020786
0.020698
0.020754
0.020859
0.020829
0.020730
0.020809
0.020717
0.020818
0.020812
0.020942
0.020698
0.020877
0.020906
0.020738
0.020684
0.020677
0.020786
0.020717
0.020832
0.020738
0.020594
0.020765
0.020800
0.020760
0.020756
0.021027
0.020876
0.021059
0.021024
0.020959
0.020964
0.021163
0.020972
0.021060
0.021028
0.021083
0.021066
0.020898
0.020933
0.021027
0.020835
0.020917
0.020927
0.021033
0.020991
0.021050
0.020883
0.020974
0.020996
0.020916
0.021037
0.020918
0.020886
0.020960
0.020895
0.020945
0.020877
0.020905
0.021094
0.020993
0.021027
0.020957
0.020919
0.020990
0.020997
0.020859
0.020983
0.020914
0.020947
0.020842
0.021004
0.020888
0.020991
0.020790
0.020971
0.021026
0.020832
0.020976
0.024725
0.024997
0.024939
0.024991
0.025071
0.024914
0.024950
0.024990
0.025003
0.025060
0.024993
0.025115
0.024883
0.025080
0.024822
0.024979
0.024922
0.024897
0.024962
0.024858
0.024952
0.024866
0.025057
0.025028
0.024863
0.025010
0.025094
0.025114
0.024924
0.024869
0.024906
0.024999
0.024916
0.024947
0.025004
0.025036
0.024945
0.020804
0.020590
0.020537
0.020562
0.020756
0.020652
0.020561
0.020590
0.020736
0.020650
0.020667
0.020454
0.020555
0.020660
0.020603
0.020489
0.020630
0.020721
0.020656
0.020567
0.020658
0.020663
0.020766
0.020613
0.020615
0.020652
0.020543
0.020555
0.020679
0.020699
0.020600
0.020644
0.020541
0.020673
0.020692
0.020413
0.020646
0.020456
0.020704
0.020721
0.020751
0.020802
0.020793
0.020789
0.020810
0.020917
0.020990
0.020804
0.020767
0.020953
0.020889
0.020996
0.020849
0.020853
0.020867
0.020855
0.020807
0.020836
0.020834
0.020889
0.020769
0.020770
0.020802
0.020894
0.020881
0.020903
0.020812
0.020710
0.020937
0.020963
0.020877
0.020829
0.020902
0.020891
0.020777
0.020742
0.020808
0.020840
0.020753
0.020818
0.020934
0.020890
0.020806
0.020884
0.020796
0.020971
0.020819
0.020774
0.020974
0.020988
0.021062
0.020926
0.024854
0.024953
0.024883
0.024982
0.024965
0.024950
0.024949
0.024911
0.024765
0.024908
0.024890
0.024836
0.024922
0.024826
0.024959
0.024786
0.024971
0.024908
0.025041
0.024978
0.024939
0.025101
0.024955
0.024997
0.024923
0.024965
0.024889
0.024953
0.024970
0.025072
0.025133
0.024881
0.025048
0.024900
0.024908
0.024924
0.024954
0.025108
0.025030
0.025026
0.025009
0.024992
0.025056
0.024913
0.025000
0.024948
0.024880
0.024781
0.024943
0.024828
0.024846
0.024976
0.024909
0.024905
0.025039
0.024881
0.025026
0.025015
0.024981
0.025057
0.024963
0.024925
0.024933
0.024926
0.025032
0.024910
0.025116
0.024966
0.024886
0.025038
0.024969
0.025038
0.024937
0.025018
0.024934
0.024890
0.025025
0.024983
0.024969
0.024919
0.024868
0.025038
0.024913
0.025072
0.024917
0.024934
0.024935
0.025044
0.024970
0.024952
0.024838
0.024773
0.025072
0.024890
0.025181
0.024948
0.025058
0.025061
0.024907
0.025089
0.025146
0.024956
0.025064
0.025030
0.024938
0.025075
0.025006
0.024916
0.024855
0.025018
0.024998
0.024956
0.024836
0.024939
0.025109
0.025048
0.025054
0.024814
0.024974
0.025058
0.025120
0.024971
0.025083
0.025031
0.024927
0.025195
0.025046
0.024817
0.024976
0.025003
0.025110
0.025074
0.025160
0.024895
0.025009
0.025083
0.024938
0.025004
0.024967
0.025016
0.025029
0.025029
0.025035
0.025098
0.024964
0.025089
0.025058
0.025084
0.025156
0.024913
0.024969
0.025099
0.025026
0.025117
0.025199
0.025011
0.025024
0.024897
0.025112
0.024909
0.024987
0.024891
0.024974
0.024839
0.025039
0.025163
0.024949
0.025019
0.024961
0.024942
0.025079
0.025075
0.025053
0.025016
0.024922
0.024779
0.024933
0.025093
0.024870
0.025082
0.025020
0.025227
0.024884
0.024813
0.024878
0.024962
0.025013
0.025154
0.025120
0.024924
0.025162
0.024990
0.024968
0.024980
0.025025
0.025054
0.025051
0.024885
0.025036
0.024956
0.025134
0.024991
0.024970
0.024772
0.024920
0.024954
0.024893
0.024926
0.025035
0.025020
0.024962
0.024879
0.024949
0.024895
0.024934
0.024953
0.024899
0.024981
0.025055
0.025060
0.024979
0.025032
0.024896
0.024960
0.024983
0.025045
0.024955
0.025009
0.024871
0.024864
0.024997
0.025064
0.025000
0.025199
0.025146
0.024922
0.024985
0.024919
0.025097
0.025086
0.024974
0.024947
0.025101
0.025049
