0.010217
0.018525
0.024954
0.025135
0.025055
0.025024
0.025190
0.025143
0.025107
0.025236
0.025003
0.024989
0.025064
0.025242
0.025135
0.025048
0.025146
0.025162
0.025058
0.025175
0.025234
0.025140
0.025076
0.025156
0.025127
0.025166
0.025108
0.024998
0.025120
0.025258
0.025161
0.025020
0.024978
0.025062
0.024903
0.020951
0.020827
0.020790
0.020887
0.020910
0.020932
0.020831
0.020798
0.020940
0.020961
0.020792
0.020835
0.020802
0.020905
0.020753
0.020869
0.020675
0.020725
0.020681
0.020942
0.020715
0.020659
0.016453
0.016617
0.016511
0.016589
0.016575
0.016561
0.016608
0.016626
0.016458
0.016540
0.016621
0.016614
0.016527
0.016540
0.016460
0.016562
0.016528
0.016479
0.016345
0.016448
0.016474
0.016505
0.016818
0.016735
0.016840
0.016784
0.016741
0.016659
0.016774
0.016883
0.016868
0.016701
0.016740
0.016730
0.016725
0.016712
0.016821
0.016733
0.016646
0.016737
0.016824
0.016747
0.012448
0.012470
0.012423
0.012386
0.012442
0.012534
0.012377
0.012424
0.012617
0.012684
0.012740
0.012702
0.012809
0.012742
0.012730
0.012733
0.012783
0.012779
0.012776
0.012735
0.012755
0.012699
0.012762
0.012778
0.012760
0.012709
0.012729
0.012767
0.012638
0.012702
0.012830
0.012747
0.012689
0.016594
0.016697
0.016826
0.016708
0.016693
0.016770
0.016868
0.016656
0.016737
0.016729
0.016702
0.016692
0.016800
0.016799
0.016805
0.016636
0.016753
0.016790
0.016690
0.016765
0.016819
0.016759
0.016769
0.016991
0.017053
0.016907
0.016976
0.017080
0.020952
0.020999
0.021058
0.021223
0.021042
0.021079
0.020984
0.021116
0.021054
0.021157
0.021024
0.021174
0.020943
0.021101
0.021180
0.021147
0.021120
0.021137
0.021039
0.021178
0.020961
0.021111
0.021065
0.021137
0.020956
0.021121
0.021071
0.021214
0.021162
0.021101
0.020988
0.021233
0.021158
0.020976
0.021028
0.021027
0.020998
0.021053
0.021121
0.020978
0.021118
0.020963
0.021055
0.021107
0.021141
0.021164
0.021232
0.021155
0.024997
0.024945
0.025156
0.025196
0.025208
0.024960
0.025151
0.025003
0.025167
0.025067
0.025126
0.025126
0.025219
0.025025
0.025092
0.025115
0.025102
0.025114
0.025099
0.025177
0.024988
0.025058
0.025192
0.025156
0.025095
0.025099
0.025015
0.025235
0.025134
0.025190
0.025127
0.025221
0.025190
0.025289
0.025187
0.025223
0.025160
0.025120
0.025251
0.025144
0.025140
0.025169
0.025117
0.025125
0.025009
0.025199
0.025151
0.025131
0.025040
0.025103
0.025054
0.025097
0.025148
0.025211
0.025124
0.025129
0.025071
0.025166
0.025239
0.025173
0.025166
0.025160
0.025229
0.025049
0.025019
0.025368
0.025231
0.025139
0.024915
0.025063
0.024904
0.025128
0.025098
0.025096
0.025126
0.025074
0.025106
0.025234
0.025181
0.025189
0.025080
0.025127
0.025087
0.025128
0.025218
0.025150
0.025077
0.025030
0.025152
0.025037
0.025100
0.025066
0.024981
0.025132
0.024980
0.025301
0.025051
0.025038
0.025115
0.025117
0.025120
0.025009
0.025093
0.024933
0.025256
0.024999
0.024934
0.024976
0.025139
0.025023
0.025227
0.025199
0.025148
0.025124
0.024954
0.025156
0.025064
0.025191
0.025224
0.025005
0.025081
0.025179
0.025113
0.025134
0.025229
0.025169
0.025035
0.025042
0.025060
0.025026
0.025085
0.025182
0.025120
0.025192
0.025119
0.025263
0.025004
0.025075
0.025095
0.025131
0.025062
0.025258
0.025018
0.025035
0.025131
0.024957
0.025107
0.025154
0.025061
0.024999
0.024909
0.024953
0.025233
0.025234
0.025117
0.025009
0.025197
0.025094
0.025230
0.025155
0.025211
0.025010
0.025001
0.025104
0.025101
0.025058
0.025084
0.025139
0.025025
0.025171
0.025144
0.025218
0.025197
0.025166
0.025173
0.025035
0.025084
0.025234
0.025075
0.025278
0.025083
0.025169
0.025091
0.025220
0.025226
0.025156
0.025159
0.025015
0.025157
0.024939
0.025085
0.025053
0.025075
0.025203
0.025144
0.025044
0.025030
0.025130
0.024959
0.025143
0.025170
0.025260
0.025154
0.025125
0.025139
0.025047
0.025048
0.025198
0.025139
0.025079
0.025091
0.025183
0.025131
0.025122
0.025079
0.025174
0.025090
0.025109
0.025116
0.025071
0.025036
0.025069
0.025132
0.025107
0.025166
0.025137
0.025193
0.025054
0.025099
0.025235
0.025114
0.025125
0.025032
0.025189
0.025218
0.025050
0.024973
0.025105
0.025071
0.025142
0.025146
0.025219
0.025027
0.025240
0.025130
0.025224
0.025174
0.025266
0.025092
0.025013
0.025064
0.025190
0.024931
0.025105
0.025139
0.025191
0.025087
0.025118
0.025023
0.025022
0.025036
0.025116
0.025077
0.025207
0.025182
0.024963
0.024998
0.025211
0.025040
0.025144
0.025080
0.025253
0.025195
0.025146
0.025058
0.025241
0.025235
0.025084
0.025136
0.025049
0.025096
0.025138
0.025029
0.025109
0.025138
0.025014
0.025127
0.025095
0.025077
0.025171
0.025075
0.025121
0.024940
0.025174
0.025115
0.025016
0.025140
0.025136
0.025096
0.024841
0.024972
0.025049
0.025013
0.025005
0.024995
0.025202
0.025118
0.025187
0.025209
0.024963
0.025150
0.025089
0.025172
0.025105
0.025036
0.025031
0.025142
0.025145
0.025090
0.025188
0.025122
0.025115
0.024998
0.025101
0.025048
0.025294
0.025203
0.025102
0.025157
0.025067
0.024919
0.020794
0.020686
0.020704
0.020657
0.020696
0.020691
0.020766
0.020726
0.020722
0.020761
0.020777
0.020660
0.020666
0.020773
0.020759
0.020603
0.020616
0.020668
0.020584
0.020728
0.020715
0.020704
0.020631
0.020644
0.020748
0.020667
0.020675
0.020603
0.020767
0.020739
0.020716
0.020691
0.020594
0.020581
0.020740
0.020752
0.020608
0.020737
0.020870
0.021032
0.021118
0.021009
0.021077
0.020997
0.021052
0.021002
0.020997
0.020973
0.021122
0.021180
0.021207
0.021047
0.020991
0.020990
0.021048
0.021033
0.021113
0.021059
0.021161
0.021114
0.021001
0.021044
0.021027
0.021129
0.020963
0.021036
0.021073
0.021044
0.021080
0.020777
0.020983
0.021111
0.021204
0.020864
0.021030
0.020940
0.021118
0.021073
0.021055
0.021111
0.020947
0.020967
0.020945
0.020914
0.020969
0.021113
0.021052
0.021050
0.021034
0.021014
0.021119
0.021090
0.025019
0.025102
0.025100
0.025164
0.025039
0.025178
0.025196
0.024909
0.025194
0.024963
0.025106
0.025071
0.025196
0.025084
0.025136
0.025043
0.025051
0.025176
0.025167
0.025001
0.025061
0.025084
0.025007
0.025082
0.025235
0.025131
0.025012
0.025088
0.025241
0.025185
0.024927
0.024962
0.024990
0.025079
0.024934
0.025084
0.025057
0.025071
0.025188
0.025241
0.025152
0.025079
0.025082
0.025093
0.025017
0.025013
0.025007
0.025128
0.025170
0.025075
0.025164
0.025109
0.025101
0.025091
0.024975
0.024963
0.025139
0.025058
0.024981
0.024970
0.025252
0.025197
0.025237
0.025059
0.024984
0.025129
0.025034
0.024921
0.025080
0.025059
0.024987
0.025111
0.025121
0.025165
0.025138
0.025203
0.025170
0.025149
0.025203
0.025100
0.025124
0.025211
0.025163
0.025165
0.025216
0.025107
0.025094
0.024909
0.025197
0.025188
0.025268
0.025033
0.025074
0.025024
0.025121
0.025098
0.025039
0.024958
0.025033
0.025080
0.025157
0.025024
0.025167
0.025070
0.025250
0.024904
0.025248
0.025043
0.025231
0.025074
0.025121
0.025058
0.025038
0.025034
0.025160
0.025154
0.025165
0.025128
0.025315
0.025214
0.025102
0.025018
0.025102
0.024949
0.024966
0.025159
0.025050
0.025068
0.025194
0.025109
0.025125
0.025113
0.024995
0.024976
0.025142
0.025158
0.025005
0.025302
0.025086
0.024992
0.024950
0.025140
0.025120
0.025030
0.025257
0.025083
0.025063
0.024940
0.025118
0.025121
0.025200
0.025061
0.025102
0.025071
0.025164
0.024958
0.025126
0.025184
0.025090
0.025044
0.025123
0.025200
0.025215
0.025271
0.025015
0.025242
0.025143
0.024970
0.025238
0.025037
0.025048
0.025238
0.025150
0.025157
0.025063
0.025096
0.025102
0.025064
0.025086
0.025166
0.025158
0.025157
0.025243
0.025076
0.025187
0.025164
0.025115
0.025089
0.025246
0.024834
0.025108
0.025180
0.025357
0.025201
0.025156
0.025226
0.025154
0.025314
0.025143
0.025136
0.025138
0.025123
0.025122
0.025018
0.024950
0.025097
0.025057
0.024941
0.025140
0.025090
0.025295
0.025043
0.025203
0.025131
0.025098
0.025019
0.025164
0.025127
0.024995
0.025028
0.025149
0.025177
0.025141
0.025290
0.025101
0.025095
0.022806
0.020653
0.020796
0.020777
0.020781
0.020762
0.020699
0.020751
0.020771
0.020795
0.020804
0.020649
0.020717
0.020962
0.020822
0.020725
0.020903
0.020727
0.020738
0.020816
0.020588
0.020623
0.020740
0.020803
0.020695
0.020676
0.020783
0.020612
0.020754
0.020887
0.020675
0.020684
