0.001747
0.018453
0.014901
0.024705
0.017274
0.024629
0.017357
0.024556
0.015838
0.021012
0.021769
0.023382
0.021045
0.021381
0.021324
0.023407
0.017212
0.023379
0.021119
0.021300
0.021569
0.021466
0.021391
0.021316
0.021448
0.021051
0.021533
0.021432
0.021733
0.020838
0.021238
0.021744
0.023334
0.022907
0.017431
0.023267
0.017199
0.023374
0.021420
0.023069
0.023094
0.017433
0.021462
0.021382
0.023203
0.017112
0.021008
0.018632
0.015236
0.015135
0.017161
0.018877
0.014684
0.012720
0.016337
0.016534
0.016378
0.016449
0.016348
0.016308
0.016466
0.016471
0.016381
0.016454
0.016410
0.016386
0.016464
0.016445
0.016356
0.016307
0.016472
0.016428
0.016492
0.016479
0.016433
0.016349
0.016471
0.016512
0.016497
0.016392
0.016373
0.016397
0.016458
0.016372
0.016423
0.016305
0.016341
0.016303
0.016373
0.016392
0.016366
0.016325
0.016434
0.016325
0.016353
0.016334
0.016684
0.016779
0.016745
0.016699
0.016767
0.016839
0.016863
0.016917
0.017097
0.016907
0.016873
0.017143
0.016944
0.016886
0.016923
0.016919
0.016847
0.016887
0.016935
0.016848
0.016841
0.017015
0.016969
0.016977
0.016980
0.016834
0.016975
0.016860
0.016985
0.016917
0.017061
0.017118
0.016853
0.016854
0.016765
0.016930
0.016994
0.016944
0.017018
0.016789
0.016937
0.017017
0.016980
0.016849
0.017002
0.016942
0.016892
0.016892
0.016822
0.016878
0.016915
0.016839
0.016998
0.020952
0.020855
0.020927
0.020932
0.021032
0.023092
0.024965
0.024817
0.024961
0.025023
0.025115
0.025167
0.025045
0.025084
0.024885
0.025124
0.025175
0.025206
0.024916
0.025060
0.024907
0.025080
0.025007
0.024846
0.024947
0.025123
0.024961
0.024965
0.024940
0.025099
0.024945
0.024919
0.025035
0.025161
0.025030
0.025031
0.024954
0.025075
0.024963
0.024955
0.025015
0.025063
0.024964
0.025023
0.024991
0.025241
0.024967
0.025041
0.024887
0.025053
0.024940
0.025006
0.024968
0.024889
0.024979
0.025057
0.024989
0.024991
0.025012
0.025173
0.025052
0.025055
0.024911
0.025112
0.025081
0.025149
0.025134
0.025009
0.025056
0.025120
0.025034
0.025130
0.024995
0.025028
0.024956
0.025246
0.025160
0.024927
0.025057
0.025059
0.025227
0.024941
0.025069
0.025027
0.025100
0.025235
0.025128
0.024915
0.025106
0.025207
0.025116
0.024980
0.025006
0.024983
0.025027
0.025107
0.025108
0.025081
0.024905
0.025107
0.025266
0.024863
0.025089
0.024989
0.024999
0.025028
0.024987
0.025078
0.025029
0.025071
0.024967
0.025038
0.025013
0.025088
0.024986
0.025136
0.025171
0.025175
0.024983
0.024957
0.025015
0.025239
0.025107
0.025051
0.025033
0.025114
0.025025
0.024999
0.025033
0.025031
0.024977
0.025032
0.024997
0.025010
0.025130
0.025212
0.025195
0.025038
0.025055
0.025154
0.025139
0.025033
0.025120
0.025113
0.025133
0.025093
0.025052
0.025111
0.025121
0.025168
0.025025
0.025108
0.025183
0.025192
0.025197
0.025061
0.025148
0.025120
0.025022
0.025004
0.025128
0.025238
0.025080
0.025141
0.024997
0.025018
0.024929
0.025125
0.024975
0.025076
0.025042
0.024965
0.025134
0.024965
0.025038
0.025125
0.025110
0.025017
0.025027
0.025136
0.025082
0.025018
0.025132
0.025125
0.025117
0.025096
0.024961
0.025231
0.025097
0.025084
0.025024
0.025015
0.025095
0.025142
0.025064
0.025129
0.025004
0.025266
0.025103
0.025183
0.024975
0.025255
0.025074
0.025021
0.025120
0.025078
0.024910
0.025040
0.025157
0.025186
0.025126
0.025025
0.025224
0.025202
0.024881
0.024946
0.025061
0.025091
0.025176
0.025069
0.025053
0.025156
0.025002
0.025137
0.025011
0.025114
0.025093
0.024967
0.024992
0.025208
0.025177
0.025060
0.025086
0.025057
0.025141
0.025020
0.025201
0.025192
0.024996
0.025025
0.025177
0.024897
0.025025
0.025137
0.025068
0.025033
0.025116
0.025153
0.025102
0.025103
0.025192
0.025146
0.025044
0.025201
0.025147
0.025135
0.024970
0.025090
0.025159
0.025126
0.025189
0.025091
0.025090
0.025153
0.025107
0.025007
0.024942
0.024982
0.025187
0.025198
0.025063
0.025111
0.024943
0.025101
0.025111
0.025113
0.025164
0.025076
0.025143
0.025126
0.025078
0.025113
0.025003
0.025040
0.025127
0.025210
0.025025
0.025054
0.025089
0.025018
0.025144
0.025207
0.024908
0.024881
0.025217
0.025041
0.025128
0.025049
0.025135
0.025072
0.024989
0.025106
0.024986
0.025184
0.025183
0.025010
0.025052
0.025129
0.025020
0.025047
0.025042
0.025047
0.025054
0.025008
0.024974
0.025148
0.025071
0.025206
0.024866
0.025180
0.024914
0.024959
0.025098
0.024957
0.025162
0.025156
0.025139
0.025055
0.024966
0.025020
0.025091
0.025113
0.025132
0.025143
0.025022
0.025003
0.025183
0.025079
0.025110
0.025111
0.025073
0.025070
0.025020
0.025033
0.024941
0.025114
0.025047
0.024941
0.024985
0.025053
0.025046
0.025071
0.025036
0.025064
0.024937
0.025064
0.024985
0.024985
0.024989
0.025012
0.025057
0.025031
0.024881
0.025023
0.024967
0.024875
0.025073
0.020724
0.020693
0.020669
0.020728
0.020632
0.020797
0.020707
0.020738
0.020761
0.020653
0.020689
0.020781
0.020675
0.020728
0.020687
0.020664
0.020664
0.020619
0.020793
0.020730
0.020583
0.020685
0.020712
0.020493
0.020745
0.020658
0.020603
0.020625
0.020522
0.020753
0.020658
0.020743
0.020592
0.020593
0.020535
0.020448
0.020572
0.020611
0.020706
0.020775
0.020996
0.020980
0.020959
0.020963
0.020895
0.020918
0.021074
0.020917
0.020977
0.021061
0.020906
0.020964
0.020985
0.021021
0.021132
0.020856
0.020981
0.020922
0.021054
0.020945
0.021098
0.020933
0.020995
0.021034
0.020931
0.021046
0.021063
0.020935
0.020956
0.021017
0.020942
0.020889
0.020821
0.020956
0.020905
0.020841
0.020938
0.020986
0.020865
0.021064
0.020838
0.021052
0.021010
0.020892
0.020987
0.020975
0.020951
0.020983
0.020905
0.020977
0.020935
0.020971
0.023350
0.024869
0.024990
0.024889
0.025170
0.025040
0.024920
0.025100
0.025133
0.024951
0.024993
0.024929
0.024906
0.024981
0.024864
0.024976
0.025107
0.025101
0.025181
0.024928
0.024994
0.025079
0.025154
0.025019
0.024973
0.024968
0.025231
0.025108
0.024932
0.025074
0.025022
0.025005
0.025012
0.024992
0.025056
0.025085
0.025207
0.025052
0.024858
0.020800
0.020606
0.020738
0.020659
0.020696
0.020787
0.020749
0.020676
0.020771
0.020645
0.020643
0.020677
0.020775
0.020731
0.020741
0.020844
0.020731
0.020777
0.020602
0.020545
0.020595
0.020598
0.020547
0.020630
0.020563
0.020780
0.020542
0.020660
0.020538
0.020833
0.020754
0.020618
0.020661
0.020638
0.020661
0.020563
0.020537
0.020791
0.020673
0.021048
0.020958
0.020983
0.021113
0.020972
0.021003
0.020965
0.021047
0.020978
0.020936
0.020886
0.020954
0.021026
0.021107
0.021073
0.021049
0.020968
0.021044
0.020998
0.021027
0.020978
0.020974
0.021026
0.021126
0.021002
0.020965
0.021066
0.020871
0.020910
0.020857
0.020885
0.020990
0.020917
0.020825
0.021038
0.020911
0.021109
0.020801
0.020974
0.020962
0.020798
0.020824
0.020916
0.020936
0.021020
0.020837
0.020989
0.020881
0.020979
0.021047
0.020983
0.021067
0.025034
0.024978
0.025064
0.025016
0.025065
0.024935
0.024985
0.024901
0.025059
0.024956
0.025126
0.025006
0.025069
0.025006
0.025138
0.024989
0.025181
0.024999
0.024968
0.025119
0.025065
0.024940
0.024858
0.024841
0.025063
0.024932
0.025090
0.025071
0.024940
0.025030
0.024927
0.025084
0.025057
0.025133
0.025034
0.025011
0.024882
0.024893
0.024967
0.024930
0.025033
0.025027
0.025004
0.024947
0.024954
0.024806
0.025005
0.025033
0.025138
0.024995
0.025018
0.024917
0.025075
0.025008
0.024901
0.025122
0.025036
0.024880
0.024971
0.024967
0.024809
0.025058
0.025095
0.025082
0.024969
0.025056
0.025065
0.025033
0.025070
0.024901
0.025027
0.025132
0.025028
0.025006
0.024929
0.024921
0.025061
0.024996
0.025162
0.025049
0.025112
0.025140
0.025094
0.024919
0.025103
0.025104
0.024963
0.024915
0.025027
0.025178
0.025007
0.024950
0.025104
0.024972
0.024908
0.024970
0.024980
0.025071
0.025107
0.024952
0.025049
0.024974
0.025070
0.025086
0.025100
0.025048
0.025168
0.024951
0.024972
0.024886
0.025074
0.024948
0.025109
0.025000
0.025014
0.025097
0.025064
0.025011
0.025007
0.024943
0.025123
0.024966
0.024904
0.024858
0.025008
0.024956
0.025044
0.025015
0.025085
0.024923
0.024886
0.024991
0.024996
0.025070
0.025083
0.025089
0.024965
0.025046
0.025208
0.025016
0.024896
0.025003
0.024863
0.024972
0.024942
0.024906
0.025051
0.024931
0.025003
0.025035
0.025020
0.025047
0.025131
0.025115
0.024965
0.025106
0.025105
0.024934
0.025036
0.025033
0.025086
0.025060
0.024981
0.024890
0.025060
0.025007
0.024974
0.025041
0.025010
0.024951
0.025046
0.025175
0.025042
0.025068
0.025113
0.025174
0.025024
0.025080
0.025149
0.024927
0.024997
0.025050
0.025048
0.024997
0.024984
0.024945
0.025031
0.025095
0.025045
0.025151
0.025122
0.025198
0.025206
0.024962
0.024948
0.025089
0.025070
0.025018
0.025057
0.024968
0.025071
0.024913
0.025112
0.024968
0.025080
0.024988
0.025002
0.024988
0.025027
0.024976
0.024960
0.025088
0.025020
0.024890
0.025101
0.025027
0.024971
0.024975
0.024922
0.024827
0.025043
0.024992
0.025025
0.024913
0.024887
0.025075
0.025028
0.025153
0.025036
0.025055
0.025055
0.025025
0.024999
0.025066
0.025037
0.025105
0.025026
0.024937
0.024950
0.024946
0.025060
0.025060
0.025019
0.024993
0.025099
0.024929
0.025068
0.024888
0.025095
0.024931
0.024974
0.024946
0.024996
0.025005
0.025040
0.024967
0.025097
0.024928
0.025039
0.024913
0.025044
0.024899
