0.002095
0.018603
0.015570
0.026850
0.013488
0.023484
0.027006
0.013482
0.023377
0.026909
0.013412
0.023383
0.023024
0.025138
0.013479
0.023573
0.026906
0.013474
0.023565
0.026700
0.013507
0.021498
0.025036
0.017372
0.023390
0.033175
0.017519
0.033038
0.017248
0.032938
0.017401
0.033279
0.017427
0.033151
0.017368
0.033205
0.017302
0.033123
0.017330
0.032934
0.017270
0.033146
0.017413
0.033340
0.017381
0.033251
0.017352
0.033377
0.017472
0.033350
0.017401
0.033345
0.017324
0.033274
0.017420
0.033358
0.017360
0.033290
0.017502
0.033404
0.017390
0.033051
0.017282
0.032976
0.017296
0.033090
0.017306
0.033184
0.017459
0.032933
0.017230
0.033175
0.017324
0.033047
0.017271
0.033135
0.017248
0.030932
0.014944
0.024724
0.017302
0.024659
0.019145
0.019002
0.024786
0.015069
0.018316
0.013015
0.020372
0.013009
0.020258
0.013079
0.020189
0.013059
0.020177
0.013065
0.020263
0.013041
0.018777
0.018404
0.012970
0.017067
0.018548
0.018337
0.013083
0.018719
0.016891
0.018409
0.013047
0.018694
0.018532
0.013028
0.018630
0.018549
0.013056
0.018707
0.018437
0.013052
0.020236
0.013040
0.018796
0.018303
0.013149
0.018812
0.018662
0.015290
0.018833
0.013397
0.018979
0.018735
0.013433
0.020429
0.013489
0.020307
0.017278
0.017239
0.017249
0.017128
0.017261
0.017203
0.017340
0.017349
0.017278
0.017244
0.017239
0.017329
0.017218
0.017255
0.017320
0.017291
0.017226
0.017220
0.017206
0.017261
0.017449
0.017178
0.017319
0.017345
0.013334
0.017234
0.017370
0.017425
0.017426
0.017336
0.019480
0.017303
0.017565
0.017351
0.017323
0.017269
0.017441
0.017246
0.021394
0.021384
0.023246
0.024746
0.017431
0.024818
0.017508
0.023248
0.017158
0.023205
0.021408
0.028826
0.021217
0.029274
0.021137
0.029339
0.021197
0.029181
0.021154
0.029231
0.021153
0.029205
0.021189
0.029230
0.021212
0.029136
0.021158
0.029124
0.021187
0.029328
0.021213
0.029173
0.021189
0.029305
0.021218
0.029188
0.021187
0.029299
0.021296
0.029310
0.021254
0.029190
0.021228
0.029225
0.021107
0.029165
0.021239
0.029327
0.021194
0.029253
0.021167
0.029265
0.021303
0.029216
0.021186
0.029202
0.021267
0.029157
0.021225
0.029156
0.021244
0.029209
0.021272
0.029176
0.021183
0.029245
0.021134
0.029126
0.021261
0.029268
0.021285
0.029232
0.021106
0.029103
0.021117
0.029069
0.021214
0.029185
0.021243
0.029132
0.021231
0.029182
0.021127
0.029216
0.021119
0.029212
0.021209
0.029161
0.021172
0.029202
0.021158
0.029145
0.021188
0.029221
0.021227
0.029115
0.021287
0.029216
0.021178
0.029105
0.021296
0.029171
0.021271
0.029303
0.021235
0.029224
0.021227
0.029175
0.021278
0.029229
0.021205
0.030838
0.021236
0.030716
0.021520
0.021215
0.029145
0.021151
0.029144
0.021106
0.029012
0.021119
0.029201
0.021198
0.029120
0.021091
0.029063
0.021260
0.029218
0.021269
0.029177
0.021104
0.029151
0.021158
0.029066
0.021182
0.029135
0.021120
0.029243
0.021210
0.029168
0.021098
0.029130
0.021194
0.029172
0.021213
0.029311
0.021094
0.029134
0.021130
0.029202
0.021115
0.029161
0.021088
0.029168
0.021194
0.029334
0.021129
0.029217
0.021233
0.029214
0.021184
0.029247
0.021162
0.029043
0.021126
0.029205
0.021225
0.029162
0.021169
0.029200
0.021218
0.029133
0.021169
0.025238
0.029613
0.021193
0.029258
0.021369
0.029253
0.021161
0.029233
0.021163
0.025216
0.029542
0.021279
0.029235
0.021218
0.029208
0.021090
0.029292
0.021183
0.029074
0.021222
0.029109
0.021119
0.029275
0.021105
0.029236
0.021186
0.029126
0.021120
0.029120
0.021106
0.029159
0.021212
0.029156
0.021132
0.029190
0.021208
0.029219
0.021131
0.029160
0.021225
0.029116
0.021126
0.029242
0.021200
0.029104
0.021127
0.029190
0.021116
0.029193
0.021183
0.029232
0.021241
0.029204
0.021245
0.029199
0.021218
0.029173
0.021204
0.029300
0.021216
0.029181
0.021132
0.029317
0.021190
0.029355
0.021268
0.029101
0.021102
0.029120
0.021188
0.029249
0.021125
0.029170
0.021110
0.029079
0.021135
0.029223
0.021201
0.029086
0.021172
0.029140
0.021204
0.029355
0.021201
0.029192
0.021147
0.029138
0.021191
0.029187
0.021213
0.029213
0.021268
0.030840
0.021211
0.030756
0.021386
0.021090
0.029178
0.021116
0.029282
0.021335
0.029574
0.020991
0.029332
0.021112
0.029044
0.021212
0.029094
0.021305
0.029174
0.021250
0.029279
0.021126
0.029286
0.021232
0.029119
0.021186
0.029259
0.021223
0.029238
0.021208
0.029236
0.021209
0.029251
0.021188
0.029187
0.021214
0.029206
0.021272
0.029434
0.021093
0.029339
0.021142
0.029202
0.021133
0.029120
0.021169
0.029213
0.021178
0.029245
0.021174
0.029308
0.021134
0.029211
0.021185
0.029378
0.021099
0.029362
0.021209
0.029231
0.021217
0.029153
0.021214
0.029397
0.021180
0.029123
0.021196
0.029222
0.021327
0.029290
0.021128
0.029345
0.021011
0.029305
0.021230
0.029291
0.021245
0.029238
0.021240
0.029215
0.021169
0.029311
0.021144
0.029321
0.021184
0.029253
0.021135
0.029520
0.020926
0.029182
0.021166
0.029205
0.021040
0.029188
0.021329
0.029412
0.021090
0.029481
0.021001
0.028516
0.020784
0.020920
0.019172
0.018895
0.024656
0.017576
0.024431
0.019152
0.017043
0.024774
0.017160
0.026533
0.017173
0.022931
0.022830
0.017215
0.023157
0.016867
0.024877
0.017002
0.024768
0.017032
0.020761
0.025241
0.017077
0.024857
0.016967
0.024946
0.016983
0.024957
0.017031
0.025004
0.017087
0.024886
0.016930
0.024937
0.016951
0.024893
0.017170
0.025197
0.025151
0.017341
0.017123
0.023259
0.023097
0.025197
0.017350
0.017231
0.023438
0.021415
0.020865
0.019355
0.023412
0.021467
0.023200
0.017278
0.023386
0.021386
0.021360
0.019206
0.026577
0.017430
0.021353
0.023368
0.017225
0.023270
0.024725
0.017423
0.023190
0.017290
0.023388
0.024732
0.017517
0.024804
0.017485
0.021387
0.024962
0.017351
0.024851
0.017472
0.024834
0.017330
0.024875
0.017401
0.024832
0.017352
0.024821
0.017469
0.022882
0.027716
0.021133
0.029298
0.021226
0.029310
0.021380
0.029388
0.021172
0.029171
0.021284
0.029193
0.021150
0.029179
0.021169
0.029205
0.021258
0.029370
0.021232
0.029355
0.021139
0.029256
0.021185
0.029588
0.021119
0.029422
0.021392
0.029359
0.021370
0.027737
0.030844
0.021437
0.021241
0.029394
0.021181
0.029238
0.021287
0.029232
0.021275
0.029402
0.020761
0.024671
0.017303
0.024455
0.017398
0.024539
0.017267
0.024470
0.019271
0.018871
0.024721
0.019236
0.017145
0.024831
0.017058
0.024824
0.017055
0.024827
0.018984
0.023140
0.017008
0.024794
0.018967
0.024754
0.017392
0.023055
0.018970
0.024638
0.017208
0.024513
0.019076
0.017103
0.024938
0.017007
0.024847
0.016965
0.024931
0.016963
0.024741
0.022930
0.015646
0.021136
0.021485
0.021397
0.021448
0.021673
0.021177
0.021443
0.021485
0.021440
0.021493
0.021418
0.021358
0.021511
0.021402
0.021462
0.021520
0.021399
0.021430
0.021482
0.021477
0.021440
0.021323
0.021369
0.021498
0.021359
0.021410
0.021559
0.021847
0.026863
0.017293
0.021410
0.023141
0.017137
0.021269
0.021730
0.021346
0.021688
0.023277
0.023174
0.025392
0.017591
0.017143
0.021461
0.021262
0.021440
0.027263
0.024870
0.025017
0.024979
0.024920
0.024996
0.024895
0.024970
0.024915
0.025026
0.024795
0.024830
0.024867
0.024936
0.024872
0.024940
0.024923
0.025060
0.025044
0.024991
0.025020
0.024992
0.024998
0.024979
0.024922
0.024831
0.025122
0.025072
0.024889
0.024975
0.024983
0.025025
0.024933
0.024861
0.024910
0.025113
0.024956
0.024879
0.025036
0.025003
0.025094
0.024928
0.024965
0.025064
0.025052
0.024966
0.024921
0.024975
0.025150
0.024841
0.024888
0.025024
0.025080
0.024829
0.024889
0.025045
0.024913
0.024970
0.025123
0.025003
0.024953
0.024915
0.024947
0.024905
0.024990
0.025095
0.025036
0.025050
0.024951
0.024853
0.025134
0.024857
0.025016
0.024806
0.024799
0.024887
0.024918
0.024836
0.024937
0.024946
0.024997
0.024912
0.025001
0.024795
0.024998
0.024816
0.024982
0.024957
0.024916
0.025039
0.024990
0.024893
0.024869
0.025103
0.024890
0.024892
0.024895
0.024891
0.024933
0.024866
0.024862
0.024918
0.024816
0.024819
0.024938
0.024921
0.024914
0.025013
0.024826
0.024937
0.024888
0.024949
0.024838
0.024803
0.025039
0.024864
0.024818
0.024872
0.024895
0.024781
0.024850
0.024837
0.024968
0.024960
0.024845
0.024663
0.024728
0.024828
0.024911
0.024935
0.024810
0.024841
0.024840
0.024784
0.024743
0.024955
0.024878
0.024907
0.024957
0.024877
0.024886
0.024874
0.024719
0.024693
0.024883
0.024846
0.024811
0.024886
0.024855
0.024911
0.024951
0.025035
0.024918
0.025018
0.024905
0.024955
0.024821
0.024797
0.024925
0.024872
0.024901
0.024707
0.024814
0.024991
0.024691
0.024767
0.024838
0.024786
0.024879
0.025017
0.024889
0.024673
0.024828
0.024725
0.024740
0.024681
0.024756
0.025015
0.025050
0.024782
0.024930
0.024823
0.024908
0.024908
0.024839
0.024976
0.024896
0.024917
0.024745
0.024845
0.024875
0.024909
0.024893
0.024925
0.024959
0.024767
0.024814
0.024913
0.024907
0.024997
0.024926
0.025070
0.024977
0.024938
0.024820
0.024867
0.024769
0.024957
0.024898
0.024977
0.024844
0.024828
0.024813
0.024783
0.024902
0.024929
0.024913
0.025022
0.024891
0.024725
0.024922
0.024910
0.024715
0.024653
0.024914
0.024891
0.024706
0.024794
0.024806
0.024721
0.025002
0.024922
0.024931
0.024770
0.024935
0.024890
0.024755
0.024996
0.024771
0.024772
0.024826
0.024910
0.024782
0.024926
0.024856
0.024905
0.024852
0.024937
0.024959
0.024812
