0.006492
0.012239
0.016664
0.016752
0.016768
0.016715
0.016641
0.016720
0.016881
0.016630
0.016763
0.016758
0.016712
0.016870
0.016728
0.016761
0.016821
0.016821
0.020752
0.020766
0.020669
0.020768
0.020680
0.020579
0.020752
0.020798
0.020752
0.020794
0.020772
0.020725
0.020830
0.020719
0.020949
0.021022
0.021129
0.021085
0.021087
0.021107
0.020913
0.021086
0.020967
0.021152
0.021084
0.020923
0.021203
0.020995
0.021100
0.021096
0.021123
0.020861
0.021015
0.021093
0.021236
0.021100
0.021083
0.021008
0.021069
0.021033
0.020970
0.020983
0.021059
0.021016
0.021134
0.020994
0.021048
0.020975
0.021078
0.021079
0.021054
0.021033
0.021225
0.020941
0.021065
0.020962
0.020962
0.021036
0.020986
0.021217
0.021004
0.021208
0.020936
0.021087
0.021183
0.020951
0.021038
0.024912
0.025205
0.025190
0.025005
0.025124
0.025090
0.024996
0.025169
0.025078
0.025055
0.025054
0.025190
0.025108
0.025109
0.025127
0.025203
0.025115
0.025022
0.025208
0.025205
0.025165
0.024968
0.025254
0.025081
0.025189
0.024972
0.025182
0.025060
0.025140
0.025063
0.025025
0.024871
0.025109
0.025233
0.025246
0.025240
0.025165
0.025157
0.025133
0.024994
0.024993
0.025052
0.025149
0.025005
0.025086
0.025028
0.025220
0.025173
0.025180
0.025106
0.025123
0.025157
0.025129
0.025200
0.025049
0.025097
0.025218
0.025228
0.025113
0.025078
0.025147
0.025186
0.025033
0.025066
0.025039
0.025114
0.025007
0.025163
0.025088
0.025218
0.025173
0.025079
0.024899
0.025221
0.025180
0.025035
0.025103
0.025162
0.025173
0.025243
0.025162
0.025147
0.024947
0.025148
0.025071
0.025055
0.025233
0.025146
0.025215
0.025103
0.024999
0.025254
0.025049
0.025142
0.025014
0.025010
0.025148
0.025144
0.025224
0.025166
0.025228
0.025111
0.025111
0.025271
0.025204
0.025042
0.025092
0.025168
0.025074
0.025120
0.025195
0.025284
0.024981
0.025058
0.025163
0.024944
0.025095
0.025078
0.025194
0.025100
0.025110
0.025103
0.025094
0.025084
0.025099
0.025029
0.025186
0.025117
0.025089
0.025080
0.025126
0.025099
0.024984
0.025194
0.025175
0.025093
0.025008
0.025016
0.025035
0.025109
0.025193
0.025167
0.025103
0.025061
0.025080
0.025117
0.025064
0.025163
0.025150
0.025134
0.025100
0.025042
0.025140
0.025097
0.025071
0.024987
0.025061
0.025220
0.025200
0.025142
0.025179
0.025095
0.025174
0.025101
0.025221
0.025148
0.025226
0.025165
0.025015
0.025036
0.025201
0.025243
0.025217
0.025064
0.025150
0.025188
0.025217
0.025025
0.025087
0.025049
0.024978
0.025133
0.025203
0.025266
0.025237
0.025142
0.025188
0.025022
0.025143
0.025161
0.025104
0.025314
0.025106
0.025083
0.025221
0.025188
0.025144
0.025176
0.025212
0.025197
0.025090
0.025062
0.025130
0.025141
0.025066
0.025199
0.025039
0.025071
0.025238
0.025074
0.025191
0.025099
0.025302
0.025273
0.025266
0.025142
0.025198
0.025160
0.025008
0.025217
0.025236
0.025217
0.024906
0.025039
0.025139
0.025070
0.025171
0.025142
0.025225
0.025239
0.025213
0.025139
0.025023
0.025223
0.025159
0.025243
0.025063
0.025177
0.025328
0.025128
0.025183
0.024983
0.024943
0.025063
0.025117
0.025144
0.025184
0.025166
0.025146
0.025141
0.025190
0.025130
0.025079
0.025009
0.025119
0.025087
0.025177
0.025255
0.025084
0.025110
0.025114
0.025280
0.025315
0.025211
0.025141
0.025099
0.025170
0.025109
0.025057
0.025157
0.025136
0.025083
0.025252
0.025143
0.025246
0.025137
0.025050
0.025212
0.025095
0.025207
0.025228
0.025075
0.025125
0.025064
0.025142
0.025189
0.025081
0.025147
0.025209
0.025118
0.025060
0.025201
0.025278
0.025179
0.025162
0.025129
0.025153
0.025013
0.025284
0.025064
0.025252
0.025063
0.025152
0.025100
0.024993
0.024996
0.025105
0.024971
0.025210
0.025057
0.025165
0.025131
0.025135
0.025192
0.025151
0.025253
0.025185
0.025219
0.025059
0.025058
0.025078
0.024936
0.025176
0.025070
0.025074
0.025247
0.025256
0.025148
0.025119
0.024978
0.025041
0.025115
0.023059
0.020876
0.020855
0.020917
0.020722
0.020864
0.020736
0.020680
0.020863
0.020897
0.020751
0.020909
0.020796
0.020583
0.020525
0.020836
0.020711
0.020690
0.020778
0.020647
0.020890
0.020705
0.020784
0.020936
0.020823
0.020780
0.020714
0.020592
0.020682
0.020758
0.020712
0.020807
0.020645
0.020719
0.020747
0.020642
0.020762
0.020748
0.020767
0.021006
0.020918
0.021124
0.020983
0.021100
0.021168
0.020997
0.020937
0.021028
0.020992
0.021022
0.020997
0.021140
0.021146
0.021030
0.021071
0.021070
0.021115
0.021123
0.021045
0.021242
0.021079
0.021306
0.021043
0.021253
0.020876
0.021139
0.021062
0.021023
0.020941
0.020931
0.021117
0.021037
0.021046
0.020922
0.021085
0.021020
0.020920
0.021173
0.020992
0.021085
0.021116
0.021039
0.020976
0.020915
0.020915
0.020962
0.021058
0.020926
0.020991
0.020784
0.021093
0.021020
0.025007
0.025193
0.025157
0.025086
0.025059
0.025056
0.025097
0.025053
0.025091
0.024981
0.025175
0.025083
0.025159
0.024970
0.025046
0.025116
0.025135
0.025067
0.025108
0.025080
0.025202
0.025156
0.024975
0.025073
0.025280
0.025325
0.025149
0.025085
0.025064
0.025125
0.025049
0.025070
0.025019
0.025049
0.024973
0.025023
0.025144
0.025063
0.025065
0.025112
0.025083
0.025199
0.025025
0.025219
0.024985
0.025241
0.024973
0.025005
0.024957
0.025076
0.025074
0.025211
0.025161
0.025043
0.025244
0.025121
0.024801
0.025111
0.025070
0.025062
0.025075
0.025086
0.025098
0.024999
0.025132
0.025140
0.025055
0.025141
0.025275
0.025273
0.025085
0.025127
0.025199
0.025043
0.024945
0.025051
0.025029
0.025060
0.025017
0.025244
0.025161
0.025216
0.025107
0.024984
0.025113
0.025104
0.025149
0.025314
0.025176
0.025239
0.025133
0.025079
0.025209
0.025077
0.025207
0.025244
0.024954
0.025172
0.025031
0.025237
0.025000
0.025076
0.025165
0.025300
0.025097
0.025034
0.025053
0.025216
0.025027
0.025121
0.025027
0.024976
0.024973
0.025229
0.025075
0.025190
0.025236
0.025064
0.024987
0.025049
0.025144
0.025212
0.025105
0.025074
0.025000
0.025295
0.025205
0.025200
0.025119
0.025203
0.024980
0.025072
0.025195
0.025042
0.025202
0.025260
0.025033
0.025037
0.025026
0.024976
0.024987
0.025131
0.025155
0.024985
0.025096
0.025034
0.025060
0.025186
0.025066
0.025119
0.024866
0.025003
0.025060
0.025216
0.025002
0.024999
0.025103
0.025188
0.025082
0.025138
0.025192
0.025046
0.025061
0.025084
0.025186
0.025018
0.025165
0.025185
0.025077
0.025151
0.025095
0.025122
0.025156
0.025229
0.025068
0.025033
0.025222
0.025117
0.025187
0.025064
0.025100
0.025163
0.025025
0.025166
0.025013
0.024989
0.025125
0.025049
0.025102
0.024970
0.025144
0.025197
0.025182
0.025035
0.025143
0.025135
0.025053
0.025047
0.025055
0.025158
0.025082
0.024985
0.025196
0.025142
0.025218
0.025297
0.025060
0.025256
0.025185
0.024998
0.025044
0.025205
0.025183
0.025090
0.025049
0.025058
0.025127
0.025165
0.025074
0.025181
0.024922
0.024975
0.025057
0.025150
0.025150
0.025211
0.025189
0.025234
0.025261
0.025097
0.025163
0.025185
0.025072
0.025065
0.025132
0.025007
0.025023
0.025150
0.025198
0.025185
0.024873
0.025120
0.024988
0.025154
0.025087
0.025173
0.025244
0.025098
0.025175
0.025139
0.025139
0.025118
0.025039
0.025094
0.020791
0.020873
0.020754
0.020746
0.020657
0.020624
0.020813
0.020710
0.020654
0.020799
0.020748
0.020896
0.020724
0.020856
0.020802
0.020851
0.020791
0.020765
0.020711
0.020875
0.020628
0.020778
0.020651
0.020765
0.020792
0.020674
0.020756
0.020816
0.020714
0.020837
0.020694
0.020739
0.020770
0.020711
0.020734
0.020752
0.020857
0.020851
0.020697
0.021135
0.021082
0.020962
0.021107
0.020952
0.021010
0.021038
0.021075
0.020965
0.021102
0.017217
0.016994
0.016909
0.017204
0.016686
0.017248
0.016940
0.017177
0.016740
0.017175
0.016872
0.017202
0.017067
0.016964
0.017152
0.017035
0.017112
0.017086
0.017136
0.017150
0.016888
0.017137
0.017102
0.017102
0.016810
0.017088
0.017162
0.017054
0.017194
0.017132
0.017080
0.017106
0.017108
0.017201
0.020762
0.020599
0.020708
0.020869
0.020685
0.020882
0.020737
0.020520
0.020726
0.020763
0.020785
0.020974
0.021201
0.020936
0.021020
0.020947
0.021003
0.020884
0.020983
0.021054
0.021053
0.021010
0.020981
0.021016
0.020966
0.020887
0.021022
0.021132
0.021091
0.021090
0.021055
0.020986
0.021018
0.020976
0.021084
0.020976
0.021039
0.020962
0.021072
0.021129
0.020953
0.021036
0.021080
0.021000
0.021141
0.021046
0.021063
0.021035
0.020883
0.021061
0.020909
0.020935
0.021025
0.021028
0.020937
0.020946
0.021081
0.021061
0.021117
0.021136
0.021023
0.020995
0.021189
0.023123
0.024956
0.025101
0.025078
0.025119
0.025229
0.025080
0.025186
0.025199
0.025062
0.024993
0.025078
0.025255
0.025158
0.025038
0.025083
0.025133
0.025096
0.025153
0.025257
0.025189
0.025074
0.025132
0.025094
0.025164
0.025135
0.025056
0.025115
0.025200
0.025128
0.025121
0.024971
0.025064
0.024948
