0.004002
0.018412
0.020913
0.020828
0.020922
0.020864
0.020871
0.024883
0.024855
0.024786
0.024954
0.024996
0.025153
0.025057
0.025006
0.024965
0.024956
0.025069
0.025164
0.025134
0.024816
0.024957
0.024853
0.025033
0.025016
0.024802
0.025017
0.025042
0.024859
0.024850
0.025055
0.024995
0.024805
0.024846
0.025070
0.025027
0.024959
0.024960
0.024890
0.025086
0.024945
0.024848
0.024955
0.024944
0.024848
0.024906
0.025004
0.024999
0.024999
0.025022
0.024812
0.024946
0.024922
0.024867
0.024907
0.024888
0.024824
0.025064
0.024878
0.024953
0.024954
0.025115
0.024959
0.025099
0.024704
0.025058
0.025078
0.024956
0.025134
0.024994
0.025028
0.024972
0.025015
0.024989
0.024948
0.024928
0.024954
0.025174
0.024973
0.024909
0.024885
0.025057
0.025098
0.024861
0.025015
0.024940
0.025068
0.025017
0.025001
0.024897
0.024997
0.025140
0.024987
0.024911
0.024880
0.025004
0.024965
0.024982
0.025064
0.024996
0.024856
0.025048
0.025065
0.024827
0.025028
0.024888
0.024935
0.024790
0.024976
0.024993
0.024957
0.024965
0.024908
0.024944
0.024945
0.024957
0.025073
0.024899
0.025200
0.024906
0.024931
0.024856
0.025060
0.025033
0.025052
0.024913
0.025029
0.024903
0.024948
0.024908
0.024992
0.024972
0.024752
0.025018
0.024847
0.025027
0.025004
0.025079
0.025101
0.024949
0.024944
0.025027
0.024987
0.024931
0.024925
0.025003
0.025017
0.024929
0.024932
0.024989
0.025038
0.025012
0.024928
0.024986
0.025137
0.025077
0.025037
0.024903
0.025096
0.024957
0.024975
0.024944
0.024997
0.025137
0.024929
0.025010
0.024865
0.024965
0.024858
0.025021
0.024922
0.024918
0.024933
0.024947
0.024975
0.024982
0.024933
0.025084
0.025066
0.024890
0.024962
0.025096
0.024887
0.025129
0.025011
0.025038
0.024987
0.025031
0.024922
0.025133
0.024916
0.025042
0.024979
0.024988
0.025098
0.024972
0.025031
0.025075
0.024956
0.025157
0.025062
0.025023
0.025115
0.025104
0.025065
0.025007
0.025057
0.024955
0.024798
0.025049
0.025070
0.025113
0.025036
0.025057
0.025188
0.025134
0.024821
0.024913
0.025120
0.025092
0.025064
0.024933
0.025058
0.025132
0.025011
0.025062
0.024945
0.025178
0.025033
0.024753
0.025135
0.025239
0.025088
0.025079
0.024943
0.025069
0.025097
0.025003
0.025187
0.025124
0.024872
0.025069
0.025126
0.024842
0.025085
0.025052
0.024987
0.025006
0.025221
0.025029
0.024976
0.025128
0.025127
0.025125
0.025135
0.025127
0.025102
0.025088
0.025029
0.025042
0.025115
0.025174
0.025125
0.025189
0.025047
0.025121
0.025061
0.024938
0.024893
0.025035
0.025248
0.025141
0.025023
0.025073
0.025023
0.025181
0.025053
0.025128
0.025050
0.025091
0.025018
0.025113
0.025082
0.025159
0.024952
0.025069
0.025185
0.025138
0.025023
0.025097
0.025053
0.024981
0.025230
0.025163
0.024923
0.024911
0.025137
0.025007
0.025208
0.025035
0.025197
0.024986
0.024935
0.025102
0.024984
0.025160
0.025061
0.025031
0.025066
0.025007
0.025082
0.025047
0.025047
0.024997
0.025058
0.024861
0.025063
0.025109
0.025111
0.024981
0.025022
0.025081
0.024886
0.025003
0.025032
0.025064
0.025096
0.025141
0.025133
0.025092
0.024961
0.024920
0.025209
0.025031
0.025129
0.025101
0.024973
0.024996
0.025135
0.025153
0.025128
0.025141
0.024927
0.025029
0.025052
0.024908
0.025095
0.025027
0.025126
0.025030
0.024932
0.025059
0.024950
0.025044
0.025011
0.025097
0.024882
0.025108
0.024828
0.025016
0.024902
0.025027
0.025099
0.025030
0.024814
0.025065
0.024920
0.024891
0.025116
0.020527
0.020785
0.020612
0.020721
0.020653
0.020641
0.020629
0.020741
0.020657
0.020658
0.020599
0.020724
0.020661
0.020643
0.020635
0.020600
0.020548
0.020693
0.020665
0.020692
0.020578
0.020579
0.020652
0.020437
0.020725
0.020548
0.020569
0.020580
0.020638
0.020671
0.020601
0.020683
0.020544
0.020529
0.020475
0.020475
0.020468
0.020594
0.020592
0.020735
0.020947
0.020975
0.020943
0.020868
0.020921
0.021006
0.020970
0.020895
0.020996
0.020892
0.020862
0.020934
0.021008
0.020996
0.020961
0.020865
0.021004
0.020911
0.021091
0.020929
0.021008
0.020848
0.020956
0.020919
0.020962
0.020974
0.021000
0.020944
0.020967
0.020913
0.020934
0.020826
0.020797
0.020881
0.020747
0.020918
0.020906
0.020983
0.020815
0.020916
0.020857
0.021049
0.020801
0.020922
0.021038
0.020878
0.020874
0.020913
0.020855
0.020935
0.020771
0.021137
0.025064
0.024897
0.024911
0.024890
0.025090
0.025002
0.024918
0.025026
0.025027
0.024937
0.024947
0.024962
0.024843
0.024921
0.024846
0.024975
0.025048
0.025148
0.024953
0.024927
0.024894
0.025183
0.024945
0.025027
0.024925
0.025007
0.025124
0.025057
0.024864
0.025124
0.024895
0.024940
0.024945
0.025049
0.024951
0.025192
0.024975
0.024964
0.020760
0.020653
0.020525
0.020621
0.020615
0.020730
0.020612
0.020743
0.020558
0.020802
0.020404
0.020717
0.020601
0.020713
0.020594
0.020791
0.020591
0.020837
0.020652
0.020529
0.020516
0.020626
0.020486
0.020425
0.020569
0.020644
0.020674
0.020537
0.020572
0.020481
0.020825
0.020560
0.020578
0.020623
0.020487
0.020538
0.020514
0.020565
0.020677
0.020848
0.020987
0.020877
0.020997
0.021062
0.020943
0.021023
0.020854
0.020939
0.020831
0.020970
0.020738
0.021007
0.021024
0.021063
0.021085
0.020880
0.020961
0.021002
0.020926
0.020950
0.020957
0.020995
0.020905
0.021067
0.020973
0.020951
0.020980
0.020812
0.020874
0.020825
0.020831
0.020998
0.020798
0.020911
0.020933
0.020889
0.020890
0.020812
0.020930
0.020910
0.020663
0.020798
0.020867
0.020779
0.020895
0.020865
0.020812
0.020949
0.020922
0.021007
0.021007
0.021032
0.025055
0.024912
0.025050
0.025035
0.024944
0.025009
0.024758
0.025119
0.024854
0.025101
0.024958
0.025097
0.024847
0.025190
0.024899
0.025119
0.024979
0.024988
0.024992
0.025113
0.024960
0.024963
0.024847
0.024904
0.024993
0.025028
0.025038
0.025080
0.024782
0.025025
0.024872
0.025161
0.024930
0.025085
0.024975
0.024948
0.024859
0.025002
0.024955
0.024952
0.025093
0.025023
0.025034
0.024901
0.024917
0.024921
0.024971
0.025121
0.025086
0.025064
0.024971
0.025075
0.024968
0.024963
0.024979
0.025160
0.024976
0.024950
0.024998
0.024943
0.024860
0.025141
0.025128
0.025028
0.024972
0.025139
0.024971
0.025090
0.025130
0.024842
0.025156
0.025084
0.024949
0.025007
0.025017
0.025002
0.025020
0.025083
0.025130
0.025144
0.025037
0.025203
0.025030
0.025000
0.025067
0.025010
0.025010
0.025108
0.025054
0.025194
0.024952
0.025113
0.025039
0.024984
0.025022
0.024987
0.025048
0.025187
0.025007
0.025121
0.024991
0.025085
0.025092
0.025149
0.025150
0.025232
0.025011
0.025075
0.024885
0.025037
0.025071
0.025115
0.024989
0.025111
0.025026
0.025180
0.025119
0.025054
0.025062
0.025115
0.025102
0.025043
0.024974
0.025024
0.025094
0.024991
0.025105
0.025053
0.025159
0.024944
0.024977
0.025012
0.025063
0.025104
0.025124
0.025189
0.024935
0.025193
0.025259
0.025009
0.024972
0.025044
0.024943
0.024970
0.024963
0.025089
0.024951
0.025004
0.024966
0.025043
0.024923
0.025096
0.025223
0.025096
0.024890
0.025189
0.025107
0.025041
0.024995
0.025121
0.025062
0.024982
0.024968
0.024965
0.025014
0.024986
0.024922
0.025058
0.024990
0.024841
0.025117
0.025085
0.025147
0.025065
0.024956
0.025236
0.024946
0.025176
0.025036
0.024896
0.024999
0.025146
0.024858
0.025089
0.024868
0.024961
0.025043
0.025074
0.025015
0.025155
0.025055
0.025156
0.025136
0.024970
0.024922
0.025058
0.025058
0.024998
0.025033
0.025050
0.024934
0.025061
0.025072
0.025048
0.025037
0.024963
0.024880
0.025104
0.024930
0.025085
0.024889
0.025033
0.024893
0.025067
0.025043
0.024939
0.024923
0.024955
0.024812
0.024805
0.025018
0.024989
0.024933
0.024830
0.024815
0.025166
0.024887
0.025105
0.024980
0.024992
0.024957
0.024967
0.024854
0.025155
0.024816
0.025101
0.024889
0.024995
0.024867
0.025024
0.024970
0.025048
0.024934
0.025085
0.024941
0.025024
0.024979
0.024833
0.025087
0.024870
0.024922
0.024839
0.025020
0.025006
0.024968
0.024884
0.024947
0.024994
0.024946
0.024879
0.025009
0.024914
0.020815
0.020553
0.020645
0.020711
0.020747
0.020670
0.020674
0.020646
0.020728
0.020735
0.020636
0.020746
0.020698
0.020737
0.020610
0.020746
0.020564
0.020686
0.020611
0.020684
0.020671
0.020477
0.020572
0.020681
0.020681
0.020577
0.020540
0.020715
0.020626
0.020732
0.020616
0.020697
0.020662
0.020598
0.020650
0.020685
0.020739
0.020557
0.020664
0.020808
0.020798
0.020900
0.020983
0.020959
0.020908
0.020816
0.020888
0.020898
0.020935
0.020897
0.020937
0.020832
0.020913
0.016495
0.016627
0.016741
0.016565
0.016641
0.016782
0.016506
0.016617
0.016629
0.016684
0.016674
0.016764
0.016570
0.016584
0.016649
0.016494
0.016555
0.016653
0.016625
0.016677
0.016684
0.016537
0.016724
0.016577
0.016731
0.016545
0.016516
0.016509
0.016757
0.016615
0.016552
0.016639
0.016687
0.016500
0.016575
0.016702
0.016688
0.016639
0.016654
0.020624
0.020702
0.020791
0.020767
0.020612
0.020701
0.020647
0.021079
0.020993
0.020993
0.020965
0.020984
0.021018
0.020920
0.021022
0.020899
0.021078
0.021019
0.021077
0.020958
0.020906
0.020824
0.021010
0.021024
0.020951
0.020854
0.020898
0.020922
0.021058
0.021038
0.020887
0.021047
0.020903
0.020991
0.020890
0.021048
0.021012
0.021003
0.021007
0.021044
0.020949
0.020972
0.020918
0.020918
0.020876
0.020961
0.020884
0.021022
0.020903
0.020850
0.020918
0.020939
0.020979
0.020854
0.020976
