0.012139
0.018594
0.024966
0.024838
0.024887
0.025030
0.024981
0.025018
0.024935
0.025012
0.024730
0.024850
0.024861
0.024935
0.024858
0.025002
0.024941
0.024888
0.024866
0.024956
0.024919
0.024911
0.024900
0.024742
0.025034
0.024745
0.024954
0.024857
0.025007
0.024936
0.024919
0.024913
0.024932
0.024996
0.025016
0.025115
0.024932
0.024880
0.024883
0.024907
0.024980
0.025012
0.024838
0.024925
0.025062
0.024982
0.025149
0.024987
0.024938
0.024932
0.025007
0.024931
0.025051
0.024949
0.024961
0.025099
0.025032
0.024940
0.024830
0.025140
0.025068
0.025035
0.025123
0.025150
0.025088
0.025002
0.024861
0.024877
0.024964
0.025010
0.025019
0.024937
0.025041
0.025003
0.025045
0.024943
0.024877
0.024970
0.024925
0.024979
0.024945
0.024979
0.024976
0.024922
0.025106
0.025046
0.025085
0.024879
0.025089
0.025030
0.025045
0.025117
0.024946
0.025076
0.025111
0.024969
0.024877
0.025013
0.024969
0.024980
0.025072
0.025132
0.024918
0.024909
0.024841
0.025047
0.025082
0.024987
0.024967
0.025051
0.024935
0.024868
0.025000
0.024940
0.024885
0.024855
0.024913
0.024961
0.025033
0.025086
0.025126
0.025019
0.025011
0.025043
0.025104
0.024842
0.024966
0.025122
0.025022
0.025056
0.024994
0.025082
0.024915
0.025013
0.025011
0.025136
0.025185
0.024930
0.024908
0.024868
0.025126
0.025057
0.024996
0.025004
0.024977
0.025051
0.025023
0.024997
0.025003
0.024903
0.025090
0.025115
0.024971
0.024929
0.024993
0.025033
0.024888
0.024988
0.025104
0.024993
0.025027
0.025061
0.025050
0.024978
0.024911
0.025176
0.025124
0.024858
0.025042
0.025108
0.024922
0.024881
0.024855
0.024896
0.024999
0.024961
0.025033
0.024969
0.024958
0.025011
0.024982
0.024904
0.024999
0.024877
0.025043
0.024936
0.025006
0.024918
0.024947
0.024892
0.025008
0.024991
0.024961
0.024960
0.025045
0.025021
0.024916
0.024904
0.024857
0.024883
0.024974
0.025040
0.025031
0.024783
0.024874
0.024966
0.024936
0.024909
0.024870
0.025131
0.024959
0.025018
0.025115
0.024964
0.024979
0.025018
0.024882
0.024909
0.024982
0.024904
0.024915
0.025017
0.024903
0.024996
0.024991
0.025142
0.024934
0.024892
0.025049
0.024950
0.024977
0.025010
0.024807
0.024894
0.024981
0.025012
0.024966
0.025025
0.025112
0.024859
0.024944
0.024964
0.024881
0.024970
0.024928
0.024941
0.025016
0.024952
0.025064
0.024945
0.024946
0.025027
0.024995
0.025021
0.024956
0.024939
0.024905
0.024984
0.025097
0.024971
0.025001
0.025052
0.024852
0.025049
0.024929
0.025043
0.024987
0.024954
0.024976
0.024877
0.025114
0.024912
0.024902
0.024929
0.025000
0.024935
0.024838
0.025010
0.024967
0.024914
0.024967
0.024897
0.024895
0.024996
0.024988
0.025028
0.024893
0.025050
0.025080
0.024950
0.024925
0.024992
0.025037
0.024939
0.024988
0.024953
0.024843
0.022689
0.015339
0.026476
0.015378
0.026793
0.015126
0.026553
0.015092
0.026604
0.015090
0.026792
0.015063
0.026709
0.013613
0.024421
0.017240
0.024486
0.018837
0.026765
0.015373
0.026391
0.013563
0.024618
0.017335
0.024448
0.016952
0.024845
0.018714
0.026921
0.015120
0.026660
0.017122
0.016980
0.024826
0.016924
0.024808
0.017030
0.024795
0.025216
0.021103
0.017162
0.025308
0.017097
0.025242
0.017039
0.025155
0.017126
0.025218
0.021166
0.017140
0.025141
0.021330
0.017190
0.025173
0.017035
0.025156
0.017232
0.025177
0.017126
0.025201
0.017085
0.025048
0.021231
0.021301
0.021275
0.021476
0.021460
0.021419
0.015232
0.027078
0.021323
0.021459
0.021298
0.021436
0.021348
0.021415
0.021326
0.021264
0.021551
0.021439
0.021440
0.021495
0.021480
0.021593
0.021327
0.023392
0.017406
0.033119
0.019102
0.032928
0.021391
0.028899
0.021397
0.028986
0.021352
0.028898
0.021433
0.029065
0.021398
0.028745
0.021461
0.028848
0.021550
0.028878
0.021445
0.028919
0.021402
0.028902
0.021285
0.028850
0.021415
0.028792
0.021366
0.028811
0.021422
0.028872
0.021365
0.028808
0.013616
0.028432
0.019039
0.015122
0.028384
0.015086
0.018820
0.028640
0.019013
0.014999
0.028583
0.015076
0.026748
0.015012
0.026710
0.015187
0.018770
0.028798
0.015005
0.026796
0.015157
0.026734
0.013586
0.028445
0.014964
0.018865
0.028812
0.014979
0.026791
0.015064
0.026717
0.015009
0.026739
0.015127
0.026817
0.014999
0.025038
0.015079
0.028516
0.014997
0.025394
0.022995
0.015231
0.021319
0.027030
0.013798
0.021506
0.022872
0.025527
0.022924
0.015182
0.026987
0.015342
0.026982
0.013690
0.022908
0.027119
0.015227
0.027080
0.015337
0.026934
0.015334
0.026938
0.015268
0.026928
0.015329
0.027015
0.013709
0.027062
0.023010
0.013795
0.023057
0.027003
0.013603
0.026915
0.023033
0.019357
0.023064
0.015130
0.026957
0.015212
0.026944
0.013754
0.026919
0.022992
0.013769
0.027004
0.021408
0.022915
0.021698
0.028545
0.021500
0.029014
0.021401
0.028942
0.021373
0.028884
0.021489
0.028927
0.021422
0.028914
0.021366
0.029057
0.021545
0.029027
0.021506
0.028957
0.021543
0.028926
0.021305
0.028973
0.021396
0.028904
0.021442
0.028987
0.021391
0.028924
0.021391
0.028950
0.021534
0.028835
0.021400
0.029021
0.021607
0.028891
0.021551
0.028935
0.021431
0.028882
0.021454
0.028944
0.021354
0.029017
0.021384
0.028928
0.021453
0.028902
0.021492
0.028921
0.021460
0.028942
0.021399
0.029003
0.021405
0.028905
0.021495
0.029032
0.021555
0.028866
0.021374
0.029040
0.021499
0.028994
0.021488
0.028921
0.021425
0.028986
0.021504
0.028920
0.021464
0.028859
0.021370
0.029043
0.021462
0.028960
0.021449
0.028886
0.021426
0.028913
0.021462
0.028897
0.021418
0.028865
0.021503
0.028956
0.021338
0.028918
0.021517
0.029017
0.021548
0.028774
0.021422
0.029004
0.021406
0.028932
0.021558
0.028976
0.021437
0.029013
0.021326
0.029001
0.021412
0.028924
0.021467
0.029022
0.021456
0.028839
0.021482
0.029022
0.021449
0.028884
0.021364
0.028881
0.021498
0.028966
0.021640
0.028918
0.021415
0.028857
0.021542
0.028867
0.021337
0.028987
0.021394
0.029088
0.021468
0.028972
0.021497
0.029016
0.021471
0.028961
0.021493
0.028852
0.021389
0.029008
0.021430
0.028826
0.021343
0.028856
0.021461
0.028867
0.021553
0.029040
0.021487
0.029052
0.021434
0.028889
0.021558
0.028907
0.021394
0.028823
0.021483
0.028952
0.021454
0.028850
0.021592
0.028981
0.021441
0.028911
0.021513
0.029003
0.021399
0.029010
0.021425
0.028875
0.021633
0.028804
0.021403
0.029029
0.021571
0.029120
0.021430
0.028945
0.017522
0.032924
0.021485
0.028939
0.021495
0.029029
0.021585
0.028890
0.021352
0.028973
0.021482
0.029034
0.021412
0.028914
0.021429
0.028853
0.021341
0.028926
0.021554
0.028868
0.021570
0.029001
0.021531
0.028939
0.021520
0.029007
0.021600
0.028989
0.021402
0.028960
0.021614
0.029078
0.021483
0.028899
0.021467
0.028977
0.021508
0.029129
0.021515
0.028900
0.021374
0.028878
0.021482
0.028858
0.021423
0.029125
0.021489
0.028947
0.021566
0.028920
0.021502
0.028994
0.021516
0.028924
0.021579
0.028975
0.021427
0.029069
0.021417
0.028862
0.021595
0.028949
0.021364
0.028889
0.021450
0.028944
0.021362
0.028849
0.021481
0.028928
0.021482
0.028932
0.021498
0.028884
0.021393
0.028916
0.021359
0.028954
0.021463
0.028980
0.021440
0.028930
0.021408
0.028895
0.021342
0.028884
0.021528
0.029010
0.021418
0.028820
0.021497
0.029056
0.021495
0.028933
0.021572
0.028911
0.021406
0.028848
0.021387
0.028957
0.021511
0.028927
0.021471
0.028918
0.021309
0.028959
0.021385
0.029020
0.021384
0.028945
0.021499
0.029010
0.021383
0.029019
0.021428
0.028887
0.021574
0.028866
0.021431
0.029004
0.017465
0.032951
0.021304
0.028950
0.021434
0.029079
0.021470
0.028846
0.021347
0.028952
0.021499
0.029035
0.021428
0.028936
0.021530
0.028915
0.021415
0.029026
0.021453
0.028874
0.021425
0.028852
0.021532
0.028896
0.021418
0.029051
0.021424
0.028889
0.021357
0.028961
0.021453
0.028975
0.021340
0.028933
0.021528
0.029020
0.021493
0.029076
0.021428
0.028923
0.021509
0.028996
0.021597
0.029052
0.021441
0.028889
0.021388
0.029070
0.021504
0.028937
0.021421
0.028975
0.021443
0.028932
0.021396
0.028945
0.021633
0.028981
0.021531
0.028921
0.021463
0.029012
0.021474
0.028968
0.021512
0.029135
0.021487
0.029003
0.021559
0.028915
0.021407
0.028951
0.021482
0.028923
0.021405
0.028962
0.021432
0.028993
0.021611
0.028948
0.021572
0.029011
0.021317
0.028864
0.021637
0.028901
0.021544
0.028940
0.021530
0.028962
0.021565
0.028861
0.021463
0.028857
0.021486
0.028913
0.021536
0.028905
0.021577
0.028961
0.021613
0.028874
0.021511
0.028867
0.021440
0.028990
0.021420
0.029034
0.021574
0.028916
0.019341
0.016779
0.018824
0.028867
0.015112
0.026670
0.015312
0.026828
0.015152
0.026716
0.015102
0.026753
0.015168
0.026805
0.015074
0.026747
0.013575
0.028449
0.015064
0.026887
0.013545
0.026930
0.015164
0.028691
0.015127
0.026699
0.015175
0.026688
0.015093
0.026860
0.021007
0.015083
0.026787
0.021187
0.015049
0.026829
0.015173
0.026852
0.015168
0.021309
0.025331
0.023131
0.021353
0.013527
0.027153
0.021223
0.021338
0.021358
0.021299
0.021468
0.021440
0.021217
0.021510
0.021549
0.021442
0.021561
0.021476
0.021430
0.021477
0.021485
0.021469
0.021413
0.021435
0.023299
0.013735
0.026946
0.023263
0.013395
0.027141
0.023224
0.021425
0.013535
0.027172
0.023103
0.013641
0.023196
0.027109
0.013628
0.023095
0.026976
0.013450
0.019046
0.019280
0.014954
0.019020
0.020933
0.013287
0.021119
0.028845
0.015120
0.018508
0.010905
