0.010201
0.018552
0.025020
0.025007
0.025006
0.025106
0.024895
0.024974
0.024858
0.025095
0.024929
0.025113
0.025030
0.025060
0.024945
0.025164
0.024925
0.025197
0.024971
0.024921
0.025094
0.025071
0.025000
0.024845
0.024867
0.025039
0.024955
0.025065
0.025101
0.024966
0.024986
0.024940
0.024982
0.025088
0.025061
0.025031
0.025055
0.024935
0.024825
0.025007
0.024946
0.024960
0.025086
0.024990
0.024996
0.024910
0.024858
0.024940
0.024972
0.025174
0.025043
0.025018
0.024960
0.025036
0.025039
0.024851
0.025059
0.025078
0.024877
0.024916
0.025043
0.024886
0.024963
0.025133
0.025082
0.025018
0.025003
0.025054
0.025007
0.024985
0.025038
0.024863
0.025173
0.025087
0.025015
0.024895
0.024994
0.025022
0.024982
0.025109
0.025134
0.025095
0.025057
0.025129
0.024967
0.025070
0.025131
0.024915
0.024951
0.025068
0.025086
0.025059
0.024940
0.025096
0.025100
0.024831
0.025063
0.024981
0.025107
0.025129
0.024941
0.025111
0.024958
0.025038
0.025110
0.025073
0.025048
0.025278
0.024947
0.025048
0.024871
0.025055
0.024975
0.025154
0.025014
0.025006
0.025116
0.025014
0.025063
0.025034
0.025035
0.025108
0.025110
0.024955
0.024898
0.025090
0.024976
0.025004
0.025112
0.025025
0.025032
0.024914
0.025019
0.024957
0.025021
0.025122
0.024995
0.025085
0.024994
0.025208
0.025094
0.024911
0.024970
0.024901
0.025009
0.024998
0.024903
0.025073
0.024940
0.024993
0.025066
0.025052
0.025046
0.025110
0.025135
0.025006
0.025068
0.025128
0.025022
0.025068
0.025018
0.025098
0.025131
0.024984
0.024908
0.025019
0.025052
0.025022
0.025037
0.025100
0.024971
0.025036
0.025163
0.025037
0.025118
0.025147
0.025114
0.025131
0.025086
0.025156
0.025039
0.025020
0.025104
0.025110
0.024988
0.025081
0.024916
0.025073
0.025100
0.025063
0.025123
0.025153
0.025223
0.025193
0.025183
0.025018
0.025046
0.025073
0.025131
0.025008
0.025063
0.025079
0.024923
0.025093
0.025064
0.025107
0.025032
0.025038
0.024973
0.025108
0.024985
0.025031
0.025045
0.025063
0.024889
0.025086
0.025103
0.024976
0.025023
0.025016
0.024854
0.024973
0.025032
0.025041
0.024995
0.024856
0.025043
0.025132
0.025126
0.025098
0.025082
0.025120
0.024998
0.025057
0.025066
0.025112
0.025024
0.025106
0.024976
0.025055
0.024932
0.025158
0.025025
0.025073
0.025012
0.025158
0.024960
0.025085
0.024981
0.024988
0.025022
0.025029
0.024980
0.024971
0.025077
0.025042
0.025096
0.025006
0.024954
0.025004
0.024966
0.025031
0.024955
0.022795
0.020866
0.020693
0.020685
0.020750
0.020733
0.020841
0.020743
0.020751
0.020747
0.020817
0.020682
0.020829
0.020777
0.020807
0.020689
0.020783
0.020700
0.020656
0.020723
0.020726
0.020630
0.020583
0.020666
0.020724
0.020797
0.020662
0.020605
0.020849
0.020572
0.020897
0.020733
0.020632
0.020806
0.020681
0.020764
0.020589
0.020768
0.020753
0.020828
0.020894
0.020890
0.021025
0.020897
0.021125
0.020941
0.020978
0.020939
0.020931
0.020890
0.020988
0.020952
0.021001
0.016743
0.016599
0.016718
0.016716
0.016572
0.016792
0.016750
0.016651
0.016619
0.016732
0.016736
0.016697
0.016848
0.016585
0.016642
0.016580
0.016671
0.016564
0.016688
0.016706
0.016755
0.016699
0.016648
0.016728
0.016583
0.016766
0.016590
0.016536
0.016607
0.016770
0.016721
0.016533
0.016748
0.016767
0.016579
0.016607
0.016755
0.016707
0.016694
0.018806
0.020646
0.020796
0.020897
0.020750
0.020727
0.020807
0.020918
0.021095
0.021091
0.021089
0.021048
0.021199
0.021074
0.021035
0.021079
0.021027
0.021199
0.021107
0.021142
0.021102
0.020906
0.020985
0.021107
0.021129
0.021050
0.021036
0.020959
0.021032
0.021112
0.021134
0.020869
0.021128
0.020974
0.020996
0.021137
0.021079
0.021120
0.021118
0.021120
0.021135
0.021051
0.021116
0.021029
0.020986
0.020930
0.021095
0.020967
0.021116
0.020965
0.020984
0.021028
0.021003
0.021028
0.020989
0.021127
0.019351
0.019092
0.020834
0.016674
0.017110
0.020930
0.018339
0.013159
0.018937
0.018318
0.013069
0.018762
0.018421
0.013196
0.018886
0.018431
0.013052
0.018761
0.018410
0.013064
0.018795
0.016812
0.018330
0.013036
0.018789
0.018439
0.013063
0.018708
0.018387
0.013150
0.018701
0.016990
0.018335
0.013078
0.018814
0.018372
0.013055
0.018911
0.018416
0.013112
0.018784
0.018387
0.013098
0.018836
0.018398
0.013108
0.018842
0.018450
0.013337
0.019011
0.018783
0.013386
0.017139
0.019183
0.017298
0.017334
0.017240
0.017275
0.017157
0.017501
0.017311
0.017317
0.017183
0.017487
0.017314
0.017394
0.017048
0.017413
0.017269
0.017213
0.017181
0.017356
0.017225
0.017308
0.017180
0.017448
0.017308
0.017436
0.017046
0.017474
0.017394
0.017355
0.017135
0.017525
0.017426
0.017143
0.017163
0.017328
0.017242
0.017269
0.017219
0.017539
0.017266
0.017587
0.020760
0.021074
0.020885
0.020983
0.020927
0.020983
0.021111
0.021125
0.025002
0.024961
0.024999
0.025146
0.025110
0.025160
0.024977
0.025220
0.025088
0.025092
0.025111
0.025028
0.025049
0.025102
0.025208
0.025007
0.025024
0.025020
0.024900
0.024936
0.025020
0.025076
0.024999
0.025147
0.024961
0.024970
0.024975
0.025007
0.025003
0.025044
0.024983
0.025128
0.025069
0.025137
0.024979
0.024976
0.025088
0.025094
0.025085
0.024980
0.025065
0.025198
0.025082
0.024996
0.025206
0.025134
0.025275
0.025217
0.024964
0.025008
0.025029
0.025115
0.025117
0.025037
0.025020
0.025005
0.025000
0.025066
0.025061
0.025139
0.025038
0.024988
0.024940
0.025059
0.024965
0.025048
0.024979
0.025147
0.025155
0.025107
0.025261
0.025006
0.025168
0.025079
0.024991
0.025079
0.025145
0.025116
0.025116
0.025023
0.025095
0.024957
0.025009
0.025206
0.025000
0.024965
0.025061
0.025136
0.025000
0.025038
0.025160
0.025033
0.025061
0.024834
0.024932
0.025013
0.025098
0.024874
0.025130
0.025045
0.025136
0.025056
0.025021
0.025142
0.025077
0.025083
0.025009
0.025165
0.025250
0.025037
0.025073
0.025170
0.025164
0.025291
0.025119
0.024985
0.025103
0.025033
0.024976
0.024870
0.025243
0.025107
0.024897
0.025135
0.025022
0.024920
0.025064
0.024892
0.025084
0.024978
0.024942
0.024944
0.025073
0.025097
0.025008
0.025098
0.024993
0.024925
0.024974
0.025172
0.025174
0.025146
0.024973
0.025112
0.025119
0.025096
0.025053
0.025052
0.025124
0.025015
0.025019
0.025073
0.024976
0.025088
0.025046
0.025057
0.025071
0.024989
0.024873
0.025202
0.025103
0.025263
0.025124
0.025168
0.025018
0.025156
0.025056
0.025084
0.025023
0.025163
0.025070
0.025203
0.025060
0.025245
0.025153
0.025280
0.024961
0.025102
0.025249
0.025100
0.025097
0.025054
0.025178
0.025152
0.025166
0.025094
0.025088
0.025057
0.025000
0.025006
0.025030
0.025044
0.024973
0.025057
0.025157
0.025100
0.025018
0.025029
0.024842
0.025048
0.024867
0.024919
0.025039
0.025056
0.024905
0.025078
0.024990
0.024971
0.025124
0.025049
0.025255
0.025044
0.025006
0.025050
0.025028
0.025012
0.025014
0.024965
0.025021
0.025020
0.024911
0.025101
0.025002
0.025064
0.024936
0.024985
0.024971
0.025017
0.024940
0.025116
0.025099
0.025145
0.024926
0.024985
0.025136
0.025208
0.025039
0.025028
0.025057
0.025057
0.025112
0.025028
0.024983
0.025045
0.024972
0.025184
0.025097
0.025105
0.024999
0.024983
0.025060
0.025028
0.024935
0.025041
0.025031
0.025079
0.024946
0.025078
0.025074
0.024970
0.025019
0.025043
0.025120
0.025003
0.025058
0.025001
0.024964
0.025002
0.025043
0.025158
0.024987
0.025207
0.025065
0.024955
0.025059
0.025012
0.025190
0.025064
0.025081
0.025102
0.024920
0.025136
0.025254
0.025051
0.025181
0.025002
0.024932
0.024963
0.025055
0.024952
0.024942
0.024882
0.025060
0.025158
0.025148
0.024931
0.025093
0.025076
0.025168
0.025105
0.025002
0.025137
0.025088
0.024947
0.025019
0.025142
0.025118
0.025174
0.025110
0.025239
0.025038
0.025044
0.025018
0.024986
0.025084
0.025040
0.025046
0.025065
0.025143
0.025005
0.025054
0.025072
0.025090
0.025044
0.025139
0.024881
0.025075
0.024910
0.025214
0.025135
0.025186
0.024919
0.024994
0.025125
0.024917
0.025207
0.024961
0.025101
0.024987
0.024968
0.025050
0.025122
0.025006
0.025229
0.024900
0.025012
0.025004
0.025065
0.025059
0.025119
0.025096
0.025188
0.024961
0.025087
0.024915
0.025022
0.025001
0.025044
0.020827
0.020727
0.020742
0.020816
0.020848
0.020847
0.020840
0.020877
0.020730
0.020795
0.020895
0.020774
0.020834
0.020809
0.020748
0.020839
0.020829
0.020911
0.020763
0.020817
0.020784
0.020763
0.020756
0.020860
0.020720
0.020816
0.020861
0.020737
0.020755
0.020693
0.020881
0.020696
0.020838
0.020726
0.020617
0.020713
0.020797
0.020778
0.020671
0.020972
0.020859
0.021039
0.021003
0.021021
0.020955
0.021096
0.020972
0.021060
0.020972
0.021161
0.020999
0.020935
0.020938
0.021044
0.020833
0.020924
0.020956
0.021006
0.021001
0.021061
0.020879
0.020947
0.020996
0.021016
0.020958
0.021087
0.020907
0.021004
0.020870
0.020991
0.020931
0.020942
0.020999
0.021119
0.020990
0.020999
0.020972
0.021102
0.021002
0.020951
0.021021
0.020958
0.020922
0.021020
0.020958
0.021065
0.021051
0.020946
0.020964
0.021129
0.020879
0.020982
0.024798
0.024966
0.024991
0.025050
0.025093
0.024913
0.024942
0.025113
0.025078
0.025107
0.025046
0.025181
0.024974
0.025128
0.024952
0.025093
0.024973
0.025050
0.025019
0.024956
0.025032
0.024882
0.025139
0.025102
0.024992
0.025106
0.025059
0.025194
0.024993
0.024945
0.024894
0.025097
0.024939
0.025059
0.025051
0.025086
0.024972
