0.009301
0.018254
0.021601
0.027511
0.021297
0.021770
0.021297
0.021482
0.021479
0.021603
0.021546
0.021527
0.021548
0.021606
0.021462
0.021664
0.021666
0.021204
0.021679
0.021516
0.021488
0.015333
0.027184
0.021436
0.021755
0.021363
0.021765
0.021539
0.021480
0.021542
0.021569
0.021575
0.021530
0.021513
0.021513
0.021503
0.021504
0.021239
0.023912
0.027310
0.017317
0.033138
0.021425
0.029200
0.017462
0.033000
0.017421
0.033178
0.017375
0.033135
0.017428
0.033098
0.017325
0.033190
0.017426
0.033261
0.017328
0.033187
0.017603
0.032807
0.021143
0.029147
0.017278
0.033061
0.017435
0.033116
0.017385
0.033150
0.021250
0.029195
0.017404
0.033113
0.017345
0.030056
0.028783
0.017325
0.033054
0.017401
0.033070
0.017398
0.033131
0.021258
0.029181
0.021317
0.029075
0.021367
0.029283
0.021389
0.029081
0.021422
0.029182
0.021376
0.029129
0.021253
0.029106
0.021466
0.029169
0.021273
0.029316
0.021474
0.029087
0.021448
0.029228
0.021370
0.029269
0.021408
0.029222
0.021413
0.029329
0.021407
0.029101
0.021286
0.029125
0.021266
0.029165
0.021265
0.029053
0.021426
0.029257
0.021321
0.029124
0.021372
0.029080
0.021332
0.029109
0.021310
0.029055
0.021227
0.029180
0.021243
0.029118
0.021285
0.029136
0.021339
0.029215
0.021281
0.029346
0.021224
0.029196
0.021263
0.029174
0.021274
0.029151
0.021363
0.029264
0.021341
0.029082
0.021232
0.029036
0.021285
0.029153
0.021196
0.029091
0.021219
0.029168
0.021336
0.029111
0.021300
0.029040
0.021374
0.029245
0.021400
0.029066
0.021417
0.029266
0.021307
0.029089
0.021178
0.029157
0.021323
0.029301
0.021320
0.029113
0.021384
0.029080
0.021219
0.029205
0.021331
0.029248
0.021367
0.029162
0.021249
0.029213
0.021259
0.029092
0.021275
0.029062
0.021291
0.029050
0.021302
0.029123
0.021428
0.029095
0.021332
0.029146
0.021371
0.029202
0.021167
0.029001
0.021388
0.029122
0.021331
0.029130
0.021387
0.029103
0.021272
0.029229
0.021317
0.029245
0.021302
0.029239
0.021291
0.029069
0.021351
0.029247
0.021366
0.029101
0.022819
0.019121
0.014879
0.026913
0.015033
0.028674
0.019203
0.015038
0.028545
0.019110
0.014996
0.028673
0.017227
0.024606
0.019239
0.014924
0.026963
0.014885
0.028592
0.017306
0.024541
0.019156
0.014890
0.026932
0.014966
0.026950
0.014798
0.027023
0.014928
0.026896
0.014875
0.027007
0.014892
0.026769
0.014938
0.028704
0.017283
0.024548
0.017346
0.019129
0.018784
0.017005
0.011084
0.021020
0.018636
0.011101
0.020990
0.018547
0.011153
0.021138
0.018656
0.010983
0.021022
0.018712
0.017085
0.017019
0.017010
0.016924
0.011079
0.021151
0.018827
0.016968
0.011142
0.020951
0.018764
0.015120
0.018842
0.017102
0.015203
0.012888
0.021154
0.017132
0.018730
0.011127
0.016822
0.021387
0.017142
0.017126
0.012917
0.021104
0.017131
0.012727
0.023205
0.023019
0.014989
0.028853
0.017563
0.023329
0.015166
0.027271
0.015234
0.027235
0.015094
0.025666
0.023023
0.015222
0.027183
0.015062
0.027409
0.015217
0.027244
0.015281
0.027301
0.015116
0.027282
0.015112
0.027233
0.023239
0.013572
0.027141
0.022938
0.017389
0.023162
0.023140
0.013448
0.027106
0.023121
0.013466
0.027364
0.015145
0.025726
0.023109
0.019124
0.023227
0.023034
0.017548
0.023192
0.023200
0.017450
0.023197
0.015151
0.027162
0.023165
0.017548
0.023197
0.023234
0.018939
0.033161
0.021406
0.029161
0.021286
0.029148
0.021203
0.029074
0.021357
0.029189
0.021230
0.029188
0.021431
0.029059
0.021375
0.029067
0.021214
0.029054
0.021176
0.029181
0.021375
0.029277
0.021296
0.029062
0.021273
0.029083
0.021302
0.029160
0.021418
0.029133
0.021218
0.029086
0.021303
0.029189
0.021456
0.029195
0.021364
0.029118
0.021318
0.029022
0.021183
0.029179
0.021357
0.029099
0.021407
0.029146
0.021400
0.029120
0.021206
0.029053
0.021340
0.029213
0.021270
0.029077
0.021284
0.029198
0.021403
0.029118
0.021284
0.029156
0.021382
0.029229
0.021372
0.029272
0.021337
0.029180
0.021383
0.029156
0.021400
0.029084
0.021348
0.029132
0.021430
0.029147
0.021373
0.029160
0.021257
0.029158
0.021368
0.029245
0.021428
0.029094
0.021337
0.029133
0.021300
0.029088
0.021196
0.029167
0.021268
0.029082
0.021300
0.029133
0.021252
0.029146
0.021310
0.029244
0.021302
0.029220
0.021373
0.029095
0.021353
0.029142
0.021302
0.029133
0.021439
0.029171
0.021204
0.029178
0.021319
0.028973
0.021392
0.029157
0.021283
0.029128
0.021250
0.029131
0.021247
0.029052
0.021173
0.029020
0.021373
0.029142
0.021303
0.029150
0.021181
0.029064
0.021250
0.029151
0.021308
0.029113
0.021281
0.029065
0.021319
0.029116
0.021310
0.029086
0.021336
0.029257
0.021261
0.029050
0.021190
0.029145
0.021468
0.029171
0.021321
0.029072
0.021223
0.029113
0.021242
0.029058
0.021267
0.029159
0.021244
0.029150
0.021278
0.029115
0.021137
0.029098
0.021283
0.029303
0.021270
0.029069
0.021242
0.029218
0.021300
0.029085
0.021261
0.029206
0.021260
0.029150
0.021297
0.028993
0.021340
0.029159
0.021241
0.029116
0.021127
0.029021
0.021228
0.029167
0.021302
0.029076
0.021291
0.029169
0.021348
0.029114
0.021177
0.029150
0.021194
0.029114
0.021338
0.029045
0.021295
0.029128
0.021341
0.029074
0.021272
0.029138
0.021200
0.029182
0.021364
0.028959
0.021307
0.029102
0.021184
0.029101
0.021315
0.029044
0.021225
0.029155
0.021357
0.029159
0.021185
0.029055
0.021352
0.029197
0.021317
0.029187
0.021304
0.029130
0.021388
0.029079
0.021317
0.028954
0.021230
0.029119
0.021214
0.029169
0.021295
0.029186
0.021342
0.029171
0.021378
0.029131
0.021273
0.029190
0.021409
0.029231
0.021262
0.029019
0.021239
0.029208
0.021429
0.029127
0.021371
0.029145
0.021350
0.029193
0.021318
0.029051
0.021263
0.029131
0.021220
0.029153
0.021328
0.029208
0.021209
0.028976
0.021238
0.029086
0.021327
0.028983
0.021246
0.029158
0.021280
0.029150
0.021388
0.029074
0.021302
0.029220
0.021257
0.029110
0.021231
0.029139
0.021257
0.029052
0.021195
0.029075
0.021282
0.029089
0.021270
0.029016
0.021396
0.029206
0.021169
0.029133
0.021322
0.029071
0.021436
0.029210
0.021346
0.029205
0.021351
0.029097
0.021369
0.029136
0.021416
0.029028
0.021295
0.029158
0.021031
0.018886
0.016838
0.028790
0.019081
0.018829
0.016889
0.028742
0.019145
0.014839
0.028550
0.019105
0.022837
0.019208
0.014944
0.028775
0.019162
0.015028
0.028739
0.019092
0.014908
0.026906
0.014907
0.028727
0.019157
0.022819
0.019088
0.014834
0.028658
0.019101
0.022674
0.019013
0.022799
0.019191
0.022806
0.017526
0.024230
0.017232
0.020687
0.016956
0.021450
0.021351
0.025401
0.021525
0.021395
0.023134
0.023134
0.019351
0.015055
0.025492
0.023156
0.022991
0.017583
0.023115
0.023255
0.019361
0.015062
0.025423
0.021484
0.021546
0.021446
0.021349
0.023111
0.023020
0.017493
0.017043
0.027224
0.023195
0.017586
0.023303
0.023052
0.017413
0.023136
0.023165
0.017430
0.023211
0.023134
0.017456
0.023264
0.015075
0.027224
0.022912
0.017335
0.023221
0.023025
0.015223
0.018669
0.011066
0.022758
0.021095
0.018735
0.024846
0.017402
0.024657
0.018975
0.016977
0.020780
0.025139
0.016988
0.024890
0.019008
0.023252
0.018831
0.023144
0.018907
0.023331
0.016913
0.024780
0.017027
0.024956
0.017050
0.024805
0.017016
0.024867
0.018903
0.024754
0.017342
0.023091
0.016809
0.024960
0.017046
0.024936
0.017006
0.025095
0.017192
0.025037
0.019138
0.021460
0.021760
0.023159
0.019106
0.023376
0.019199
0.023245
0.017348
0.023255
0.023334
0.017249
0.023374
0.023370
0.019343
0.023196
0.017269
0.021535
0.023136
0.024930
0.015780
0.021491
0.023064
0.023447
0.017231
0.023365
0.023301
0.017065
0.023272
0.023145
0.017138
0.021325
0.021701
0.023374
0.023364
0.017211
0.023354
0.023473
0.017153
0.023361
0.023385
0.017181
0.021459
0.023640
0.023213
0.017153
0.021266
0.021689
0.031073
0.021292
0.033152
0.017252
0.033091
0.017410
0.033293
0.017290
0.033101
0.017425
0.032981
0.017260
0.033043
0.017331
0.032993
0.017337
0.033206
0.017291
0.033139
0.017311
0.033031
0.017270
0.033288
0.017390
0.033097
0.017339
0.033058
0.017332
0.033059
0.017226
0.033049
0.017216
0.033113
0.017301
0.033285
0.017309
0.033248
0.017297
0.033113
0.017350
0.033166
0.017306
0.033045
0.017451
0.032871
0.017362
0.033112
0.017227
0.033117
0.017283
0.033109
0.017410
0.033075
0.017315
0.033239
0.017314
0.033143
0.017288
0.033141
0.017318
0.033123
0.017323
0.033049
0.017338
0.033036
0.017347
0.033062
0.017288
0.033029
0.017340
0.033155
0.017332
0.033036
0.017349
0.033209
0.017416
0.033002
0.017319
0.033032
0.017286
0.033095
0.017324
0.033010
0.017248
0.033324
0.017333
0.033165
0.017266
0.033159
0.017490
0.033182
0.017275
0.032917
0.017279
0.033137
0.017261
0.033224
0.017322
0.033193
0.017312
0.033041
0.017356
0.032962
0.017378
0.033181
0.017482
0.033144
0.017318
0.033124
0.017380
0.033143
0.017445
0.033108
0.017312
0.033273
0.017509
0.033030
0.017272
0.029246
0.021132
0.033195
0.017344
0.033206
0.017301
0.033173
0.017267
0.033122
0.017270
0.033197
0.017359
0.033234
0.017378
0.033050
0.017295
0.033163
0.017267
0.033139
0.017279
0.033121
0.017463
0.032958
0.017359
0.033039
0.017328
0.033216
0.017385
0.033068
0.017458
0.033132
0.017318
0.032898
0.017299
0.033021
0.017354
0.033117
0.017274
0.033154
0.017251
0.033048
0.017390
0.033262
0.017417
0.033130
0.017270
0.033246
0.017351
0.033082
0.017403
0.033021
0.017313
0.033037
0.017256
0.033075
