0.011909
0.014601
0.020556
0.020816
0.020853
0.020633
0.020744
0.020804
0.020935
0.021066
0.021067
0.021088
0.021078
0.021166
0.021022
0.021100
0.021011
0.021037
0.021195
0.021081
0.021088
0.021022
0.020841
0.021015
0.021084
0.020985
0.021013
0.020977
0.020969
0.021002
0.021100
0.021016
0.020902
0.021046
0.020952
0.021013
0.021078
0.021049
0.021072
0.021055
0.021097
0.021029
0.021001
0.021063
0.020988
0.020907
0.020905
0.020947
0.021019
0.021059
0.020892
0.020963
0.020945
0.020979
0.020886
0.020981
0.021040
0.018850
0.011065
0.020932
0.016363
0.026901
0.011329
0.018307
0.020715
0.011268
0.018240
0.020622
0.011122
0.018376
0.020791
0.011226
0.018427
0.020602
0.011124
0.018376
0.020594
0.011212
0.016833
0.018298
0.020558
0.011137
0.018391
0.020694
0.011027
0.018418
0.020755
0.010995
0.016938
0.018330
0.020608
0.011194
0.018417
0.020648
0.011190
0.018423
0.020630
0.011186
0.018315
0.020679
0.011188
0.018386
0.020602
0.011169
0.018472
0.020956
0.011199
0.018749
0.020986
0.017080
0.011405
0.017288
0.017286
0.017243
0.017216
0.017034
0.017591
0.017275
0.017248
0.017038
0.017555
0.017308
0.017325
0.017076
0.017382
0.017213
0.017185
0.017171
0.017288
0.017208
0.017249
0.017008
0.017542
0.017320
0.017316
0.016795
0.017534
0.017508
0.017263
0.016999
0.017424
0.017521
0.016973
0.017165
0.017360
0.017357
0.017159
0.017276
0.017541
0.017136
0.017523
0.020638
0.021043
0.020933
0.020943
0.020848
0.020971
0.021048
0.021054
0.024969
0.024929
0.025016
0.025093
0.025134
0.025146
0.024953
0.025166
0.025082
0.025113
0.025070
0.025041
0.025058
0.025110
0.025162
0.024997
0.024969
0.025003
0.024918
0.024892
0.024980
0.025041
0.024969
0.025056
0.024931
0.024900
0.024948
0.024947
0.024972
0.025002
0.024927
0.025112
0.025007
0.025180
0.024952
0.024962
0.025126
0.025029
0.025052
0.024949
0.024969
0.025158
0.025044
0.025053
0.025179
0.025154
0.025271
0.025252
0.025000
0.024988
0.025061
0.025100
0.025111
0.025044
0.025069
0.025076
0.024986
0.025079
0.025059
0.025186
0.025085
0.025016
0.024902
0.025073
0.024990
0.025073
0.024997
0.025120
0.025139
0.025100
0.025214
0.025022
0.025190
0.025078
0.024997
0.025054
0.025126
0.025127
0.025053
0.025106
0.025029
0.025037
0.025002
0.025210
0.025028
0.024934
0.025108
0.025131
0.025053
0.025020
0.025167
0.025048
0.025060
0.024879
0.024915
0.025006
0.025103
0.024832
0.025109
0.025024
0.025152
0.025010
0.025065
0.025151
0.025155
0.025075
0.025024
0.025191
0.025272
0.025061
0.025077
0.025178
0.025181
0.025236
0.025112
0.024996
0.025115
0.025049
0.025018
0.024931
0.025207
0.025090
0.024921
0.025146
0.025028
0.024995
0.025078
0.024968
0.025083
0.024996
0.024950
0.024983
0.025100
0.025067
0.024988
0.025120
0.024998
0.024954
0.024957
0.025172
0.025189
0.025146
0.025018
0.025080
0.025191
0.025077
0.025050
0.025059
0.025145
0.024970
0.025029
0.025186
0.025021
0.024958
0.024973
0.025040
0.025084
0.024927
0.024858
0.025179
0.025064
0.025148
0.025073
0.025170
0.024984
0.025163
0.025113
0.025088
0.024974
0.025133
0.025098
0.025185
0.025038
0.025200
0.025107
0.025272
0.024955
0.025031
0.025262
0.025109
0.025043
0.025042
0.025176
0.025178
0.025100
0.025046
0.025071
0.025056
0.024951
0.025073
0.025054
0.025049
0.024988
0.025083
0.025111
0.025119
0.025010
0.025024
0.024877
0.025066
0.024863
0.024963
0.025020
0.025067
0.024843
0.025092
0.024991
0.024933
0.025077
0.025011
0.025264
0.025032
0.024966
0.025114
0.024962
0.025003
0.025014
0.024925
0.025005
0.024981
0.024909
0.025072
0.024978
0.025063
0.025003
0.024961
0.024979
0.025007
0.024935
0.025093
0.025087
0.025139
0.024989
0.024923
0.025146
0.025182
0.025017
0.025023
0.025009
0.025082
0.025056
0.025010
0.024997
0.025056
0.024933
0.025176
0.025085
0.025092
0.025039
0.025000
0.025065
0.025039
0.024956
0.024962
0.025089
0.025056
0.024982
0.025018
0.025065
0.024946
0.025011
0.025028
0.025100
0.025034
0.025054
0.025015
0.024931
0.024996
0.025005
0.025145
0.025002
0.025180
0.025072
0.024922
0.024999
0.025059
0.025089
0.025058
0.025100
0.025007
0.024954
0.025083
0.025236
0.025006
0.025112
0.024942
0.024947
0.024864
0.024979
0.024881
0.024883
0.024871
0.024947
0.025116
0.025117
0.024911
0.025082
0.025007
0.025123
0.025098
0.024972
0.025109
0.025043
0.024901
0.025017
0.025099
0.025054
0.025151
0.025058
0.025208
0.025021
0.025007
0.025032
0.024964
0.025070
0.025011
0.025028
0.025034
0.025125
0.024970
0.025082
0.025081
0.025134
0.024989
0.025094
0.024872
0.025064
0.024913
0.025120
0.025096
0.025155
0.024872
0.024974
0.025101
0.024958
0.025128
0.024947
0.025117
0.024969
0.024916
0.025013
0.025084
0.024961
0.025204
0.024860
0.024981
0.024958
0.025018
0.025036
0.025065
0.025065
0.025165
0.024972
0.025052
0.024907
0.025018
0.024982
0.025049
0.020767
0.020696
0.020726
0.020823
0.020790
0.020864
0.020825
0.020838
0.020792
0.020751
0.020891
0.020797
0.020837
0.020754
0.020714
0.020796
0.020842
0.020842
0.020699
0.020747
0.020770
0.020762
0.020759
0.020898
0.020742
0.020793
0.020831
0.020704
0.020713
0.020696
0.020820
0.020693
0.020759
0.020750
0.020586
0.020688
0.020741
0.020806
0.020690
0.020907
0.020908
0.021044
0.021001
0.020975
0.020942
0.021084
0.020890
0.021111
0.020972
0.021132
0.020942
0.021019
0.020964
0.021024
0.020888
0.020873
0.020973
0.020995
0.020923
0.021022
0.020879
0.020998
0.020874
0.021007
0.020910
0.021096
0.020874
0.021015
0.020809
0.021015
0.020963
0.020874
0.021059
0.021071
0.020998
0.021011
0.020918
0.021014
0.020956
0.020958
0.020949
0.020918
0.020925
0.021009
0.020920
0.021097
0.021012
0.020956
0.020980
0.021139
0.020929
0.020907
0.024883
0.024900
0.024978
0.025025
0.025105
0.024938
0.024981
0.025065
0.025094
0.025148
0.025032
0.025170
0.025010
0.025018
0.024986
0.025040
0.024913
0.025058
0.024944
0.024977
0.025094
0.024877
0.025111
0.025081
0.024977
0.025070
0.025116
0.025108
0.025041
0.024940
0.024886
0.025052
0.024913
0.025060
0.025006
0.025105
0.024972
0.022917
0.020671
0.020670
0.020565
0.020868
0.020673
0.020710
0.020691
0.020850
0.020755
0.020718
0.020495
0.020721
0.020708
0.020787
0.020599
0.020751
0.020705
0.020766
0.020587
0.020814
0.020722
0.020804
0.020720
0.020737
0.020743
0.020588
0.020739
0.020702
0.020693
0.020680
0.020755
0.020626
0.020751
0.020744
0.020539
0.020781
0.020590
0.020768
0.020744
0.020910
0.020854
0.020885
0.020792
0.020992
0.020982
0.021042
0.020908
0.020887
0.021042
0.020931
0.021092
0.021010
0.020898
0.020917
0.020923
0.020921
0.020984
0.020908
0.021046
0.020863
0.020837
0.020867
0.020884
0.021029
0.021028
0.020882
0.020855
0.020945
0.021035
0.020969
0.020926
0.020934
0.020983
0.020988
0.020861
0.020921
0.020976
0.020845
0.020862
0.020943
0.021049
0.020931
0.020958
0.020840
0.020894
0.020941
0.020832
0.021010
0.021043
0.021124
0.021035
0.024902
0.025060
0.024905
0.025022
0.025105
0.024991
0.025083
0.024934
0.024936
0.024956
0.025042
0.024919
0.025013
0.024921
0.024990
0.024852
0.025098
0.024921
0.025137
0.025072
0.025020
0.025191
0.025030
0.025051
0.025032
0.025020
0.025066
0.025053
0.024972
0.025121
0.025220
0.024987
0.025117
0.024995
0.024936
0.024990
0.025077
0.025118
0.025216
0.025033
0.025076
0.024979
0.025148
0.024909
0.025059
0.024958
0.024969
0.024873
0.025015
0.024878
0.024927
0.025007
0.025046
0.024885
0.025044
0.025034
0.025055
0.025117
0.025073
0.025100
0.025047
0.024897
0.024997
0.024971
0.025057
0.024900
0.025112
0.025066
0.024969
0.024997
0.025113
0.025065
0.024997
0.025072
0.025026
0.024973
0.025068
0.024975
0.025038
0.024955
0.024874
0.025049
0.024944
0.025087
0.025017
0.024953
0.024942
0.024989
0.025054
0.024928
0.024906
0.024766
0.025095
0.024904
0.025184
0.024983
0.025174
0.024998
0.025008
0.025109
0.025196
0.024926
0.025169
0.024993
0.024995
0.025142
0.024957
0.024985
0.024941
0.025009
0.025157
0.024945
0.024948
0.024914
0.025137
0.025074
0.025130
0.024931
0.024985
0.025070
0.025178
0.025023
0.025113
0.025066
0.024989
0.025188
0.025138
0.024896
0.024985
0.025007
0.025126
0.025116
0.025230
0.024893
0.024978
0.025064
0.025055
0.025072
0.024986
0.025124
0.025042
0.025023
0.025051
0.025057
0.025072
0.025074
0.025069
0.025045
0.025141
0.024936
0.025025
0.025039
0.025035
0.025208
0.025148
0.025090
0.024973
0.024923
0.025129
0.024858
0.025000
0.024893
0.024933
0.024908
0.025061
0.025137
0.024935
0.025135
0.024943
0.024968
0.025100
0.025100
0.025038
0.025037
0.025090
0.024740
0.024973
0.025088
0.024923
0.025084
0.024978
0.025234
0.024924
0.024841
0.024967
0.024901
0.024996
0.025090
0.025184
0.024855
0.025182
0.024967
0.025011
0.024996
0.025036
0.024989
0.025123
0.024852
0.025085
0.024939
0.025047
0.025030
0.024953
0.024835
0.024958
0.024915
0.024972
0.024931
0.025023
0.025033
0.024971
0.024851
0.024953
0.024837
0.024896
0.024978
0.024924
0.024903
0.025054
0.025010
0.024997
0.025019
0.024864
0.024941
0.024988
0.024970
0.025061
0.024935
0.024855
0.024822
0.024961
0.024999
0.024995
0.025117
0.025145
0.024946
0.025030
0.024932
0.025057
0.025077
0.024989
0.024924
0.025071
0.025037
0.022772
0.020637
0.020557
0.020575
0.020511
0.020715
0.020557
0.020710
0.020669
0.020616
0.020678
0.020488
0.020644
0.020541
0.020591
0.020486
0.020561
0.020671
