0.007771
0.012291
0.016363
0.016277
0.016424
0.016343
0.016331
0.016435
0.016449
0.016440
0.016478
0.016352
0.016435
0.016297
0.016434
0.016281
0.016326
0.016406
0.016373
0.016253
0.016415
0.016252
0.016408
0.016430
0.016451
0.016441
0.016388
0.016234
0.016360
0.016341
0.016417
0.016372
0.016673
0.016773
0.016659
0.016590
0.016715
0.016605
0.016823
0.016914
0.016942
0.016803
0.016938
0.016906
0.016935
0.016876
0.016901
0.016868
0.017018
0.016897
0.016987
0.017032
0.016951
0.016928
0.016931
0.016966
0.017092
0.016866
0.016981
0.016887
0.016831
0.016903
0.017039
0.016989
0.016918
0.016785
0.016963
0.016961
0.016872
0.016914
0.016994
0.016965
0.016958
0.016894
0.016996
0.016943
0.017020
0.016790
0.016891
0.016772
0.016930
0.016908
0.016895
0.016888
0.016984
0.020971
0.020894
0.020899
0.020942
0.020892
0.020933
0.024856
0.024928
0.024958
0.025161
0.024896
0.025118
0.024900
0.025080
0.025091
0.024996
0.024861
0.024903
0.024799
0.025062
0.025076
0.025042
0.025020
0.024973
0.024961
0.024911
0.025075
0.025119
0.024943
0.024982
0.024865
0.024926
0.024992
0.025064
0.024957
0.025059
0.025031
0.025029
0.025010
0.025069
0.024935
0.024969
0.025087
0.025010
0.025093
0.025076
0.025022
0.025066
0.025001
0.025023
0.025059
0.025078
0.025067
0.024910
0.025086
0.025019
0.024930
0.024948
0.025076
0.024999
0.025118
0.024990
0.024980
0.025040
0.024923
0.025129
0.024981
0.025029
0.024997
0.024911
0.024924
0.025059
0.024990
0.025121
0.025024
0.025042
0.024935
0.025105
0.025071
0.025026
0.025121
0.025129
0.025080
0.025130
0.025082
0.024921
0.024988
0.025085
0.024931
0.025052
0.024876
0.024974
0.025002
0.025156
0.025051
0.024905
0.024921
0.025232
0.025105
0.025061
0.025049
0.025068
0.025016
0.025059
0.024990
0.024943
0.025009
0.025308
0.024952
0.025095
0.025039
0.025082
0.025110
0.025035
0.025010
0.024978
0.024942
0.025073
0.024946
0.025161
0.025112
0.025035
0.025141
0.025075
0.024974
0.025058
0.024985
0.025015
0.024999
0.024961
0.024966
0.025090
0.024999
0.025139
0.025008
0.024970
0.024936
0.025049
0.025006
0.025127
0.025033
0.024898
0.025033
0.025057
0.025102
0.025110
0.025088
0.025132
0.024961
0.025028
0.025072
0.025104
0.024997
0.025153
0.025098
0.025183
0.024988
0.025050
0.025132
0.025002
0.024916
0.024959
0.024840
0.025010
0.024911
0.025152
0.025074
0.025135
0.025063
0.025079
0.024938
0.024965
0.025043
0.025065
0.025060
0.025084
0.024900
0.025067
0.024962
0.025157
0.024943
0.025076
0.025024
0.025098
0.025000
0.025025
0.024986
0.025087
0.025021
0.024973
0.025021
0.025040
0.025004
0.025076
0.024992
0.025001
0.025045
0.025072
0.024873
0.025014
0.024832
0.024999
0.024877
0.025050
0.025082
0.025001
0.024918
0.024871
0.025048
0.025065
0.025031
0.024992
0.025066
0.024963
0.025009
0.025023
0.025091
0.024938
0.025011
0.024933
0.025038
0.025033
0.025011
0.024964
0.024975
0.025063
0.025003
0.025107
0.024902
0.025038
0.025042
0.024976
0.024946
0.025145
0.025156
0.025094
0.025044
0.025095
0.025104
0.025161
0.024970
0.024913
0.024915
0.025185
0.025031
0.025095
0.024957
0.025064
0.025117
0.025047
0.024921
0.025168
0.025101
0.025190
0.025031
0.024995
0.025000
0.025055
0.025019
0.025107
0.025083
0.024915
0.024853
0.025079
0.024998
0.025003
0.024899
0.024921
0.025001
0.024978
0.024978
0.025075
0.025013
0.024897
0.024874
0.024992
0.025003
0.024873
0.025037
0.024975
0.025174
0.025025
0.024924
0.024969
0.024965
0.024994
0.024904
0.025092
0.025014
0.025109
0.025150
0.024980
0.025008
0.025108
0.024947
0.025051
0.024848
0.025050
0.025041
0.025055
0.025048
0.025178
0.025077
0.025117
0.024940
0.025059
0.025017
0.025048
0.024993
0.025144
0.025023
0.024877
0.025043
0.024966
0.025043
0.025143
0.025041
0.025101
0.025017
0.025097
0.024884
0.025019
0.024979
0.024981
0.025169
0.024911
0.025040
0.025087
0.025076
0.025125
0.025138
0.025021
0.024989
0.024933
0.025104
0.025127
0.025095
0.025109
0.024986
0.025008
0.024962
0.024911
0.024907
0.025017
0.025009
0.025072
0.024839
0.024956
0.024982
0.025084
0.025004
0.024912
0.024831
0.024920
0.024966
0.025094
0.024935
0.025075
0.024981
0.025153
0.024837
0.025058
0.024975
0.025017
0.025030
0.025016
0.025066
0.025120
0.025051
0.025068
0.025063
0.025078
0.025115
0.024926
0.025059
0.024999
0.025069
0.022809
0.020650
0.020604
0.020709
0.020778
0.020527
0.020679
0.020639
0.020684
0.020750
0.020666
0.020681
0.020688
0.020585
0.020681
0.020577
0.020543
0.020612
0.020918
0.020574
0.020625
0.020547
0.020682
0.020623
0.020638
0.020603
0.020674
0.020689
0.020787
0.020750
0.020721
0.020681
0.020625
0.020717
0.020555
0.020624
0.020758
0.020617
0.020661
0.020648
0.021029
0.020979
0.020970
0.021026
0.021024
0.021094
0.021095
0.020960
0.020940
0.020998
0.020997
0.021000
0.020910
0.020885
0.020902
0.021086
0.021020
0.020997
0.020978
0.021028
0.020914
0.020980
0.021009
0.021003
0.020920
0.021013
0.020947
0.020900
0.020795
0.020878
0.020896
0.020855
0.020978
0.021024
0.020977
0.021001
0.020899
0.020776
0.021053
0.020921
0.020882
0.020874
0.020976
0.020837
0.020890
0.020955
0.020972
0.020837
0.021009
0.020877
0.020947
0.020878
0.020976
0.024934
0.025038
0.025029
0.025148
0.024963
0.025051
0.024988
0.025193
0.024998
0.025111
0.025165
0.025085
0.024885
0.024913
0.025044
0.024895
0.024873
0.024963
0.024951
0.025004
0.025075
0.025119
0.024910
0.025164
0.025062
0.024987
0.024908
0.024947
0.025082
0.025130
0.025087
0.024968
0.024865
0.024946
0.024972
0.025050
0.024862
0.025012
0.022850
0.020805
0.020639
0.020651
0.020624
0.020697
0.020644
0.020735
0.020681
0.020663
0.020587
0.020674
0.020591
0.020656
0.020489
0.020757
0.020759
0.020586
0.020612
0.020822
0.020640
0.020743
0.020578
0.020724
0.020429
0.020792
0.020827
0.020755
0.020608
0.020676
0.020780
0.020808
0.020728
0.020708
0.020667
0.020689
0.020674
0.020694
0.020591
0.020949
0.020818
0.020988
0.020912
0.021032
0.021035
0.020994
0.020892
0.020811
0.020967
0.020924
0.021058
0.020736
0.020804
0.020976
0.020772
0.021093
0.020845
0.021024
0.020738
0.020881
0.020990
0.021107
0.020931
0.020969
0.020905
0.021089
0.020849
0.020854
0.020917
0.021030
0.020750
0.021077
0.020926
0.020992
0.020766
0.020904
0.020888
0.020984
0.020898
0.021000
0.020836
0.021033
0.020914
0.020994
0.020941
0.020974
0.020996
0.021042
0.020871
0.021060
0.020814
0.020841
0.024926
0.025131
0.025053
0.025071
0.025143
0.025081
0.025006
0.024983
0.025104
0.025119
0.025115
0.025101
0.025047
0.024985
0.024779
0.025015
0.025063
0.025031
0.024846
0.025048
0.024967
0.025125
0.025019
0.025165
0.024934
0.025040
0.025035
0.025037
0.025028
0.025108
0.024971
0.025176
0.025110
0.025188
0.024979
0.025242
0.024901
0.025117
0.025083
0.025123
0.025114
0.024999
0.025078
0.025066
0.025134
0.025174
0.025073
0.025047
0.025089
0.025034
0.024853
0.025181
0.025046
0.025159
0.025145
0.025086
0.024991
0.025226
0.025062
0.025132
0.025042
0.024970
0.025033
0.025126
0.025035
0.025012
0.024920
0.025112
0.024899
0.025096
0.024955
0.025148
0.024960
0.025075
0.025069
0.025179
0.025065
0.025086
0.024998
0.024965
0.024795
0.025090
0.024934
0.025166
0.025076
0.025339
0.025029
0.025222
0.024910
0.025018
0.025008
0.025064
0.025053
0.025019
0.024990
0.025251
0.025017
0.025141
0.025059
0.025109
0.025049
0.025111
0.025002
0.025028
0.024940
0.024983
0.025028
0.025136
0.025133
0.025092
0.024907
0.024879
0.025075
0.025141
0.025021
0.025082
0.025016
0.025115
0.025045
0.025068
0.024961
0.024966
0.024918
0.024843
0.024943
0.024893
0.024934
0.024980
0.024982
0.024977
0.025066
0.025143
0.024899
0.025102
0.025181
0.024951
0.025172
0.025175
0.025119
0.024881
0.025116
0.025129
0.025045
0.025139
0.025001
0.025160
0.025082
0.025092
0.025070
0.025108
0.024977
0.025138
0.025124
0.025169
0.024918
0.025222
0.025090
0.025092
0.025043
0.025198
0.024951
0.025176
0.025081
0.024937
0.025015
0.025024
0.025148
0.025095
0.025166
0.025095
0.024926
0.025011
0.024872
0.025215
0.025059
0.025155
0.025010
0.025195
0.025149
0.025098
0.024990
0.024990
0.025078
0.025091
0.025012
0.024995
0.025150
0.025146
0.025108
0.025011
0.024883
0.024989
0.025014
0.025179
0.024923
0.025129
0.024941
0.025223
0.025045
0.025117
0.025072
0.024930
0.025071
0.025196
0.024925
0.025218
0.024905
0.025054
0.025056
0.025076
0.025026
0.025169
0.025211
0.025100
0.025169
0.025047
0.024994
0.025145
0.024993
0.025056
0.025019
0.025085
0.025070
0.025149
0.025093
0.025105
0.025024
0.025022
0.025000
0.025120
0.025261
0.025150
0.025246
0.025194
0.024990
0.025120
0.025014
0.025192
0.024962
0.025145
0.024884
0.025052
0.024873
0.025168
0.025025
0.025271
0.025089
0.025160
0.024881
0.025156
0.025046
0.025222
0.025036
0.025147
0.025174
0.025256
0.025170
0.025087
0.025215
0.025191
0.025230
0.025194
0.025020
0.025078
0.025126
0.025168
0.025022
0.025115
0.025025
0.025134
0.025054
0.020749
0.020598
0.020809
0.020984
0.020836
0.020822
0.020798
0.020796
0.020601
0.020714
0.020857
0.020776
0.020934
0.020720
0.020700
0.020691
0.020861
0.020671
0.020730
0.020632
0.020797
0.020799
0.020859
0.020698
0.020830
0.020670
0.020802
0.020647
0.020886
0.020628
0.020877
0.020800
0.020853
0.020802
0.020739
0.020928
0.020829
0.020712
0.020732
0.020831
0.021161
0.021007
0.021051
0.020953
