0.013894
0.018830
0.024849
0.025008
0.025100
0.024898
0.024893
0.025085
0.024909
0.024905
0.025002
0.024916
0.024932
0.024834
0.024916
0.024873
0.024919
0.024874
0.024916
0.024993
0.024967
0.024997
0.025012
0.024939
0.024900
0.024892
0.024931
0.024767
0.024722
0.024925
0.024994
0.024894
0.025034
0.024928
0.024854
0.025073
0.024955
0.024897
0.024857
0.024863
0.024900
0.024936
0.024884
0.024926
0.024873
0.024976
0.024959
0.024977
0.025011
0.024841
0.025016
0.024979
0.024960
0.024944
0.024883
0.025030
0.024962
0.024977
0.024936
0.024899
0.024867
0.024960
0.025052
0.024922
0.024894
0.024812
0.024928
0.024858
0.024994
0.024917
0.025079
0.024974
0.024981
0.024865
0.024943
0.025012
0.024954
0.025001
0.025011
0.024968
0.024977
0.024985
0.025073
0.025066
0.024884
0.024952
0.025066
0.025079
0.024897
0.025107
0.025003
0.024951
0.024936
0.024935
0.025015
0.025053
0.025071
0.025132
0.025070
0.025066
0.025035
0.025067
0.025007
0.025096
0.025027
0.024994
0.024994
0.025025
0.025087
0.025161
0.024993
0.025101
0.024951
0.024982
0.024981
0.025144
0.025168
0.025015
0.025022
0.025174
0.025058
0.025068
0.025088
0.025025
0.025004
0.024881
0.025052
0.025147
0.024985
0.024993
0.025087
0.025059
0.025078
0.024928
0.024973
0.025020
0.025008
0.025017
0.024948
0.024979
0.024978
0.024993
0.024976
0.025082
0.025033
0.025145
0.025105
0.025241
0.025120
0.025212
0.025121
0.025134
0.025079
0.025037
0.025094
0.024928
0.024982
0.025068
0.025036
0.025055
0.025108
0.025140
0.025123
0.025105
0.024964
0.025049
0.025175
0.025118
0.024875
0.025011
0.024959
0.025085
0.024958
0.025056
0.025144
0.025117
0.025000
0.025070
0.024944
0.025042
0.025017
0.025184
0.025120
0.025060
0.024890
0.025070
0.025034
0.024994
0.025019
0.025076
0.024966
0.025049
0.025066
0.025172
0.025061
0.025008
0.025131
0.025130
0.024934
0.025038
0.025179
0.025035
0.025033
0.025065
0.024898
0.024982
0.025118
0.025149
0.025079
0.025046
0.025202
0.025132
0.024999
0.024996
0.025043
0.025100
0.025072
0.025066
0.025064
0.025115
0.025023
0.025019
0.024929
0.025154
0.024963
0.025011
0.025079
0.025052
0.024939
0.025011
0.024986
0.025104
0.024978
0.024995
0.024998
0.025108
0.025099
0.025077
0.025010
0.025146
0.025050
0.025052
0.025000
0.024977
0.025029
0.025111
0.024973
0.025026
0.024949
0.025122
0.025221
0.025123
0.025028
0.025000
0.024992
0.025117
0.025033
0.025051
0.025086
0.024942
0.024952
0.025017
0.024961
0.024971
0.024951
0.025080
0.025104
0.024977
0.024855
0.024938
0.024992
0.022906
0.020653
0.020698
0.020694
0.020751
0.020760
0.020742
0.020734
0.020696
0.020675
0.020741
0.020771
0.020794
0.020709
0.020595
0.020620
0.020731
0.020713
0.020767
0.020756
0.020699
0.020605
0.020736
0.020671
0.020745
0.020738
0.020793
0.020687
0.020600
0.020754
0.020745
0.020710
0.020730
0.020519
0.020770
0.020662
0.020834
0.020786
0.020741
0.020740
0.020973
0.020971
0.021009
0.020978
0.021006
0.020906
0.020943
0.021034
0.021013
0.018769
0.016660
0.016580
0.016666
0.016622
0.016685
0.016673
0.016646
0.016594
0.016587
0.016623
0.016634
0.016643
0.016740
0.016536
0.016668
0.016641
0.016719
0.016652
0.016506
0.016635
0.016669
0.016616
0.016724
0.016529
0.016577
0.016741
0.016647
0.016612
0.016608
0.016633
0.016666
0.016623
0.016682
0.016576
0.016683
0.016695
0.016628
0.016683
0.016600
0.016635
0.016689
0.016723
0.018786
0.020577
0.020765
0.020754
0.020736
0.021052
0.021068
0.021001
0.021013
0.021008
0.021054
0.020923
0.020902
0.020861
0.020935
0.020953
0.021004
0.021012
0.021042
0.021042
0.020973
0.020931
0.021026
0.020912
0.012944
0.020901
0.018622
0.011128
0.016731
0.015039
0.012678
0.012679
0.012723
0.012704
0.012685
0.016640
0.008599
0.012718
0.012750
0.012658
0.012768
0.012600
0.012668
0.012702
0.012608
0.016129
0.016331
0.016234
0.016461
0.016356
0.016313
0.016358
0.016418
0.016441
0.016474
0.016320
0.016356
0.016305
0.016419
0.016378
0.016340
0.016427
0.016397
0.016287
0.016460
0.016296
0.016415
0.016418
0.016461
0.016478
0.016360
0.016278
0.016397
0.016356
0.016409
0.016413
0.016665
0.016786
0.016688
0.016626
0.016775
0.016647
0.016869
0.016942
0.016972
0.016893
0.016917
0.016872
0.016918
0.016909
0.016924
0.016945
0.016985
0.016970
0.017053
0.017076
0.016963
0.016948
0.016953
0.016982
0.017136
0.016907
0.017020
0.016898
0.016877
0.016906
0.017058
0.017052
0.016960
0.016894
0.016963
0.016912
0.016926
0.017005
0.016946
0.017080
0.016979
0.016932
0.017095
0.017020
0.017057
0.016861
0.016937
0.016877
0.017015
0.016937
0.017032
0.016929
0.017045
0.021035
0.020971
0.020960
0.021012
0.021016
0.020998
0.024956
0.025017
0.025057
0.025226
0.025012
0.025134
0.024967
0.025177
0.025185
0.025076
0.024976
0.025007
0.024958
0.025161
0.025141
0.025101
0.025139
0.025051
0.025074
0.025047
0.025180
0.025195
0.025025
0.025106
0.024989
0.025009
0.025095
0.025193
0.025052
0.025125
0.025116
0.025097
0.025117
0.025155
0.025062
0.025067
0.025160
0.025116
0.025211
0.025220
0.025110
0.025099
0.025113
0.025136
0.025158
0.025149
0.025117
0.024995
0.025139
0.025094
0.024986
0.025086
0.025118
0.025060
0.025216
0.025101
0.024994
0.025122
0.025030
0.025214
0.025036
0.025039
0.025071
0.024970
0.024906
0.025105
0.025060
0.025134
0.025047
0.025085
0.024914
0.025168
0.025113
0.025116
0.025181
0.025168
0.025130
0.025162
0.025160
0.024936
0.025029
0.025136
0.024983
0.025128
0.024878
0.025008
0.025030
0.025213
0.025086
0.024871
0.025008
0.025221
0.025108
0.025104
0.025082
0.025046
0.025048
0.025130
0.025025
0.025014
0.024977
0.025267
0.024992
0.025154
0.025016
0.025116
0.025188
0.025044
0.025062
0.024992
0.024927
0.025085
0.025012
0.025140
0.025118
0.024982
0.025115
0.025113
0.024923
0.025155
0.024967
0.025017
0.025017
0.024976
0.024957
0.025030
0.025036
0.025150
0.025045
0.024985
0.024903
0.025094
0.025060
0.025158
0.024999
0.024872
0.025055
0.025090
0.025109
0.025099
0.025098
0.025126
0.024994
0.025092
0.025050
0.025019
0.025087
0.025151
0.025099
0.025118
0.025016
0.025047
0.025139
0.024976
0.024941
0.024919
0.024931
0.025091
0.025019
0.025162
0.025103
0.025138
0.025145
0.025107
0.024971
0.024997
0.025141
0.025050
0.025135
0.025114
0.024996
0.025111
0.024984
0.025178
0.025013
0.025092
0.025051
0.025178
0.025002
0.025028
0.025049
0.025141
0.025068
0.025064
0.025071
0.025146
0.025099
0.025141
0.025017
0.025035
0.025119
0.025128
0.024967
0.025048
0.024942
0.025017
0.024959
0.025088
0.025116
0.025064
0.025028
0.024958
0.025088
0.025082
0.025081
0.025060
0.025123
0.025061
0.025001
0.025057
0.025148
0.024990
0.025068
0.024974
0.025131
0.025112
0.025117
0.025027
0.025048
0.025105
0.025109
0.025174
0.025017
0.025011
0.025172
0.025046
0.024993
0.025239
0.025166
0.025161
0.025156
0.025153
0.025146
0.025222
0.025075
0.025022
0.025025
0.025212
0.025082
0.025140
0.025047
0.025146
0.025158
0.025094
0.025056
0.025233
0.025216
0.025263
0.025090
0.025136
0.025115
0.025144
0.025095
0.025170
0.025156
0.025014
0.025020
0.025137
0.025091
0.025112
0.024987
0.025028
0.025048
0.025023
0.025102
0.025178
0.025098
0.025074
0.024935
0.025121
0.025163
0.024947
0.025174
0.025052
0.025282
0.025109
0.025009
0.025048
0.025112
0.025163
0.025005
0.025115
0.025110
0.025209
0.025277
0.025144
0.025095
0.025183
0.025032
0.025160
0.025012
0.025199
0.025082
0.025138
0.025194
0.025304
0.025126
0.025221
0.025105
0.025151
0.025118
0.025060
0.025010
0.025239
0.025068
0.024996
0.025164
0.025022
0.025167
0.025230
0.025202
0.025215
0.025065
0.025183
0.024984
0.025123
0.025049
0.025088
0.025263
0.025101
0.025120
0.025127
0.025173
0.025194
0.025266
0.025189
0.025069
0.024967
0.025239
0.025204
0.025202
0.025174
0.025079
0.025055
0.025128
0.024977
0.024995
0.025123
0.025104
0.025161
0.025012
0.024957
0.025055
0.025140
0.025141
0.025074
0.024945
0.024978
0.025048
0.025215
0.025010
0.025144
0.025057
0.025244
0.024965
0.025230
0.025026
0.025103
0.025117
0.025071
0.025165
0.025159
0.025104
0.025110
0.025123
0.025160
0.025194
0.024953
0.025187
0.025103
0.025234
0.022843
0.020729
0.020699
0.020795
0.020777
0.020660
0.020712
0.020699
0.020763
0.020829
0.020727
0.020690
0.020765
0.020694
0.020768
0.020670
0.020622
0.020712
0.020935
0.020689
0.020671
0.020630
0.020766
0.020721
0.020730
0.020669
0.020738
0.020785
0.020839
0.020819
0.020818
0.020753
0.020690
0.020754
0.020680
0.020757
0.020757
0.020722
0.020775
0.020726
0.021122
0.021059
0.020998
0.021119
0.021160
0.021139
0.021156
0.021067
0.021002
0.021097
0.021082
0.021081
0.021088
0.020979
0.020926
0.021170
0.021110
0.021046
0.021119
0.021126
0.020969
0.021035
0.021060
0.021135
0.020978
0.021077
0.021000
0.021070
0.020945
0.020929
0.020972
0.020983
0.021095
0.021109
0.021067
0.021050
0.021024
0.020888
0.021137
0.020970
0.021001
0.021029
0.021072
0.020982
0.020936
0.021006
0.020977
0.020949
0.021021
0.020945
0.021034
0.020956
0.021118
0.024951
0.025134
0.025168
0.025187
0.025016
0.025171
0.025087
0.025254
0.025064
0.025180
0.025274
0.025164
0.024989
0.024937
0.025110
0.024987
0.025027
0.025110
0.024992
0.025098
0.025181
0.025178
0.025043
0.025214
0.025088
0.025100
0.024992
0.025071
0.025110
0.025174
0.025168
0.025100
0.024911
0.025002
0.025045
0.025153
0.024945
0.025106
