0.010406
0.016186
0.025027
0.024938
0.025074
0.024859
0.024842
0.025032
0.024828
0.024879
0.024829
0.025117
0.024908
0.024900
0.024976
0.024925
0.024992
0.024837
0.024861
0.025004
0.024921
0.024904
0.024884
0.024928
0.024929
0.024932
0.024951
0.024908
0.025021
0.024901
0.025033
0.024986
0.025077
0.024845
0.025071
0.024992
0.025042
0.025039
0.024876
0.024945
0.024967
0.024896
0.024922
0.024963
0.024828
0.024923
0.024969
0.024807
0.024850
0.024987
0.025080
0.024765
0.024966
0.025033
0.025032
0.024904
0.024803
0.024965
0.025005
0.025048
0.025014
0.024783
0.025000
0.024869
0.024979
0.025007
0.025016
0.024892
0.024998
0.025000
0.024982
0.025082
0.025101
0.024985
0.024890
0.024950
0.024854
0.024898
0.025010
0.024954
0.024914
0.024918
0.024826
0.024899
0.025031
0.025017
0.025084
0.024986
0.025061
0.024974
0.024953
0.025026
0.024912
0.024799
0.024980
0.024927
0.025001
0.024951
0.024942
0.025127
0.024844
0.025038
0.025131
0.025011
0.024902
0.024845
0.025022
0.025041
0.024914
0.024916
0.024833
0.025096
0.024928
0.024941
0.024919
0.024948
0.024957
0.025040
0.025013
0.024842
0.024919
0.025036
0.024954
0.024939
0.025085
0.024996
0.024823
0.025028
0.024940
0.024923
0.024912
0.024980
0.024910
0.024938
0.024876
0.025004
0.024983
0.024867
0.024896
0.024819
0.024903
0.025006
0.024909
0.025015
0.025184
0.024940
0.024848
0.024837
0.024911
0.024899
0.025017
0.024894
0.024921
0.025007
0.025015
0.024853
0.025154
0.024990
0.024942
0.024905
0.024836
0.024894
0.025071
0.025008
0.025141
0.024982
0.024858
0.024919
0.024937
0.024910
0.024791
0.024930
0.024917
0.025020
0.024969
0.025050
0.025005
0.024896
0.024931
0.024809
0.024973
0.024847
0.025081
0.024967
0.025025
0.025004
0.024961
0.024837
0.024943
0.025071
0.024892
0.024878
0.025054
0.024981
0.025033
0.024813
0.024796
0.024741
0.024999
0.024900
0.025029
0.024827
0.024911
0.024843
0.025073
0.024910
0.024971
0.024887
0.024898
0.024939
0.024844
0.024991
0.024833
0.024877
0.025055
0.024991
0.024938
0.020558
0.020588
0.020494
0.020585
0.020588
0.020651
0.020591
0.020614
0.020584
0.020634
0.020640
0.020705
0.020470
0.020685
0.020490
0.020683
0.020496
0.020678
0.020628
0.020513
0.020693
0.020535
0.020643
0.020601
0.020633
0.020576
0.020535
0.020597
0.020556
0.020545
0.020564
0.020508
0.020553
0.020661
0.020625
0.020534
0.020611
0.020798
0.020612
0.020954
0.021030
0.020999
0.020901
0.020849
0.020932
0.020938
0.021050
0.021044
0.021011
0.020889
0.021123
0.020958
0.021024
0.021011
0.020881
0.020902
0.021044
0.021048
0.021043
0.020964
0.020896
0.021056
0.020954
0.020987
0.021006
0.021114
0.020906
0.021071
0.020931
0.020931
0.021014
0.021019
0.020954
0.020911
0.020922
0.020862
0.020867
0.020946
0.020902
0.020934
0.020867
0.020995
0.020910
0.020873
0.020808
0.020892
0.021016
0.020995
0.021019
0.020866
0.020750
0.020848
0.024861
0.025091
0.024872
0.025155
0.025087
0.025005
0.024787
0.024865
0.024912
0.024970
0.024995
0.025097
0.024859
0.025074
0.025126
0.024986
0.024973
0.025115
0.024854
0.024959
0.025044
0.025002
0.025004
0.024924
0.024949
0.024964
0.025009
0.024975
0.024876
0.024782
0.024980
0.025057
0.024879
0.024904
0.024823
0.024949
0.025077
0.024974
0.024963
0.024846
0.024813
0.025036
0.024984
0.024925
0.025013
0.024963
0.024981
0.024881
0.024989
0.025112
0.024942
0.024873
0.024871
0.025076
0.024992
0.025016
0.025054
0.024935
0.025045
0.024996
0.025022
0.024836
0.024962
0.025049
0.024933
0.025002
0.024842
0.024908
0.024997
0.024976
0.024968
0.024931
0.024885
0.025038
0.024916
0.025077
0.024878
0.020773
0.020689
0.020610
0.020499
0.020689
0.020531
0.020710
0.020610
0.020833
0.020508
0.020547
0.020725
0.020643
0.020496
0.020701
0.020567
0.020618
0.020654
0.020582
0.020665
0.020693
0.020609
0.020733
0.020526
0.020673
0.020522
0.020533
0.020468
0.020722
0.020613
0.020659
0.020645
0.020592
0.020661
0.020662
0.020670
0.020522
0.020563
0.020726
0.020811
0.020947
0.020943
0.020881
0.020898
0.020827
0.020955
0.021015
0.020963
0.020980
0.021127
0.021062
0.021074
0.020903
0.020923
0.021032
0.020826
0.020957
0.020864
0.020813
0.020886
0.020841
0.020953
0.020930
0.020915
0.020959
0.020791
0.020965
0.020984
0.020849
0.020803
0.021029
0.020862
0.020935
0.020925
0.020805
0.020880
0.020912
0.020813
0.020871
0.020980
0.020913
0.020831
0.020813
0.020974
0.020836
0.020753
0.020808
0.020877
0.020923
0.020748
0.020908
0.022978
0.024802
0.024958
0.025147
0.025069
0.025120
0.025011
0.024947
0.024951
0.024810
0.025136
0.024975
0.025018
0.024810
0.024997
0.025059
0.024862
0.025030
0.024983
0.024970
0.025182
0.024989
0.024975
0.025107
0.024810
0.024931
0.024874
0.025138
0.024957
0.024934
0.024978
0.025038
0.024782
0.025020
0.024976
0.025114
0.024948
0.024896
0.025045
0.024945
0.024894
0.024954
0.024903
0.024955
0.024996
0.024955
0.024791
0.025068
0.024966
0.025160
0.024937
0.025078
0.024944
0.025099
0.024989
0.025066
0.025033
0.024850
0.024914
0.025034
0.024982
0.024951
0.025159
0.025002
0.025048
0.025070
0.025062
0.025092
0.025023
0.024917
0.024954
0.025042
0.025037
0.025046
0.025031
0.025039
0.025057
0.025206
0.024967
0.025033
0.024942
0.024952
0.024928
0.025121
0.024890
0.024970
0.024966
0.024971
0.024885
0.024977
0.025054
0.024926
0.024911
0.025064
0.025068
0.024999
0.025021
0.024919
0.025053
0.024950
0.025067
0.025148
0.024885
0.025095
0.025020
0.024949
0.025056
0.024944
0.024824
0.025100
0.024853
0.024892
0.024796
0.024921
0.024966
0.025075
0.025029
0.031749
0.015193
0.028489
0.015003
0.018912
0.028734
0.015192
0.026730
0.015244
0.026567
0.015123
0.018695
0.026953
0.015041
0.028450
0.015087
0.026643
0.013489
0.028376
0.015047
0.018783
0.027063
0.014934
0.026745
0.015084
0.026812
0.015126
0.026627
0.015004
0.026738
0.015119
0.026762
0.015076
0.026763
0.015119
0.026773
0.015270
0.026715
0.015026
0.023021
0.027043
0.021291
0.021330
0.021364
0.021366
0.021329
0.021278
0.013417
0.027181
0.023021
0.021303
0.021397
0.021363
0.021365
0.013379
0.023572
0.026759
0.021529
0.021387
0.021355
0.021395
0.021347
0.021366
0.015199
0.027024
0.013490
0.027334
0.022995
0.013679
0.026909
0.022963
0.015198
0.026921
0.015185
0.027011
0.021416
0.015330
0.026943
0.013484
0.027286
0.023011
0.021399
0.013777
0.026848
0.022993
0.013488
0.025030
0.010887
0.024369
0.018976
0.019058
0.024710
0.019109
0.018811
0.024726
0.019054
0.018800
0.024576
0.019105
0.017045
0.024672
0.016891
0.024739
0.016950
0.024863
0.016962
0.024896
0.016968
0.024939
0.016996
0.024760
0.016981
0.024792
0.016905
0.026699
0.019087
0.016985
0.024848
0.016967
0.020549
0.026638
0.018948
0.017031
0.024834
0.016858
0.024831
0.021505
0.022949
0.017344
0.024834
0.017379
0.024824
0.015936
0.023053
0.024832
0.017311
0.024860
0.017326
0.024925
0.017440
0.024900
0.017473
0.024677
0.017308
0.024879
0.017349
0.024837
0.017282
0.023416
0.022793
0.017379
0.023306
0.022927
0.017384
0.023197
0.017209
0.023301
0.023356
0.017179
0.023397
0.023033
0.017154
0.025311
0.017139
0.023437
0.023322
0.017240
0.023229
0.023175
0.017098
0.023318
0.023123
0.017086
0.021549
0.025317
0.024610
0.024895
0.025077
0.025115
0.025173
0.025179
0.025047
0.024956
0.025057
0.025040
0.025002
0.024999
0.025009
0.025116
0.025035
0.025135
0.025019
0.025106
0.025035
0.025014
0.024909
0.024937
0.025086
0.025054
0.025028
0.025015
0.025055
0.024931
0.025014
0.025122
0.025044
0.025179
0.025050
0.025074
0.024982
0.025005
0.025117
0.025028
0.024965
0.024967
0.024879
0.025060
0.025024
0.024996
0.025110
0.025124
0.025045
0.025063
0.025041
0.025009
0.024985
0.024997
0.025131
0.024983
0.025112
0.025011
0.025102
0.025036
0.025027
0.025053
0.025021
0.025055
0.025097
0.025148
0.025103
0.024982
0.025080
0.025025
0.024899
0.025031
0.024921
0.024971
0.024998
0.025065
0.025061
0.024968
0.025011
0.025071
0.024995
0.024873
0.025034
0.025140
0.025132
0.025187
0.025149
0.025108
0.024867
0.024966
0.024949
0.025148
0.024894
0.024991
0.025131
0.025021
0.025161
0.025079
0.024966
0.024963
0.025027
0.025102
0.024940
0.024990
0.025100
0.025062
0.024972
0.025102
0.025057
0.025035
0.024956
0.024879
0.024937
0.024992
0.025130
0.025072
0.025007
0.025041
0.024855
0.024888
0.025111
0.025058
0.025031
0.025224
0.025086
0.025126
0.024977
0.025018
0.024981
0.024934
0.025043
0.025146
0.025024
0.025037
0.025028
0.025120
0.025135
0.025105
0.025110
0.025176
0.024633
0.024533
0.024679
0.024809
0.024726
0.024670
0.024572
0.024615
0.024770
0.024758
0.024664
0.024904
0.024704
0.024633
0.024739
0.024584
0.024773
0.024642
0.024772
0.024900
0.024758
0.024818
0.024637
0.024802
0.024755
0.024760
0.024798
0.016814
0.018422
0.024449
0.018812
0.022395
0.018771
0.022363
0.016881
0.024351
0.018629
0.022421
0.018696
0.022442
0.016926
0.024204
0.018629
0.022319
0.016953
0.024246
0.017032
0.024168
0.018613
0.022451
0.016863
0.024238
0.016861
0.024254
0.018657
0.022356
0.018679
0.022342
0.018706
0.022347
0.016805
0.024178
0.018799
0.022431
0.018610
0.022513
0.020934
0.023055
0.016850
0.022748
0.017082
0.021227
0.021096
0.021119
0.020877
0.020974
0.021159
0.021074
0.021232
0.021112
0.021424
0.021082
0.021146
0.020871
0.021167
0.021047
0.021087
0.021128
0.021393
0.021028
0.021097
0.021086
0.021026
