0.011203
0.015780
0.025105
0.024977
0.025046
0.024979
0.024957
0.024964
0.025019
0.024951
0.025000
0.024933
0.024912
0.025104
0.025175
0.025037
0.025159
0.024983
0.025130
0.025096
0.025273
0.024972
0.025028
0.025106
0.024988
0.025115
0.024944
0.025062
0.025014
0.024784
0.025027
0.025091
0.025160
0.025002
0.025030
0.024973
0.025149
0.025040
0.025108
0.024994
0.025164
0.025036
0.025127
0.025200
0.025086
0.024996
0.025114
0.025092
0.025133
0.024988
0.025188
0.025071
0.025061
0.024965
0.025039
0.025071
0.025120
0.025089
0.025143
0.025077
0.024899
0.024996
0.025071
0.025254
0.024961
0.025100
0.025078
0.025024
0.024992
0.025057
0.025059
0.025165
0.025194
0.025032
0.025113
0.025144
0.025270
0.025139
0.025048
0.024955
0.025178
0.024980
0.025089
0.025113
0.025025
0.024938
0.024993
0.025059
0.025039
0.025058
0.025058
0.025027
0.025022
0.024941
0.024969
0.025054
0.025000
0.024926
0.024958
0.025042
0.025080
0.025103
0.025072
0.024873
0.025047
0.025094
0.025006
0.025053
0.025059
0.024986
0.025133
0.025004
0.025019
0.025098
0.025021
0.025070
0.025005
0.025049
0.025052
0.025031
0.025101
0.024910
0.025068
0.024896
0.024861
0.024916
0.025074
0.024998
0.025018
0.024992
0.025030
0.025054
0.025047
0.024733
0.024926
0.024849
0.025030
0.025068
0.025017
0.024861
0.024999
0.024862
0.025070
0.024966
0.025113
0.024946
0.025120
0.024901
0.025017
0.024911
0.025030
0.024954
0.025017
0.024937
0.025072
0.024835
0.025050
0.024969
0.024902
0.024930
0.025135
0.025044
0.024962
0.025125
0.025041
0.024994
0.024966
0.025066
0.025151
0.024981
0.025369
0.028920
0.015325
0.018497
0.028554
0.019042
0.016742
0.018769
0.027080
0.014994
0.028447
0.013421
0.026582
0.014903
0.028717
0.013391
0.026844
0.015029
0.026640
0.016623
0.018864
0.026894
0.015013
0.026699
0.014909
0.026864
0.015080
0.026561
0.016725
0.026663
0.015109
0.026700
0.015025
0.018789
0.027027
0.020747
0.015356
0.026584
0.015117
0.027070
0.021229
0.021391
0.021452
0.021446
0.021392
0.021160
0.021322
0.021437
0.021421
0.021324
0.021438
0.021315
0.021469
0.019222
0.011143
0.022564
0.013098
0.020768
0.013131
0.020900
0.013038
0.020947
0.012993
0.014753
0.022865
0.016997
0.017092
0.011174
0.018690
0.014766
0.022830
0.017059
0.017089
0.012864
0.014748
0.019103
0.014809
0.017319
0.018619
0.017004
0.014981
0.022762
0.017072
0.012930
0.020329
0.020521
0.020573
0.020637
0.020645
0.020539
0.020612
0.020556
0.020534
0.020761
0.020678
0.020622
0.020763
0.020619
0.020998
0.021011
0.020970
0.020831
0.020803
0.020968
0.020990
0.020951
0.021230
0.021065
0.020866
0.020842
0.020929
0.020892
0.021210
0.021030
0.021077
0.020914
0.020979
0.020984
0.020999
0.020974
0.021006
0.021103
0.020951
0.020958
0.020936
0.020981
0.020931
0.021023
0.020966
0.021013
0.020856
0.020847
0.021059
0.020891
0.021115
0.021035
0.020957
0.020988
0.021121
0.020820
0.020966
0.020932
0.020999
0.020913
0.021035
0.021003
0.021005
0.020860
0.021149
0.021022
0.021108
0.024991
0.024910
0.025178
0.024862
0.024974
0.025017
0.025000
0.024904
0.024939
0.025125
0.024894
0.024989
0.025008
0.024976
0.025044
0.025021
0.024864
0.025046
0.024898
0.025035
0.024928
0.025115
0.024835
0.025022
0.024991
0.024971
0.025067
0.024944
0.025080
0.025001
0.025204
0.025005
0.024978
0.025066
0.025024
0.025145
0.024941
0.024991
0.024926
0.025131
0.024950
0.025029
0.024953
0.024881
0.025024
0.025027
0.024756
0.025059
0.025046
0.024976
0.024936
0.025178
0.025000
0.025140
0.024769
0.025064
0.025016
0.025028
0.025017
0.025014
0.024947
0.024914
0.024929
0.025102
0.025220
0.024857
0.025107
0.025061
0.025086
0.025194
0.025053
0.025085
0.024989
0.024980
0.024923
0.025073
0.025008
0.024998
0.025021
0.025031
0.024891
0.024907
0.025071
0.025001
0.025192
0.025168
0.025002
0.025135
0.024923
0.025182
0.024967
0.024985
0.025046
0.024961
0.024997
0.025144
0.024888
0.025130
0.025028
0.025020
0.025223
0.025117
0.025027
0.024874
0.025029
0.025156
0.024894
0.024957
0.024945
0.024997
0.025079
0.025080
0.025027
0.025087
0.024889
0.025174
0.025075
0.024922
0.024862
0.025189
0.025001
0.025034
0.025085
0.025238
0.024772
0.025157
0.025025
0.025068
0.024818
0.025067
0.025013
0.024918
0.024942
0.025055
0.025070
0.025021
0.024915
0.024904
0.024925
0.024997
0.025041
0.025109
0.025109
0.025056
0.024937
0.024905
0.024919
0.024970
0.025130
0.025149
0.024890
0.025117
0.025161
0.024870
0.025174
0.025080
0.025011
0.025014
0.024981
0.024946
0.025100
0.025075
0.025178
0.025191
0.024849
0.025065
0.025048
0.024933
0.024880
0.025039
0.024946
0.025122
0.024970
0.025224
0.025037
0.025131
0.024888
0.024915
0.024881
0.024984
0.025161
0.025054
0.025080
0.025037
0.024989
0.025058
0.024846
0.025244
0.024944
0.024949
0.025139
0.025034
0.025028
0.025015
0.024945
0.024806
0.024930
0.024996
0.025063
0.025010
0.024909
0.024992
0.024970
0.025017
0.025064
0.025054
0.024849
0.025144
0.024823
0.025041
0.024895
0.025028
0.025019
0.025139
0.025023
0.020867
0.020540
0.020712
0.020537
0.020599
0.020770
0.020713
0.020665
0.020664
0.020705
0.020766
0.020746
0.020596
0.020652
0.020698
0.020553
0.020741
0.020605
0.020826
0.020566
0.020682
0.020589
0.020760
0.020653
0.020640
0.020636
0.020669
0.020606
0.020685
0.020724
0.020614
0.020629
0.020554
0.020743
0.020736
0.020645
0.020627
0.020655
0.020808
0.020789
0.021136
0.021049
0.020993
0.020972
0.021005
0.020947
0.021089
0.021130
0.021069
0.021009
0.021061
0.021125
0.021018
0.021140
0.020957
0.020933
0.021061
0.021229
0.021046
0.020990
0.021037
0.021061
0.021027
0.021036
0.021110
0.021106
0.021218
0.020975
0.021008
0.021017
0.021111
0.020999
0.021100
0.021029
0.020969
0.020990
0.020928
0.020985
0.021072
0.021033
0.020903
0.021042
0.021127
0.020912
0.020915
0.020924
0.021086
0.021018
0.021088
0.020958
0.020920
0.020815
0.024944
0.025107
0.024964
0.025073
0.025228
0.025028
0.024950
0.024781
0.024993
0.024997
0.025051
0.025226
0.024987
0.025044
0.025145
0.025013
0.025068
0.025178
0.024915
0.025023
0.025068
0.025081
0.025076
0.024921
0.025106
0.024970
0.025078
0.025030
0.024921
0.024896
0.024914
0.025064
0.024883
0.025031
0.025000
0.024911
0.025064
0.025174
0.025018
0.024922
0.024797
0.025136
0.024971
0.024894
0.025122
0.025138
0.024995
0.024940
0.025027
0.025191
0.025125
0.024906
0.024876
0.025074
0.025091
0.025081
0.025095
0.025078
0.024982
0.025153
0.025049
0.024937
0.024919
0.025130
0.025032
0.025044
0.024935
0.024839
0.025029
0.025102
0.025146
0.024991
0.024889
0.025025
0.025037
0.025053
0.025070
0.022901
0.020710
0.020628
0.020613
0.020568
0.020688
0.020623
0.020804
0.020688
0.020734
0.020455
0.020759
0.020727
0.020526
0.020713
0.020631
0.020623
0.020725
0.020535
0.020745
0.020779
0.020640
0.020797
0.020525
0.020701
0.020682
0.020486
0.020635
0.020593
0.020691
0.020749
0.020634
0.020660
0.020694
0.020646
0.020722
0.020634
0.020473
0.020678
0.020758
0.020976
0.020920
0.020935
0.020947
0.020930
0.020873
0.021044
0.020961
0.021055
0.021034
0.021181
0.021076
0.021036
0.020975
0.021050
0.020838
0.021027
0.020838
0.020910
0.020838
0.020850
0.021039
0.020995
0.021044
0.020891
0.020859
0.020962
0.020957
0.021023
0.020880
0.020925
0.021027
0.020860
0.021068
0.020881
0.020977
0.020843
0.020978
0.020825
0.021127
0.020937
0.020966
0.020787
0.021055
0.020834
0.020763
0.020914
0.020875
0.021017
0.020825
0.020853
0.020916
0.024803
0.024925
0.025198
0.025091
0.025088
0.025273
0.024820
0.025058
0.024913
0.025147
0.025046
0.024926
0.024953
0.025161
0.024954
0.024981
0.024964
0.025042
0.025020
0.025193
0.025098
0.025055
0.025209
0.024862
0.024896
0.025015
0.025009
0.025064
0.025047
0.024914
0.025092
0.024972
0.024986
0.025130
0.024967
0.025084
0.024938
0.024926
0.025059
0.024934
0.025004
0.025031
0.025002
0.025011
0.024996
0.024925
0.025063
0.025001
0.025153
0.025113
0.025031
0.025014
0.025059
0.025155
0.025015
0.025116
0.024995
0.024861
0.024885
0.025097
0.024967
0.025228
0.024964
0.025076
0.024990
0.025170
0.025057
0.025174
0.024925
0.025008
0.025070
0.025008
0.025091
0.025132
0.025034
0.024968
0.025239
0.025082
0.025022
0.025020
0.024921
0.025053
0.025091
0.025010
0.024924
0.024949
0.025069
0.024947
0.024995
0.025054
0.024966
0.024967
0.025112
0.025041
0.025125
0.025004
0.025017
0.025105
0.024990
0.025058
0.025103
0.025037
0.025014
0.025150
0.024986
0.025083
0.024938
0.024908
0.024984
0.025036
0.024820
0.024954
0.024819
0.025059
0.025033
0.025061
0.024949
0.020987
0.021030
0.020948
0.020976
0.020916
0.020810
0.021050
0.020921
0.021158
0.020711
0.021005
0.020786
0.020762
0.020958
0.020868
0.020988
0.020795
0.020982
0.020855
0.020955
0.020815
0.020787
0.020874
0.020776
0.021135
0.020849
0.021001
0.020684
0.021108
0.020707
0.021065
0.020777
0.021072
0.020761
0.021063
0.020898
0.021203
0.020738
0.021103
0.021363
0.020990
0.021257
0.021360
0.021421
0.021370
0.021283
0.021342
0.021366
0.020992
0.021240
0.021357
0.021432
0.021369
0.021300
0.021415
0.021243
0.021035
0.021478
0.021431
0.021369
0.021384
0.021360
0.021293
0.021329
0.020983
0.021316
0.021097
0.021267
0.021336
0.020928
0.021369
0.021184
0.021013
0.021198
0.021112
0.021382
0.021419
0.020910
0.021341
0.021049
0.021278
0.021444
0.021413
0.020874
0.021356
0.021379
