0.015834
0.014915
0.027663
0.032800
0.017427
0.032814
0.017486
0.033101
0.017536
0.032780
0.017437
0.032907
0.017438
0.032653
0.017491
0.032805
0.017430
0.032817
0.017609
0.032950
0.017466
0.032828
0.017580
0.032744
0.017818
0.032824
0.017592
0.033059
0.017537
0.033170
0.015763
0.031017
0.021138
0.032989
0.017545
0.032865
0.017426
0.032994
0.017409
0.032984
0.017549
0.020734
0.024794
0.017051
0.024612
0.017097
0.024820
0.016919
0.024580
0.018986
0.018887
0.024847
0.018981
0.026916
0.015173
0.026492
0.015196
0.026553
0.015172
0.018746
0.023273
0.026425
0.015173
0.018737
0.024875
0.017101
0.023206
0.018712
0.024722
0.017003
0.024664
0.018801
0.026930
0.015309
0.026571
0.015191
0.026465
0.015337
0.026384
0.015166
0.022891
0.025206
0.021410
0.021514
0.021321
0.021279
0.021453
0.021395
0.021458
0.021370
0.021444
0.021474
0.021283
0.021443
0.021425
0.021468
0.021450
0.021373
0.021336
0.021473
0.021367
0.021465
0.021239
0.021305
0.021296
0.021478
0.021104
0.021523
0.021444
0.021420
0.017234
0.017029
0.021407
0.023265
0.026666
0.021535
0.021375
0.021587
0.021352
0.013491
0.023084
0.025626
0.017114
0.026959
0.021318
0.021493
0.021456
0.017237
0.024551
0.024848
0.024948
0.024827
0.024980
0.024862
0.024915
0.024831
0.024996
0.024722
0.024765
0.024843
0.024799
0.024867
0.024837
0.024812
0.025102
0.024901
0.024878
0.024948
0.024878
0.024972
0.024850
0.024945
0.024685
0.025046
0.024998
0.024832
0.024906
0.024935
0.024935
0.024852
0.024844
0.024777
0.025097
0.024825
0.024863
0.024921
0.025000
0.024945
0.024950
0.024939
0.024887
0.025079
0.024883
0.024977
0.024873
0.025114
0.024814
0.024804
0.024980
0.024938
0.024899
0.024798
0.024924
0.024905
0.024900
0.025089
0.024912
0.024963
0.024809
0.024924
0.024852
0.024952
0.025019
0.025055
0.024980
0.024963
0.024868
0.025105
0.024864
0.025024
0.024798
0.024843
0.024906
0.024887
0.024871
0.024951
0.024954
0.025023
0.024880
0.025036
0.024855
0.024862
0.024893
0.024925
0.025047
0.024901
0.025114
0.024933
0.024952
0.024858
0.025141
0.024999
0.024947
0.024991
0.024901
0.025061
0.024835
0.025010
0.024960
0.024824
0.024950
0.024957
0.024924
0.025047
0.025026
0.024888
0.024944
0.024989
0.024932
0.024968
0.024856
0.024988
0.024980
0.024798
0.024915
0.025009
0.024820
0.024935
0.024909
0.025066
0.024955
0.024977
0.024794
0.024807
0.024922
0.024956
0.025082
0.024805
0.024956
0.024838
0.024872
0.024762
0.025046
0.024920
0.025096
0.024959
0.025052
0.024956
0.024992
0.024773
0.024823
0.024934
0.024931
0.024892
0.025029
0.024891
0.025049
0.024966
0.025220
0.024990
0.025096
0.024976
0.025036
0.024898
0.024866
0.024938
0.024997
0.024997
0.024832
0.024917
0.025070
0.024814
0.024890
0.024936
0.024954
0.025028
0.025092
0.025012
0.024836
0.024874
0.024843
0.024907
0.024768
0.024830
0.025126
0.025096
0.024934
0.025025
0.024904
0.025017
0.025094
0.024942
0.025085
0.025049
0.024965
0.024909
0.024868
0.025060
0.024966
0.025077
0.024969
0.025191
0.024818
0.024953
0.025013
0.025073
0.025091
0.025105
0.025074
0.025144
0.025076
0.024972
0.025009
0.024959
0.025059
0.025078
0.025121
0.025017
0.024953
0.024943
0.024948
0.024995
0.025027
0.025105
0.025127
0.025150
0.024842
0.025013
0.025073
0.024900
0.024698
0.025005
0.024961
0.024840
0.024832
0.024850
0.024839
0.025100
0.025056
0.025074
0.024934
0.025041
0.025024
0.024928
0.025008
0.024931
0.024871
0.024969
0.024919
0.025010
0.024951
0.025042
0.025015
0.025004
0.025013
0.025046
0.025028
0.022714
0.020521
0.020626
0.020663
0.020753
0.020624
0.020594
0.020647
0.020734
0.020566
0.020718
0.020647
0.020884
0.020705
0.020531
0.020648
0.020639
0.020633
0.020748
0.020627
0.020648
0.020673
0.020709
0.020573
0.016626
0.016824
0.016767
0.016472
0.016845
0.016704
0.016742
0.016801
0.016907
0.016550
0.016781
0.016577
0.016664
0.016576
0.016805
0.016709
0.016475
0.016860
0.016809
0.016578
0.016975
0.016915
0.016817
0.017152
0.016965
0.016931
0.016995
0.016900
0.017002
0.016856
0.017210
0.016747
0.017090
0.016706
0.017065
0.017024
0.016790
0.017015
0.016951
0.016890
0.017085
0.016819
0.017303
0.016852
0.017185
0.017108
0.016771
0.017300
0.017109
0.017247
0.017341
0.017314
0.017370
0.017233
0.017390
0.017320
0.017262
0.017367
0.017292
0.017290
0.017313
0.017220
0.017301
0.017413
0.017313
0.017343
0.019076
0.014774
0.023532
0.022993
0.017475
0.022999
0.017256
0.026624
0.017402
0.024727
0.017391
0.023269
0.017344
0.026687
0.017495
0.023061
0.023117
0.017506
0.023431
0.017218
0.021034
0.021719
0.023261
0.021107
0.023537
0.017289
0.023341
0.023221
0.017223
0.023176
0.024904
0.023275
0.021151
0.030801
0.021593
0.021319
0.029214
0.021134
0.029419
0.021049
0.029401
0.021248
0.029274
0.021042
0.029186
0.021123
0.029254
0.021197
0.029293
0.021298
0.029177
0.021099
0.029178
0.021210
0.029378
0.021201
0.029319
0.021157
0.029354
0.021126
0.029135
0.021151
0.029124
0.021277
0.029190
0.021174
0.029332
0.021036
0.029174
0.021114
0.029307
0.021131
0.029269
0.021133
0.029083
0.021273
0.029214
0.021266
0.029287
0.021268
0.025506
0.024273
0.017487
0.024479
0.018990
0.018923
0.024766
0.019032
0.018996
0.026979
0.015211
0.018746
0.018378
0.013124
0.020473
0.012996
0.020403
0.012953
0.020409
0.013033
0.020190
0.013020
0.018746
0.018349
0.013007
0.020311
0.013043
0.020373
0.013071
0.020391
0.013070
0.020284
0.013094
0.018515
0.016964
0.016845
0.016890
0.018335
0.013041
0.020265
0.013099
0.020315
0.012972
0.020438
0.013030
0.018920
0.016964
0.018704
0.013328
0.020527
0.013288
0.020543
0.013284
0.020449
0.013276
0.020557
0.013445
0.020799
0.013270
0.017044
0.017393
0.017594
0.017401
0.017128
0.017395
0.017190
0.017536
0.023493
0.013263
0.021252
0.013248
0.017214
