0.005870
0.025064
0.025445
0.025476
0.024940
0.025266
0.025203
0.025452
0.025031
0.025428
0.025060
0.025320
0.025087
0.025420
0.025023
0.025409
0.025054
0.025497
0.025098
0.025434
0.025017
0.025448
0.024859
0.024918
0.025245
0.025325
0.024926
0.025457
0.025057
0.025400
0.025063
0.025114
0.025241
0.025433
0.024993
0.025451
0.025106
0.025462
0.025338
0.024969
0.025374
0.024992
0.025396
0.025053
0.025025
0.025281
0.025019
0.025298
0.025179
0.025367
0.025083
0.025322
0.025169
0.025369
0.025055
0.025260
0.024955
0.025362
0.025124
0.025335
0.025025
0.025555
0.025023
0.025405
0.025041
0.025442
0.025100
0.025423
0.025049
0.025477
0.025104
0.025523
0.025039
0.025307
0.024962
0.025324
0.025048
0.025355
0.024962
0.025318
0.025087
0.025508
0.024997
0.025381
0.025088
0.025400
0.024917
0.025406
0.024930
0.025291
0.024942
0.025399
0.024976
0.025301
0.024953
0.025430
0.025043
0.025384
0.025021
0.025519
0.024948
0.025511
0.024994
0.025371
0.025018
0.025456
0.025087
0.025464
0.024962
0.025371
0.024847
0.025290
0.024971
0.025412
0.024854
0.025328
0.024893
0.025385
0.025019
0.025341
0.024955
0.025300
0.025110
0.025470
0.024984
0.025322
0.025191
0.025489
0.024974
0.025298
0.024890
0.025417
0.025028
0.025562
0.024972
0.025355
0.025023
0.025356
0.024881
0.025440
0.025039
0.025478
0.025011
0.025351
0.024945
0.025471
0.024873
0.025347
0.024968
0.025318
0.024953
0.025298
0.025010
0.025382
0.025071
0.025274
0.025025
0.025363
0.025081
0.025383
0.024764
0.025359
0.024920
0.025405
0.025002
0.025411
0.025083
0.025315
0.025042
0.025386
0.025034
0.025441
0.024977
0.025464
0.024899
0.025359
0.025046
0.025445
0.024967
0.025390
0.020935
0.020752
0.020935
0.020765
0.021048
0.020904
0.020740
0.021088
0.020689
0.020802
0.021094
0.020921
0.020701
0.020971
0.020963
0.021010
0.020774
0.020916
0.020710
0.020836
0.021007
0.020872
0.021003
0.020858
0.020987
0.020765
0.020896
0.020852
0.020981
0.020701
0.021060
0.020758
0.020931
0.020694
0.021004
0.020796
0.020824
0.020897
0.020907
0.017166
0.017108
0.016871
0.016898
0.016818
0.016903
0.016881
0.016699
0.016877
0.016915
0.016815
0.016980
0.016879
0.016854
0.017006
0.017080
0.016903
0.016952
0.016874
0.017015
0.016803
0.017053
0.016967
0.016888
0.016850
0.016877
0.016886
0.017029
0.017080
0.016796
0.017167
0.016751
0.017078
0.017040
0.017070
0.017062
0.016789
0.016945
0.017135
0.017106
0.016815
0.017083
0.016951
0.020742
0.021186
0.021028
0.020999
0.021033
0.021427
0.021283
0.021018
0.021357
0.020935
0.021237
0.021028
0.021314
0.021426
0.020855
0.021325
0.021094
0.021325
0.020992
0.021473
0.020924
0.021457
0.020840
0.021374
0.020923
0.021528
0.021214
0.021011
0.021175
0.020952
0.021178
0.021468
0.021242
0.020931
0.021388
0.021397
0.021183
0.021268
0.021215
0.021308
0.020936
0.021266
0.021297
0.021100
0.021256
0.021532
0.020879
0.021351
0.021199
0.020944
0.021437
0.021032
0.021363
0.024947
0.025237
0.024997
0.025144
0.025317
0.025012
0.025373
0.024868
0.025329
0.025082
0.025351
0.024974
0.025441
0.025056
0.025365
0.025025
0.025256
0.024963
0.025229
0.024977
0.025277
0.025163
0.025405
0.024863
0.025290
0.024956
0.025333
0.025009
0.025433
0.025087
0.025313
0.024910
0.025361
0.024918
0.025492
0.025148
0.025401
0.025040
0.025303
0.025008
0.025245
0.024872
0.025342
0.025016
0.025407
0.025060
0.025336
0.025050
0.025352
0.024809
0.025380
0.024961
0.025476
0.024971
0.025266
0.024986
0.025470
0.025040
0.025377
0.024907
0.025418
0.025059
0.025447
0.025027
0.025484
0.024906
0.025482
0.025063
0.025362
0.025071
0.025290
0.025024
0.025437
0.025117
0.025323
0.025050
0.025384
0.024879
0.025407
0.025072
0.025418
0.025115
0.025301
0.025102
0.025279
0.024982
0.025320
0.024866
0.025400
0.024873
0.025359
0.025040
0.025356
0.024955
0.025430
0.024988
0.025446
0.024993
0.025418
0.024949
0.025323
0.025006
0.025386
0.024909
0.025372
0.025082
0.025456
0.024830
0.025383
0.025021
0.025240
0.025095
0.025401
0.024861
0.025432
0.024920
0.025302
0.024978
0.025327
0.024889
0.025244
0.025122
0.025334
0.024924
0.025450
0.024796
0.025336
0.025023
0.025280
0.024959
0.025441
0.024878
0.025290
0.025023
0.025350
0.025001
0.025270
0.025125
0.025321
0.024963
0.025272
0.024897
0.025463
0.025074
0.025488
0.024983
0.025317
0.024932
0.025381
0.024976
0.025284
0.024971
0.025330
0.024892
0.025459
0.024918
0.025331
0.024853
0.025425
0.024922
0.025511
0.024984
0.025334
0.024857
0.025531
0.024928
0.025279
0.024948
0.025449
0.025001
0.025327
0.024941
0.025267
0.025109
0.025273
0.024934
0.025324
0.024810
0.025265
0.024915
0.025424
0.025035
0.025273
0.025071
0.025396
0.025039
0.025352
0.024921
0.025312
0.024887
0.025383
0.024963
0.025277
0.025000
0.025324
0.025110
0.025230
0.025050
0.025304
0.024927
0.025396
0.024934
0.025279
0.024957
0.025350
0.024860
0.025449
0.024875
0.025300
0.024923
0.025391
0.025069
0.025320
0.024858
0.025271
0.025088
0.025423
0.025009
0.025403
0.024932
0.025474
0.025013
0.025289
0.024881
0.025306
0.024961
0.025354
0.024863
0.025465
0.024994
0.025457
0.024998
0.025449
0.025140
0.025331
0.024979
0.025384
0.025121
0.025452
0.024919
0.025269
0.024943
0.025492
0.025127
0.025421
0.025059
0.025345
0.025128
0.025316
0.025077
0.025266
0.024888
0.025415
0.024848
0.025483
0.025111
0.025378
0.024864
0.025281
0.024869
0.025337
0.025023
0.025312
0.024967
0.025463
0.024947
0.025446
0.025052
0.025324
0.024979
0.025475
0.025014
0.025312
0.024897
0.025518
0.024772
0.025440
0.024790
0.025366
0.024980
0.025326
0.024949
0.025339
0.025117
0.025344
0.024908
0.025318
0.025024
0.025359
0.025135
0.025411
0.025079
0.025477
0.024983
0.025313
0.025160
0.025324
0.025080
0.025285
0.024992
0.025404
0.020947
0.020812
0.021059
0.020840
0.020719
0.020759
0.021122
0.020821
0.020779
0.020942
0.020734
0.020888
0.021086
0.020842
0.021016
0.020938
0.020752
0.021138
0.020807
0.020776
0.021046
0.020707
0.021005
0.020875
0.020764
0.021230
0.020637
0.020967
0.020829
0.020748
0.020990
0.020718
0.021080
0.020810
0.021102
0.020761
0.020907
0.020758
0.020820
0.021218
0.021307
0.021328
0.020993
0.021441
0.021286
0.021323
0.021316
0.021007
0.021235
0.020979
0.021294
0.021238
0.021032
0.021412
0.021383
0.021012
0.021223
0.021082
0.021295
0.021472
0.021236
0.021539
0.021312
0.021245
0.020918
0.021387
0.020997
0.021493
0.021091
0.021365
0.021351
0.020890
0.021297
0.021440
0.020876
0.021353
0.021461
0.020934
0.021321
0.021248
0.021033
0.021117
0.020902
0.021315
0.021316
0.016776
0.016934
0.016999
0.018916
0.014844
0.018819
0.024971
0.017218
0.024830
0.018728
0.026839
0.020889
0.015404
0.026527
0.015365
0.018842
0.023508
0.018633
0.023327
0.018735
0.023526
0.026458
0.015255
0.026655
0.015249
0.026794
0.015239
0.026591
0.015258
0.018747
0.024893
0.017168
0.023320
0.026406
0.015359
0.026505
0.015428
0.026607
0.015483
0.026623
0.015546
0.018966
0.021537
0.021713
0.023324
0.018945
0.023581
0.019023
0.023295
0.027143
0.013422
0.023485
0.026837
0.013564
0.023466
0.019065
0.023303
0.026999
0.021411
0.013508
0.025035
0.025335
0.021336
0.013517
0.023579
0.026917
0.013494
0.023499
0.026741
0.013474
0.023193
0.026858
0.021549
0.021474
0.013600
0.023530
0.026854
0.013536
0.023586
0.026849
0.013474
0.023521
0.026878
0.021568
0.013622
0.023381
0.026867
0.021406
0.023506
0.019227
0.032970
0.021415
0.028848
0.021431
0.029094
0.021571
0.028896
0.021481
0.029014
0.021338
0.028856
0.021391
0.028900
0.021409
0.028939
0.021564
0.028917
0.021492
0.028857
0.021392
0.029005
0.021543
0.029020
0.021474
0.028928
0.021468
0.028933
0.021410
0.028836
0.021422
0.028814
0.021450
0.028929
0.021599
0.029007
0.021515
0.028946
0.021431
0.029061
0.021438
0.028970
0.021356
0.028925
0.021383
0.028962
0.021431
0.028941
0.021360
0.028885
0.021491
0.028955
0.021434
0.029021
0.021545
0.028961
0.021480
0.028903
0.021462
0.028944
0.021445
0.028953
0.021438
0.028924
0.021426
0.028939
0.021426
0.028844
0.021412
0.028969
0.021481
0.028937
0.021441
0.029026
0.021557
0.028982
0.021415
0.028986
0.021354
0.028932
0.021419
0.028953
0.021373
0.028991
0.021559
0.028964
0.021487
0.028960
0.021502
0.029110
0.021524
0.028812
0.021299
0.028981
0.021388
0.028884
0.021527
0.029023
0.021437
0.028919
0.021425
0.028949
0.021338
0.029035
0.021467
0.029148
0.021419
0.028987
0.021428
0.029032
0.021450
0.029080
0.021468
0.028896
0.021579
0.029012
0.021474
0.028907
0.017505
0.032777
0.021463
0.028958
0.021497
0.028973
0.021494
0.028867
0.021522
0.028871
0.021510
0.028990
0.021539
0.028960
0.021417
0.028936
0.021446
0.028866
0.021450
0.028877
0.021449
0.029053
0.021329
0.028941
0.021416
0.028949
0.021531
0.028920
0.021398
0.029087
0.021462
0.028866
0.021273
0.028824
0.021429
0.028940
0.021460
0.028829
0.021461
0.028860
0.021393
0.028993
0.021559
0.028984
0.021477
0.028929
0.021529
0.028887
0.021425
0.028886
0.021405
0.028902
0.021399
0.028881
0.021399
0.017086
0.028594
0.015138
0.026557
0.015211
0.020481
0.027077
0.015188
0.020420
0.026981
0.015241
0.026667
0.015087
0.026589
0.015085
0.026697
0.015095
0.026632
0.015059
0.026684
0.013537
0.026752
0.015040
0.028422
0.013571
0.026711
0.022680
0.013515
0.022719
0.026595
0.013407
0.026713
0.022961
0.013366
0.026792
0.015122
0.028575
