0.012055
0.018629
0.024998
0.025028
0.025038
0.025245
0.025071
0.024903
0.024877
0.024949
0.024954
0.025062
0.025235
0.024922
0.025066
0.025133
0.025026
0.025064
0.025140
0.024924
0.025009
0.025002
0.025112
0.025088
0.024935
0.025022
0.025022
0.025068
0.024985
0.024906
0.024943
0.024892
0.025092
0.024964
0.024959
0.024905
0.024961
0.025028
0.025200
0.025060
0.024866
0.024841
0.025086
0.024951
0.024973
0.025057
0.025074
0.024956
0.024975
0.024952
0.025179
0.025099
0.024890
0.024856
0.025022
0.025038
0.025080
0.025087
0.024981
0.024921
0.025164
0.025054
0.024986
0.024877
0.025067
0.025006
0.025064
0.024854
0.024903
0.024975
0.025015
0.025099
0.024969
0.024883
0.025043
0.025045
0.024974
0.025115
0.022848
0.020659
0.020643
0.020626
0.020555
0.020689
0.020653
0.020693
0.020726
0.020802
0.020466
0.020786
0.020741
0.020476
0.020734
0.020621
0.020602
0.020734
0.020578
0.020695
0.020778
0.020698
0.020712
0.020596
0.020660
0.020642
0.020511
0.020582
0.020556
0.020736
0.020798
0.020562
0.020742
0.020682
0.020689
0.020666
0.020705
0.020415
0.020730
0.020676
0.020925
0.020992
0.021010
0.020889
0.020934
0.020903
0.020992
0.020976
0.021052
0.020980
0.021206
0.021064
0.020996
0.020951
0.021102
0.020817
0.021073
0.020826
0.020863
0.020861
0.020856
0.021026
0.021002
0.020973
0.020863
0.020851
0.020928
0.020991
0.020991
0.020883
0.020853
0.021013
0.020886
0.020951
0.020945
0.020892
0.020775
0.020981
0.020835
0.021033
0.020934
0.020944
0.020756
0.020956
0.020860
0.020814
0.020892
0.020817
0.020996
0.020822
0.020833
0.020899
0.024827
0.024882
0.025157
0.025054
0.025134
0.025179
0.024799
0.024999
0.024925
0.025046
0.025058
0.024992
0.024951
0.025118
0.024919
0.025007
0.024915
0.025019
0.025058
0.025166
0.025074
0.025012
0.025202
0.024891
0.024925
0.024981
0.024976
0.025114
0.025023
0.024918
0.025109
0.024971
0.024927
0.025107
0.025033
0.025095
0.025023
0.024927
0.025042
0.024967
0.025005
0.024987
0.025026
0.024998
0.025044
0.024902
0.025020
0.025053
0.025146
0.025151
0.024970
0.025043
0.025067
0.025128
0.025056
0.025132
0.024993
0.024882
0.024922
0.025157
0.025002
0.025194
0.025010
0.025134
0.024997
0.025180
0.025112
0.025191
0.024963
0.024971
0.025180
0.024951
0.025152
0.025149
0.025048
0.025002
0.025258
0.025035
0.025099
0.024972
0.024952
0.025066
0.025122
0.025014
0.024979
0.024966
0.025070
0.024961
0.024950
0.025113
0.025020
0.025037
0.025036
0.025086
0.025143
0.025053
0.025079
0.025105
0.025000
0.025042
0.025139
0.025061
0.025013
0.025127
0.025048
0.025031
0.025034
0.024957
0.024993
0.025096
0.024809
0.024984
0.024882
0.025009
0.025075
0.025177
0.024898
0.013229
0.024955
0.018935
0.024646
0.019186
0.018938
0.024760
0.017370
0.024748
0.017235
0.024596
0.019110
0.017060
0.024938
0.018824
0.024728
0.017224
0.023035
0.018844
0.024711
0.019122
0.017205
0.024704
0.016990
0.024974
0.017091
0.024917
0.016958
0.024865
0.017035
0.024860
0.016997
0.024956
0.017048
0.024935
0.017001
0.025177
0.016992
0.024852
0.023111
0.017437
0.021155
0.021624
0.021102
0.021737
0.021501
0.020902
0.023456
0.017294
0.023403
0.021337
0.021497
0.021452
0.021089
0.023514
0.023156
0.017467
0.021380
0.021620
0.021407
0.021537
0.021347
0.021386
0.024855
0.017480
0.023242
0.017322
0.023343
0.023230
0.017228
0.023212
0.024803
0.017417
0.024872
0.017467
0.021534
0.024988
0.017358
0.023302
0.017318
0.023322
0.021438
0.023425
0.017094
0.023263
0.023305
0.017189
0.019089
0.016386
0.019022
0.028936
0.015481
0.018534
0.028725
0.015263
0.018762
0.028709
0.015083
0.018885
0.027088
0.014960
0.026660
0.015010
0.026777
0.015042
0.026865
0.015087
0.026808
0.015198
0.026849
0.014859
0.026931
0.015055
0.026758
0.017131
0.018835
0.026937
0.015111
0.026806
0.020570
0.016990
0.018774
0.026990
0.015086
0.026727
0.015007
0.021623
0.023037
0.026910
0.015337
0.026948
0.015249
0.025629
0.023009
0.015269
0.027002
0.015315
0.026916
0.015289
0.027047
0.015382
0.027012
0.015214
0.026888
0.015351
0.026982
0.015240
0.026915
0.013864
0.022812
0.026996
0.013744
0.022965
0.026906
0.013671
0.026988
0.023115
0.013823
0.027006
0.023131
0.013529
0.026958
0.015435
0.027099
0.023154
0.013764
0.027056
0.022967
0.013654
0.026961
0.023046
0.013610
0.026996
0.021474
0.015435
0.024475
0.024899
0.025074
0.025164
0.025168
0.025129
0.025181
0.024998
0.025124
0.025083
0.025005
0.025058
0.025043
0.025090
0.025153
0.025136
0.025107
0.025100
0.025193
0.024973
0.024988
0.024975
0.025052
0.025122
0.025046
0.025009
0.025096
0.025076
0.024935
0.025142
0.025153
0.025181
0.025153
0.025110
0.024990
0.025039
0.025215
0.025033
0.025059
0.024984
0.024885
0.025110
0.025109
0.024981
0.025114
0.025159
0.025069
0.025089
0.025124
0.024957
0.025017
0.025035
0.025103
0.025025
0.025177
0.025086
0.025149
0.025003
0.025053
0.025071
0.025110
0.025059
0.025178
0.025155
0.025137
0.024968
0.025172
0.025095
0.024966
0.025037
0.024902
0.025006
0.025042
0.025040
0.025107
0.024986
0.024999
0.025130
0.025063
0.024869
0.025090
0.025140
0.025187
0.025234
0.025190
0.025090
0.024919
0.025046
0.024950
0.025112
0.024994
0.025051
0.025198
0.025029
0.025155
0.025124
0.025050
0.024975
0.025045
0.025071
0.025029
0.024985
0.025139
0.025144
0.024964
0.025092
0.025095
0.024959
0.025069
0.024915
0.024942
0.024994
0.025211
0.025019
0.025130
0.025049
0.024861
0.024924
0.025177
0.025044
0.025090
0.025229
0.025139
0.025133
0.025034
0.025067
0.025081
0.024982
0.025035
0.025190
0.025084
0.025025
0.025142
0.025165
0.025137
0.025213
0.025093
0.025105
0.025126
0.024974
0.024990
0.025112
0.025169
0.025043
0.024995
0.024960
0.025125
0.025151
0.025065
0.025191
0.025147
0.025051
0.025073
0.025043
0.025136
0.025040
0.025188
0.025266
0.025154
0.025127
0.025102
0.025172
0.025227
0.025138
0.025197
0.025074
0.019090
0.015131
0.028728
0.013525
0.028394
0.013544
0.026693
0.015017
0.028563
0.013481
0.028420
0.013470
0.026837
0.014919
0.028546
0.013409
0.026798
0.014988
0.027053
0.014869
0.028611
0.013507
0.026815
0.014997
0.026967
0.014896
0.028595
0.013504
0.028328
0.013451
0.028455
0.013378
0.026730
0.015006
0.028706
0.013477
0.028371
0.013538
0.021326
0.023512
0.026666
0.013603
0.027180
0.021484
0.021596
0.021564
0.021319
0.021461
0.021625
0.021414
0.021651
0.021564
0.021681
0.021569
0.021559
0.021369
0.021590
0.021456
0.021489
0.021557
0.021722
0.021378
0.021572
0.021460
0.021468
0.018807
0.015219
0.017176
0.018812
0.015246
0.017279
0.017193
0.017250
0.017126
0.017204
0.017191
0.017209
0.017353
0.017245
0.012772
0.024966
0.015301
0.028621
0.019192
0.014900
0.028566
0.017361
0.016768
0.026878
0.022870
0.017227
0.024622
0.017237
0.016898
0.026994
0.022853
0.019111
0.022773
0.017348
0.024752
0.017250
0.016743
0.027178
0.022857
0.019092
0.014989
0.028593
0.017382
0.016738
0.028662
0.017553
0.016652
0.028563
0.017271
0.020734
0.024987
0.017558
0.023367
0.021507
0.021447
0.021524
0.021335
0.021570
0.021301
0.021417
0.021522
0.021470
0.022911
0.017501
0.023277
0.021519
0.021439
0.021466
0.021317
0.021406
0.021477
0.021518
0.021431
0.021580
0.021357
0.021569
0.023148
0.017514
0.023363
0.023208
0.017523
0.023425
0.015190
0.027235
0.023091
0.017526
0.023310
0.023100
0.017557
0.023312
0.023109
0.017545
0.023350
0.023202
0.017517
0.023287
0.023050
0.017544
0.023244
0.021575
0.025417
0.021425
0.029293
0.021342
0.029171
0.021251
0.029249
0.021297
0.029236
0.021295
0.029267
0.021320
0.029231
0.021247
0.029132
0.021271
0.029079
0.021337
0.029175
0.021321
0.029208
0.021332
0.029154
0.021287
0.029200
0.021171
0.029194
0.021368
0.029152
0.021379
0.029164
0.021342
0.029227
0.021321
0.029272
0.021390
0.029308
0.021291
0.029279
0.021324
0.029200
0.021188
0.029326
0.021335
0.029300
0.021397
0.029185
0.021446
0.029422
0.021308
0.029062
0.021262
0.029230
0.021380
0.029273
0.021300
0.029271
0.021425
0.029224
0.021398
0.029211
0.021240
0.029300
0.021326
0.029075
0.021258
0.029207
0.021238
0.029286
0.021209
0.029210
0.021293
0.029221
0.021266
0.029239
0.021228
0.029208
0.021500
0.029184
0.021333
0.029223
0.021341
0.029369
0.021237
0.029247
0.021236
0.029173
0.021389
0.029238
0.021209
0.029220
0.021285
0.025075
0.029435
0.021292
0.029319
0.021287
0.029097
0.021216
0.029237
0.021375
0.029235
0.021172
0.029176
0.021429
0.029234
0.021284
0.029303
0.021410
0.029322
0.021151
0.029265
0.021248
0.029178
0.021262
0.029386
0.021356
0.029300
0.021508
0.029149
0.021239
0.029164
0.021392
0.029331
0.021355
0.029353
0.021374
0.029174
0.021314
0.029241
0.021302
0.029335
0.021401
0.029301
0.021313
0.029258
0.021211
0.029365
0.021311
0.029433
0.021260
0.029205
0.021267
0.029346
0.021270
0.029272
0.021188
0.029202
0.021383
0.029237
0.021239
0.029225
0.021364
0.029233
0.021247
0.029295
0.021257
0.029163
0.021401
0.029210
0.021284
0.029297
0.021328
0.029288
0.021254
0.029255
0.021140
0.029171
0.021205
0.029198
0.021362
0.029241
0.021277
0.029369
0.021279
0.029076
0.021227
0.029163
0.021268
0.029328
0.021382
0.029192
0.021377
0.029331
0.021250
0.029251
0.021243
0.029048
0.021392
0.029286
0.021233
0.029234
0.021364
0.029251
0.021313
0.029298
0.021222
0.029266
0.021367
0.029262
0.021305
0.029174
0.021208
0.029130
0.021290
0.029075
0.021311
