0.003955
0.010579
0.012895
0.013030
0.013044
0.012970
0.012892
0.013066
0.013025
0.013070
0.012986
0.013034
0.012902
0.012905
0.013069
0.013026
0.013013
0.012950
0.012834
0.012955
0.012954
0.013010
0.013007
0.013030
0.012959
0.012952
0.012902
0.012970
0.012962
0.012904
0.012831
0.012935
0.012918
0.012951
0.012894
0.012875
0.012908
0.012990
0.012993
0.013021
0.012915
0.012984
0.016852
0.016777
0.017018
0.016859
0.016893
0.016860
0.016920
0.016931
0.020956
0.020972
0.021113
0.024918
0.024999
0.025016
0.024868
0.025158
0.024935
0.024966
0.024958
0.024959
0.024881
0.024808
0.024990
0.024818
0.024971
0.024944
0.024909
0.024850
0.024968
0.025028
0.024969
0.024976
0.024856
0.024863
0.024921
0.024848
0.024946
0.024967
0.024998
0.024794
0.024858
0.024894
0.024915
0.025042
0.025156
0.024976
0.024908
0.024780
0.024976
0.025008
0.024984
0.024924
0.024982
0.024942
0.025080
0.024962
0.025039
0.025012
0.024901
0.025008
0.024973
0.025050
0.024914
0.024986
0.024930
0.025160
0.025013
0.024891
0.024923
0.025157
0.025046
0.025099
0.025084
0.025162
0.025029
0.024908
0.024822
0.025001
0.024931
0.025016
0.024994
0.024983
0.024995
0.024946
0.025048
0.024918
0.024899
0.024891
0.025069
0.024988
0.024958
0.024927
0.025057
0.024961
0.025054
0.025119
0.024881
0.024981
0.025111
0.025019
0.025119
0.025059
0.025020
0.025125
0.025167
0.024863
0.024988
0.025009
0.024915
0.025003
0.025102
0.025154
0.024879
0.024834
0.025013
0.025037
0.025032
0.024949
0.024956
0.025020
0.024904
0.024912
0.024961
0.024893
0.024884
0.024858
0.024907
0.025137
0.025002
0.025132
0.025179
0.024948
0.025028
0.025129
0.024930
0.025020
0.024920
0.025118
0.025028
0.024979
0.025120
0.025027
0.024969
0.024995
0.024981
0.025237
0.025085
0.024961
0.024824
0.024951
0.025057
0.025085
0.024928
0.025015
0.024989
0.025021
0.024975
0.024953
0.024886
0.025006
0.025038
0.025131
0.024895
0.024895
0.025040
0.024909
0.024964
0.025023
0.025040
0.024990
0.025119
0.025031
0.025001
0.024870
0.025044
0.025203
0.024978
0.024915
0.024968
0.025111
0.024877
0.024937
0.024887
0.025013
0.025109
0.024985
0.025022
0.024986
0.025013
0.024945
0.024948
0.024966
0.024990
0.025001
0.024946
0.025045
0.024981
0.024937
0.024975
0.024951
0.025041
0.024981
0.025008
0.025005
0.025132
0.024953
0.024961
0.024930
0.024908
0.024929
0.024956
0.025188
0.024992
0.024827
0.024938
0.024994
0.025029
0.024906
0.024946
0.025197
0.024954
0.025109
0.025120
0.025017
0.025025
0.025067
0.024811
0.025095
0.024869
0.025040
0.024892
0.025126
0.024833
0.025018
0.025118
0.025202
0.024980
0.024947
0.025044
0.024993
0.024986
0.025009
0.024920
0.024896
0.025091
0.025130
0.024881
0.025182
0.025007
0.024945
0.025026
0.024925
0.024951
0.024975
0.024930
0.024996
0.025067
0.025020
0.025136
0.024970
0.025073
0.025052
0.024982
0.025060
0.024917
0.024976
0.024909
0.025113
0.024967
0.025041
0.025118
0.025043
0.025025
0.024999
0.024920
0.025072
0.025028
0.024898
0.024982
0.025023
0.025100
0.024886
0.024966
0.025027
0.025015
0.024881
0.024976
0.025007
0.024979
0.024985
0.024928
0.025075
0.024940
0.025035
0.025115
0.025054
0.024992
0.025096
0.025066
0.024971
0.024915
0.025107
0.025110
0.024998
0.024937
0.025042
