0.006236
0.012326
0.017070
0.017026
0.017049
0.016979
0.017032
0.016943
0.017010
0.017009
0.017076
0.016890
0.017076
0.017092
0.017012
0.017053
0.021051
0.020984
0.021078
0.021088
0.020911
0.023120
0.024944
0.025137
0.025133
0.024965
0.025017
0.025095
0.025232
0.025165
0.025114
0.025048
0.025072
0.025069
0.025059
0.025038
0.025131
0.025101
0.025162
0.025173
0.025040
0.025062
0.025039
0.025104
0.025045
0.025083
0.025209
0.025111
0.025247
0.025131
0.025073
0.024912
0.025149
0.025112
0.025226
0.024993
0.025101
0.025012
0.025041
0.025174
0.025184
0.025070
0.025221
0.025213
0.025086
0.024965
0.025113
0.025060
0.025095
0.025220
0.025094
0.025050
0.025060
0.025069
0.024928
0.025121
0.025158
0.025129
0.025035
0.025107
0.025175
0.025001
0.025241
0.025125
0.025169
0.025078
0.025107
0.025193
0.025136
0.025119
0.025074
0.025095
0.025096
0.025077
0.024941
0.025042
0.024903
0.025095
0.025048
0.025044
0.025089
0.025181
0.024997
0.025023
0.025113
0.025048
0.025040
0.025110
0.025060
0.025127
0.025140
0.025064
0.024976
0.025171
0.025126
0.025090
0.025256
0.025104
0.025148
0.024982
0.025115
0.024969
0.025154
0.025147
0.025078
0.025055
0.025129
0.025283
0.025047
0.025024
0.024999
0.024861
0.025019
0.025114
0.025009
0.025007
0.025114
0.025073
0.025121
0.025057
0.025105
0.025061
0.025159
0.025125
0.025081
0.024961
0.025181
0.024944
0.025147
0.025073
0.025176
0.025033
0.025029
0.025114
0.025248
0.025041
0.025152
0.025303
0.025159
0.025157
0.025065
0.025122
0.025064
0.025180
0.025078
0.025158
0.025157
0.025145
0.025204
0.025072
0.025038
0.025207
0.025169
0.025096
0.025021
0.024920
0.025010
0.024964
0.025115
0.025277
0.025072
0.025031
0.025199
0.024978
0.025057
0.025017
0.024954
0.025188
0.025079
0.025095
0.025057
0.025017
0.025173
0.025033
0.025021
0.025103
0.025079
0.025149
0.025015
0.025048
0.025273
0.025049
0.025049
0.025017
0.025125
0.025012
0.025024
0.025156
0.024997
0.025008
0.025094
0.025041
0.025089
0.025177
0.025085
0.024998
0.025061
0.025211
0.025019
0.024938
0.025123
0.024980
0.024998
0.025169
0.025042
0.025147
0.024988
0.025092
0.025033
0.025159
0.024963
0.025153
0.025018
0.025179
0.025198
0.025128
0.025076
0.025159
0.025145
0.024920
0.025250
0.025164
0.025110
0.025035
0.025095
0.025175
0.025085
0.024957
0.024865
0.024980
0.025182
0.025174
0.025153
0.025099
0.025179
0.025042
0.025014
0.024991
0.025081
0.025010
0.025104
0.024980
0.025069
0.025246
0.025062
0.025111
0.025047
0.025026
0.025229
0.025209
0.024993
0.024959
0.025081
0.025056
0.025263
0.025078
0.025107
0.025080
0.025112
0.025131
0.025014
0.025150
0.025107
0.025054
0.025040
0.025217
0.025181
0.025049
0.023727
0.024842
0.018881
0.018931
0.024733
0.020693
0.017257
0.024707
0.019110
0.018783
0.024907
0.019145
0.018754
0.023047
0.018728
0.023332
0.018764
0.024704
0.018964
0.018970
0.024819
0.016962
0.024751
0.018780
0.026893
0.015221
0.026617
0.020927
0.015363
0.018693
0.023222
0.026450
0.015237
0.026491
0.015396
0.026589
0.015332
0.018745
0.023349
0.026947
0.021518
0.021523
0.021489
0.021438
0.021373
0.021541
0.021549
0.021418
0.021293
0.021514
0.021411
0.021443
0.021462
0.021447
0.021489
0.021435
0.021465
0.021499
0.021274
0.021511
0.021479
0.021348
0.013374
0.023520
0.023099
0.017200
0.023467
0.026711
0.013553
0.023421
0.022989
0.025311
0.013508
0.023472
0.023067
0.017150
0.023507
0.022937
0.017139
0.023543
0.026731
0.021395
0.013418
0.023622
0.026654
0.013489
0.031251
0.025360
0.017491
0.033212
0.017326
0.033106
0.017273
0.033217
0.017379
0.033073
0.017295
0.033017
0.017327
0.033079
0.017363
0.033084
0.017366
0.033223
0.017291
0.033200
0.017327
0.033145
0.017218
0.033058
0.017414
0.033050
0.017342
0.033176
0.017418
0.033033
0.017209
0.032909
0.017405
0.033125
0.017442
0.030620
0.019111
0.020801
0.016972
0.018981
0.028588
0.015377
0.019023
0.028550
0.015348
0.026687
0.015223
0.018782
0.028755
0.015238
0.026714
0.013592
0.028243
0.015045
0.018777
0.028803
0.015111
0.018838
0.028797
0.015250
0.026663
0.015031
0.026722
0.015120
0.026766
0.015040
0.018972
0.028679
0.015107
0.026704
0.015151
0.026772
0.015212
0.026767
0.013451
0.028828
0.013842
0.026992
0.023209
0.013554
0.026977
0.021367
0.023063
0.015376
0.025351
0.021326
0.021567
0.022910
0.015382
0.025412
0.021416
0.022938
0.013638
0.027060
0.021564
0.022820
0.021112
0.013805
0.028589
0.013785
0.026991
0.023008
0.013687
0.023186
0.026942
0.013803
0.026849
0.023002
0.013743
0.026926
0.021428
0.015257
0.026978
0.022970
0.013711
0.026989
0.023061
0.013622
0.027018
0.022921
0.013540
0.026894
0.023074
0.015366
0.024588
0.024893
0.025012
0.024958
0.025020
0.024947
0.025000
0.024961
0.025080
0.024968
0.025010
0.025044
0.025013
0.025063
0.025069
0.025127
0.025024
0.025090
0.025007
0.025141
0.025066
0.025180
0.025107
0.025184
0.025031
0.025090
0.024974
0.025097
0.025045
0.025127
0.024974
0.025126
0.025182
0.025006
0.024959
0.025060
0.024940
0.024981
0.024972
0.022763
0.020650
0.020756
0.020809
0.020789
0.020693
0.020595
0.020797
0.020551
0.020752
0.020698
0.020617
0.020612
0.020625
0.020557
0.020623
0.020549
0.020689
0.020819
0.020680
0.020642
0.020666
0.020658
0.020664
0.020642
0.020723
0.020730
0.020627
0.020565
0.020643
0.020422
0.020702
0.020763
0.020758
0.020729
0.020680
0.020495
0.020708
0.020737
0.020827
0.020849
0.020961
0.021129
0.021015
0.020953
0.021121
0.020915
0.021042
0.020968
0.020850
0.021046
0.020928
0.021047
0.020862
0.021073
0.020910
0.021029
0.021055
0.021041
0.021052
0.021052
0.020878
0.020906
0.021125
0.020980
0.020875
0.021008
0.021098
0.020819
0.020970
0.021002
0.020976
0.020841
0.020876
0.021009
0.020917
0.020841
0.021072
0.020928
0.020881
0.020915
0.021014
0.020779
0.021020
0.021063
0.021006
0.021049
0.020944
0.020959
0.020804
0.020894
0.020896
0.024899
0.024897
0.024981
0.025149
0.024919
0.025011
0.025034
0.024972
0.024896
0.025143
0.024944
0.024896
0.024823
0.025005
0.024920
0.024949
0.024982
0.024898
0.025097
0.024970
0.025075
0.025128
0.024915
0.024976
0.024989
0.024951
0.024789
0.024788
0.025071
0.025056
0.024929
0.025120
0.024918
0.024973
0.025119
0.024882
0.024964
0.024836
0.024976
0.024958
0.024963
0.024964
0.024934
0.024932
0.024938
0.024964
0.025027
0.025073
0.024822
0.025110
0.024951
0.024920
0.025048
0.024782
0.025077
0.024965
0.025047
0.024960
0.024911
0.024907
0.024989
0.025065
0.024915
0.024894
0.024927
0.024860
0.024881
0.024982
0.024954
0.025111
0.024848
0.024922
0.024806
0.025037
0.024919
0.024981
0.024942
0.025078
0.024897
0.024962
0.024930
0.025141
0.025126
0.024883
0.025006
0.025023
0.025094
0.024948
0.025043
0.025014
0.024808
0.024917
0.024949
0.025003
0.025033
0.025001
0.025093
0.025019
0.025000
0.024963
0.025000
0.025041
0.025075
0.025029
0.024961
0.024949
0.025043
0.025061
0.025046
0.025020
0.024977
0.024949
0.024959
0.025040
0.025049
0.025178
0.024864
0.025066
0.025172
0.024927
0.025088
0.024993
0.025030
0.025044
0.024815
0.025099
0.025077
0.025052
0.025090
0.025049
0.025046
0.025077
0.024868
0.024981
0.024987
0.025050
0.024981
0.025005
0.024956
0.025092
0.024939
0.025022
0.025027
0.025025
0.025154
0.025106
0.025167
0.025173
0.025137
0.025056
0.025141
0.025086
0.024963
0.024997
0.024915
0.024924
0.025042
0.024936
0.025054
0.025119
0.025022
0.025085
0.025113
0.024875
0.024963
0.025114
0.024963
0.024869
0.024964
0.024958
0.024913
0.024945
0.025004
0.025105
0.025008
0.024930
0.024955
0.024912
0.025042
0.024909
0.025019
0.025101
0.024909
0.024808
0.025074
0.024864
0.024803
0.024995
0.024931
0.024907
0.024906
0.025017
0.025075
0.024935
0.024966
0.024943
0.025016
0.024844
0.024983
0.025070
0.024972
0.024965
0.024954
0.024760
0.024940
0.025040
0.024986
0.024956
0.025013
0.025074
0.024960
0.024861
0.024991
0.024975
0.024974
0.024922
0.024992
0.025047
0.024950
0.024938
0.024945
0.024863
0.025176
0.024798
0.025000
0.025034
0.024867
0.024809
0.024884
0.025082
0.024849
0.024846
0.024872
0.024947
0.024979
0.024946
0.024920
0.024967
0.025078
0.025014
0.024864
0.024947
0.024917
0.025021
0.024979
0.024936
0.024917
0.024854
0.025164
0.025081
0.024952
0.024965
0.024897
0.024971
0.024992
0.025039
0.024976
0.025022
0.024890
0.024903
0.024923
0.024829
0.024896
0.024889
0.024976
0.024988
0.024947
0.024742
0.024981
0.024926
0.022776
0.020662
0.020630
0.020666
0.020536
0.020735
0.020714
0.020613
0.020610
0.020609
0.020633
0.020679
0.020768
0.020613
0.020567
0.020487
0.020611
0.020618
0.020829
0.020603
0.020710
0.020451
0.020691
0.020653
0.020729
0.020748
0.020658
0.020626
0.020538
0.020744
0.020552
0.020684
0.020581
0.020491
0.020828
0.020586
0.020703
0.020703
0.020758
0.020577
0.020964
0.020832
0.020978
0.020946
0.020947
0.020802
0.020923
0.021023
0.020972
