0.017688
0.025022
0.021384
0.029040
0.021404
0.028920
0.021505
0.029027
0.021549
0.028877
0.021676
0.029048
0.021671
0.028948
0.021473
0.029007
0.021544
0.029007
0.021523
0.028993
0.021483
0.028997
0.021445
0.028946
0.021355
0.028986
0.021587
0.029012
0.021471
0.028947
0.021353
0.028939
0.021533
0.029004
0.021377
0.028952
0.021414
0.028916
0.021495
0.028946
0.021499
0.028939
0.021544
0.028933
0.021597
0.029031
0.021531
0.028919
0.021473
0.029031
0.021556
0.028952
0.021455
0.028958
0.021697
0.028991
0.021506
0.028946
0.021405
0.028875
0.021393
0.029005
0.021434
0.028922
0.021323
0.028915
0.021431
0.029010
0.021496
0.029006
0.021507
0.028972
0.021558
0.028799
0.021494
0.029046
0.021458
0.028924
0.021452
0.029068
0.021528
0.028956
0.021416
0.028884
0.021534
0.029076
0.021558
0.029106
0.021436
0.026795
0.021255
0.021167
0.020944
0.021215
0.020900
0.021007
0.020760
0.020829
0.021004
0.020941
0.021055
0.020843
0.016906
0.016852
0.016813
0.016930
0.016936
0.016832
0.016832
0.016756
0.016828
0.016692
0.016546
0.016825
0.016830
0.016562
0.016835
0.016695
0.016643
0.016801
0.016963
0.016617
0.016869
0.016680
0.016466
0.016864
0.016623
0.016827
0.016577
0.016858
0.016623
0.016879
0.016564
0.016807
0.016950
0.016824
0.017272
0.016892
0.017098
0.017166
0.016795
0.017093
0.016809
0.017280
0.017112
0.016817
0.017165
0.016785
0.017210
0.016870
0.017479
0.017250
0.017297
0.017468
0.017206
0.017344
0.017269
0.017277
0.017196
0.016892
0.017535
0.017260
0.017430
0.017328
0.017449
0.017409
0.017375
0.017430
0.017460
0.017305
0.017321
0.017272
0.017330
0.017353
0.017051
0.017603
0.017403
0.017403
0.017323
0.017249
0.017357
0.021018
0.021138
0.020947
0.021108
0.020972
0.020980
0.021046
0.021018
0.020953
0.021016
0.020997
0.021146
0.021192
0.021051
0.021013
0.021096
0.020913
0.020922
0.021066
0.023225
0.025075
0.025125
0.025001
0.025196
0.025088
0.025003
0.025245
0.025066
0.025030
0.025191
0.025054
0.025150
0.025137
0.025114
0.024960
0.024986
0.025032
0.025068
0.024961
0.025146
0.024948
0.025028
0.025109
0.025064
0.024934
0.025009
0.025123
0.025141
0.024980
0.025040
0.025007
0.025077
0.024904
0.024875
0.025000
0.024966
0.024899
0.024971
0.025069
0.025066
0.025085
0.025078
0.025049
0.025138
0.024986
0.025200
0.025064
0.025075
0.025084
0.025150
0.024991
0.024976
0.025110
0.025030
0.025008
0.025227
0.025028
0.025097
0.024997
0.024967
0.025212
0.025160
0.025132
0.025008
0.025020
0.025081
0.025162
0.024991
0.025122
0.024931
0.025250
0.025141
0.024924
0.025039
0.024939
0.025140
0.024971
0.025154
0.025033
0.025054
0.025038
0.025096
0.024928
0.025064
0.025127
0.025148
0.025118
0.024880
0.025010
0.025039
0.024968
0.025107
0.024971
0.024995
0.024963
0.025010
0.025026
0.025070
0.025058
0.024863
0.025081
0.024996
0.025130
0.025047
0.025121
0.025072
0.025043
0.024984
0.025106
0.025103
0.025021
0.025060
0.024955
0.024945
0.024934
0.025003
0.024955
0.025232
0.025061
0.024981
0.025095
0.025072
0.025123
0.025033
0.024978
0.025173
0.025008
0.025146
0.025047
0.025159
0.024842
0.024967
0.025187
0.025034
0.025043
0.025229
0.025155
0.025024
0.024991
0.025238
0.025051
0.025094
0.024966
0.025100
0.025178
0.025120
0.025050
0.025205
0.025031
0.024948
0.025069
0.024935
0.024914
0.025133
0.024952
0.024957
0.025069
0.025022
0.024920
0.024971
0.024903
0.025107
0.025168
0.025068
0.024976
0.025024
0.025118
0.025161
0.024853
0.024995
0.025042
0.025181
0.025114
0.024959
0.025002
0.025084
0.024889
0.024902
0.025073
0.025040
0.025083
0.025238
0.025064
0.025199
0.025082
0.025137
0.025072
0.025147
0.025071
0.025164
0.025121
0.024985
0.025025
0.025165
0.025112
0.024945
0.025037
0.025033
0.025038
0.025004
0.025000
0.025224
0.025101
0.025088
0.024882
0.025053
0.025038
0.025000
0.025027
0.025232
0.024923
0.025155
0.024984
0.025179
0.025230
0.025129
0.024981
0.025009
0.024933
0.025001
0.025139
0.025166
0.024945
0.024893
0.025016
0.025094
0.025049
0.024966
0.024846
0.025044
0.025194
0.025105
0.024972
0.025128
0.025054
0.024957
0.024997
0.025207
0.024966
0.025109
0.024992
0.025001
0.024925
0.025069
0.025057
0.025135
0.025066
0.024992
0.025007
0.024979
0.025138
0.025224
0.024927
0.025096
0.025094
0.025201
0.025037
0.025153
0.025029
0.025185
0.025130
0.025232
0.025205
0.025192
0.025125
0.025071
0.025017
0.025233
0.024947
0.025215
0.025048
0.025069
0.024937
0.025073
0.024992
0.024855
0.025040
0.025073
0.025202
0.025077
0.025166
0.025036
0.025014
0.025118
0.025039
0.025078
0.025227
0.025146
0.025187
0.025009
0.025107
0.025231
0.025036
0.025014
0.025020
0.025035
0.025054
0.025159
0.025028
0.025061
0.025051
0.024991
0.024912
0.025154
0.025138
0.025211
0.025119
0.025215
0.025109
0.024917
0.025143
0.025209
0.025151
0.024972
0.025047
0.025183
0.025127
0.025144
0.025038
0.025207
0.024980
0.025046
0.024879
0.025069
0.025099
0.025186
0.024993
0.025000
0.025164
0.024816
0.025108
0.025111
0.025233
0.025082
0.025070
0.025049
0.024959
0.025007
0.025019
0.025165
0.024970
0.024999
0.025094
0.025153
0.024900
0.025080
0.025018
0.025013
0.025067
0.025171
0.024909
0.025109
0.024931
0.025054
0.024979
0.025113
0.025040
0.024974
0.024866
0.025041
0.025087
0.025107
0.025001
0.024972
0.025041
0.025163
0.024888
0.025034
0.024980
0.025206
0.025008
0.024972
0.025174
0.025193
0.024972
0.025099
0.025092
0.025078
0.025189
0.024946
0.024913
0.025104
0.025024
0.025146
0.024908
0.025085
0.025162
0.025086
0.024958
0.025061
0.024948
0.025095
0.024856
0.025249
0.025023
0.025169
0.024912
0.025182
0.025024
0.024962
0.025076
0.025077
0.024948
0.025003
0.025009
0.024961
0.024965
0.025074
0.024966
0.025164
0.025099
0.025155
0.025027
0.025074
0.024859
0.024898
0.025023
0.024987
0.024854
0.025193
0.024943
0.025127
0.024970
0.025074
0.025016
0.025143
0.024959
0.020843
0.020868
0.020894
0.020529
0.020736
0.020692
0.020766
0.020732
0.020642
0.020785
0.020701
0.020608
0.020579
0.020701
0.020683
0.020613
0.020635
0.020565
0.020814
0.020644
0.020551
0.020576
0.020649
0.020604
0.020612
0.020649
0.020707
0.020675
0.020817
0.020809
0.020592
0.020820
0.020698
0.020888
0.020631
0.020707
0.020757
0.020453
0.020678
0.020937
0.021019
0.021096
0.020914
0.021063
0.021024
0.021092
0.021098
0.020924
0.021060
0.021067
0.021087
0.020951
0.020961
0.020882
0.021035
0.021116
0.020943
0.021039
0.021051
0.021081
0.021127
0.021041
0.021078
0.020943
0.020798
0.020888
0.021037
0.021028
0.020968
0.020869
0.020889
0.020990
0.020815
0.020916
0.020914
0.020879
0.020842
0.020896
0.021040
0.021010
0.021009
0.020915
0.021011
0.020838
0.020926
0.020861
0.020911
0.020940
0.020806
0.021005
0.021072
0.020890
0.025024
0.025038
0.025211
0.025164
0.024955
0.024960
0.025231
0.025047
0.025090
0.025342
0.025149
0.024937
0.025095
0.025001
0.025096
0.025162
0.025066
0.025064
0.025100
0.025041
0.025030
0.025070
0.025170
0.025043
0.025014
0.025110
0.025153
0.024936
0.025023
0.024980
0.024997
0.024977
0.024998
0.024996
0.024926
0.025162
0.025165
0.024892
0.025113
0.024908
0.025091
0.025097
0.025257
0.024879
0.025045
0.025025
0.024954
0.024879
0.024936
0.025141
0.025038
0.025037
0.025151
0.025064
0.025041
0.025015
0.024987
0.025145
0.025111
0.024923
0.025104
0.025034
0.025157
0.024997
0.025005
0.025080
0.025000
0.024842
0.025078
0.025118
0.025152
0.024965
0.025146
0.025144
0.025239
0.025171
0.025237
0.025044
0.025099
0.025033
0.025053
0.025200
0.025210
0.025048
0.025054
0.024846
0.025105
0.025146
0.025176
0.024998
0.025230
0.024994
0.025145
0.025121
0.025180
0.025120
0.025032
0.024924
0.025109
0.025112
0.025179
0.025158
0.025138
0.025058
0.025253
0.024991
0.020858
0.020815
0.020655
0.020712
0.020716
0.020734
0.020776
0.020748
0.020620
0.020816
0.020880
0.020818
0.020890
0.020843
0.020756
0.020715
0.020793
0.020720
0.020880
0.020773
0.020814
0.020766
0.020705
0.020858
0.020812
0.020767
0.020794
0.020782
0.020595
0.020635
0.020678
0.020655
0.020895
0.020765
0.020796
0.020643
0.020783
0.020883
0.020752
0.020690
0.021091
0.021020
0.020960
0.021114
0.021031
0.021010
0.020921
0.020947
0.021002
0.020902
0.020986
0.020925
0.020941
0.021102
0.020897
0.021101
0.020987
0.021182
0.020950
0.021023
0.021128
0.020975
0.021037
0.021126
0.021223
0.021070
0.020927
0.021155
0.021009
0.020966
0.020957
0.020885
0.021060
0.020987
0.020934
0.021052
0.020976
0.021114
0.020977
0.021062
0.021060
0.020981
0.020939
0.021031
0.021127
0.016789
0.016610
0.016571
0.016727
0.016678
0.016616
0.016699
0.016744
0.020642
0.020639
0.020785
0.020519
0.020710
0.020719
0.020773
0.020739
0.020628
0.020740
0.020843
0.020817
0.020593
0.020727
0.020570
0.020756
0.020709
0.020646
0.020624
0.020717
0.020760
0.020796
0.020528
0.020544
0.020824
0.020831
0.020512
0.020816
0.020682
0.020731
0.020622
0.020674
0.020703
0.020965
0.021046
0.021108
0.021022
0.021071
0.020977
0.021087
0.021134
0.021169
0.020998
0.021085
0.020911
0.021018
0.021019
0.021052
0.021117
0.021149
0.020985
0.021098
0.020973
0.021082
0.021052
0.021080
0.020918
0.021116
0.021062
0.020955
0.020918
0.021111
0.020915
0.021033
0.021013
0.021140
0.021060
0.021158
0.020893
0.020981
0.020894
0.021013
0.020949
0.020991
0.021022
0.021043
0.020968
0.020988
0.020951
0.021148
0.021071
