0.005859
0.024952
0.025481
0.024995
0.025335
0.025098
0.025054
0.025402
0.025047
0.025427
0.024970
0.025320
0.024970
0.025605
0.024993
0.025286
0.025015
0.025422
0.025178
0.025384
0.025008
0.025445
0.025059
0.025381
0.024854
0.025430
0.025026
0.025350
0.024992
0.025326
0.025120
0.025322
0.024998
0.025323
0.021201
0.020874
0.020786
0.021114
0.020770
0.021022
0.020798
0.020761
0.020610
0.021192
0.020807
0.021148
0.020750
0.021055
0.020771
0.021092
0.020931
0.020801
0.021019
0.020785
0.021070
0.020808
0.021108
0.020868
0.021013
0.020853
0.020808
0.021052
0.020822
0.021017
0.020751
0.020984
0.020728
0.021076
0.020896
0.020998
0.020720
0.021123
0.020815
0.021051
0.021001
0.021307
0.021272
0.021291
0.021053
0.021453
0.021352
0.021303
0.020992
0.021303
0.021216
0.020884
0.021422
0.020954
0.021298
0.021301
0.021012
0.021366
0.021046
0.021367
0.020939
0.021360
0.020942
0.021266
0.020993
0.021353
0.020966
0.021417
0.021031
0.021340
0.021412
0.021402
0.020909
0.021226
0.020980
0.021304
0.021140
0.021363
0.021219
0.020935
0.021256
0.020980
0.021358
0.020967
0.021306
0.021490
0.020918
0.021423
0.021289
0.024764
0.025366
0.025060
0.025489
0.024973
0.025414
0.024939
0.025362
0.024987
0.025406
0.024952
0.025314
0.024888
0.025441
0.025048
0.025507
0.024909
0.025399
0.024955
0.025365
0.024866
0.025314
0.024979
0.025221
0.025028
0.025379
0.024920
0.025417
0.024903
0.025360
0.025030
0.025303
0.024975
0.025502
0.025085
0.025369
0.025067
0.025409
0.024855
0.025323
0.025048
0.025328
0.024953
0.025358
0.024909
0.025467
0.024938
0.025401
0.024929
0.025391
0.025012
0.025337
0.024967
0.025449
0.024946
0.025307
0.025065
0.025497
0.025105
0.025310
0.024899
0.025437
0.025028
0.025436
0.024945
0.025426
0.024934
0.025425
0.024978
0.025380
0.024952
0.025306
0.024919
0.025475
0.024936
0.025377
0.025007
0.025347
0.024960
0.025337
0.024966
0.025367
0.024913
0.025342
0.024982
0.025391
0.024877
0.025434
0.025049
0.025476
0.025036
0.025255
0.025006
0.025515
0.024907
0.025394
0.025022
0.025412
0.025010
0.025407
0.024885
0.025419
0.024945
0.025388
0.024997
0.025490
0.025014
0.025295
0.025006
0.025466
0.025000
0.025358
0.024942
0.025314
0.025107
0.025384
0.025157
0.025408
0.025028
0.025332
0.025009
0.025291
0.024884
0.025507
0.025009
0.025480
0.025069
0.025376
0.025038
0.025456
0.025031
0.025499
0.024965
0.025305
0.024920
0.025437
0.024992
0.025281
0.024869
0.025308
0.024974
0.025276
0.025079
0.025467
0.025080
0.025511
0.024959
0.025333
0.025075
0.025405
0.024919
0.025305
0.025011
0.025373
0.024949
0.025365
0.025092
0.025420
0.024939
0.025388
0.024994
0.025387
0.024933
0.025520
0.024897
0.025335
0.025099
0.025347
0.024949
0.025485
0.025138
0.025463
0.024934
0.025468
0.025400
0.025034
0.025010
0.025397
0.025074
0.025434
0.025138
0.025290
0.024960
0.025365
0.025061
0.025465
0.024976
0.025422
0.024937
0.025314
0.024880
0.025421
0.025067
0.025321
0.025035
0.025511
0.024989
0.025465
0.025048
0.025467
0.025103
0.025398
0.024985
0.025458
0.025113
0.025549
0.024935
0.025398
0.024948
0.025424
0.025051
0.025582
0.025039
0.025300
0.024910
0.025353
0.025037
0.025309
0.024920
0.025571
0.024957
0.025400
0.025079
0.025359
0.025033
0.025415
0.024993
0.025397
0.025097
0.025424
0.024941
0.025529
0.024961
0.025303
0.025173
0.025396
0.024900
0.025369
0.024991
0.025321
0.024945
0.025348
0.024910
0.025403
0.024999
0.025449
0.025079
0.025312
0.024901
0.025327
0.024931
0.025470
0.024951
0.025449
0.024949
0.025391
0.024933
0.025298
0.024918
0.025415
0.025066
0.025438
0.024924
0.025308
0.025066
0.025490
0.025046
0.025430
0.025072
0.025366
0.024937
0.025269
0.024998
0.025418
0.025106
0.025361
0.025034
0.025309
0.024912
0.025444
0.024917
0.025487
0.024998
0.025383
0.025074
0.025429
0.024961
0.025512
0.024891
0.025414
0.025027
0.025405
0.024970
0.025422
0.025329
0.024952
0.024932
0.025405
0.025013
0.025564
0.024960
0.025356
0.024949
0.025460
0.025054
0.025508
0.024928
0.025432
0.025092
0.025428
0.025032
0.025440
0.024970
0.025367
0.025077
0.025344
0.025046
0.025348
0.024981
0.025474
0.024976
0.025350
0.024959
0.025339
0.025078
0.025359
0.024890
0.025448
0.025005
0.025514
0.025094
0.025486
0.024912
0.025430
0.025058
0.025484
0.025193
0.025439
0.024961
0.025398
0.024920
0.025635
0.025025
0.025525
0.024984
0.025467
0.025044
0.025461
0.024967
0.025411
0.025232
0.025488
0.025072
0.025485
0.025048
0.025532
0.024985
0.025484
0.025028
0.025625
0.025104
0.025437
0.025144
0.025376
0.024986
0.025430
0.025102
0.025351
0.024944
0.025495
0.025021
0.025477
0.025123
0.025453
0.025034
0.025440
0.024889
0.025381
0.025262
0.025301
0.025099
0.025476
0.025025
0.025532
0.025024
0.025327
0.024919
0.025354
0.024981
0.025448
0.025030
0.025374
0.025149
0.025446
0.025221
0.025359
0.025002
0.025422
0.024980
0.025451
0.024988
0.025492
0.025162
0.025414
0.020921
0.021136
0.020755
0.020915
0.020967
0.020713
0.021275
0.020822
0.021049
0.020821
0.021042
0.020726
0.021097
0.020843
0.021026
0.020785
0.021140
0.020815
0.021012
0.020822
0.021279
0.020891
0.021230
0.020916
0.021173
0.020764
0.021139
0.020788
0.021114
0.020816
0.020926
0.021074
0.020832
0.021196
0.021021
0.020821
0.021119
0.020954
0.021046
0.021366
0.021004
0.021432
0.021331
0.021278
0.021140
0.021307
0.021406
0.021327
0.021319
0.021459
0.021393
0.021265
0.021533
0.021467
0.021477
0.021531
0.021359
0.021468
0.021444
0.021563
0.021391
0.021334
0.021573
0.021430
0.021434
0.020918
0.021449
0.021409
0.020936
0.021478
0.021443
0.021389
0.020978
0.021392
0.021412
0.021381
0.021087
0.021297
0.021305
0.020991
0.021413
0.017158
0.017116
0.016920
0.017057
0.016736
0.021341
0.020905
0.020869
0.016643
0.016794
0.016785
0.012560
0.012508
0.012519
0.012564
0.012490
0.012510
0.012536
0.012502
0.012518
0.012463
0.012474
0.012511
0.012454
0.012507
0.012475
0.012476
0.012437
0.012447
0.012534
0.012496
0.012556
0.012504
0.012462
0.012572
0.012530
0.012524
0.012503
0.012478
0.012514
0.012418
0.012622
0.012535
0.012511
0.012498
0.012464
0.012548
0.012551
0.012496
0.012497
0.012501
0.012541
0.012493
0.012486
0.012542
0.012534
0.012555
0.012543
0.012533
0.012497
0.012681
0.012524
0.012768
0.012757
0.012875
0.012809
0.012986
0.012768
0.012864
0.012937
0.012921
0.012993
0.013040
0.012840
0.013331
0.013299
0.013475
0.013409
0.013320
0.013070
0.013172
0.013538
0.013131
0.013256
0.013189
0.013163
0.013321
0.013265
0.013317
0.013256
0.013226
0.013220
0.013278
0.013258
0.013265
0.013212
0.013329
0.013188
0.013217
0.013372
0.013312
0.013309
0.013409
0.013386
0.013375
0.013292
0.016862
0.017102
0.016953
0.016912
0.017013
0.016904
0.017013
0.017029
0.017044
0.017000
0.016950
0.017051
0.016954
0.016967
0.021020
0.021041
0.020941
0.021057
0.020884
0.021002
0.024876
0.025081
0.025013
0.024958
0.024940
0.025034
0.025118
0.025139
0.025079
0.024942
0.024967
0.025067
0.024986
0.025055
0.024972
0.025041
0.025151
0.025134
0.025013
0.025020
0.024945
0.025030
0.024961
0.025064
0.025128
0.025034
0.025156
0.025128
0.025045
0.024876
0.024981
0.025145
0.025095
0.025035
0.024928
0.024986
0.024952
0.025024
0.025147
0.025015
0.025123
0.025201
0.025085
0.024933
0.024957
0.025132
0.024846
0.025190
0.025026
0.025039
0.024946
0.025035
0.024844
0.025033
0.025083
0.025014
0.025031
0.025050
0.025100
0.024965
0.025141
0.025051
0.025073
0.025059
0.025089
0.025030
0.025131
0.025064
0.025055
0.025079
0.024977
0.024970
0.024934
0.025048
0.024806
0.025059
0.024971
0.025003
0.025113
0.024996
0.025033
0.024973
0.024966
0.025074
0.024908
0.025105
0.024965
0.025032
0.025098
0.025074
0.024933
0.025107
0.025094
0.024988
0.025232
0.025115
0.025040
0.025034
0.024876
0.025050
0.025033
0.024995
0.025021
0.025103
0.025012
0.025171
0.025073
0.024960
0.025039
0.024819
0.024899
0.025012
0.025018
0.024974
0.024971
0.025051
0.025069
0.024988
0.025037
0.024964
0.025117
0.025099
0.024989
0.025059
0.025000
0.025033
0.025022
0.025090
0.025048
0.025014
0.025058
0.025002
0.025147
0.025051
0.025066
0.025085
0.025146
0.025101
0.025094
0.025121
0.024949
0.025095
0.025098
0.025055
0.025081
0.025159
0.025135
0.025057
0.024909
0.025191
0.025149
0.025071
0.024910
0.024948
0.024987
0.024885
0.025041
0.025203
0.024999
0.025057
0.025098
0.025096
0.025007
0.024927
0.025008
0.025031
0.025154
0.025036
0.024979
0.024966
0.025158
0.024973
0.024991
0.025074
0.025025
0.025076
0.024976
0.024959
0.025264
0.025105
0.025000
0.024990
0.025068
0.024961
0.025045
0.025170
0.024981
0.024953
0.025156
0.025009
0.025088
0.025123
0.025115
0.024949
0.024985
0.025207
0.025006
0.024996
0.025012
0.025002
0.024855
0.025120
0.025036
0.025103
0.025019
0.025032
0.025008
0.025164
0.024937
0.025112
0.024867
0.025130
0.025152
0.025011
0.025101
0.025074
0.025157
0.024962
0.025122
0.025143
0.025138
0.024918
0.025058
0.025184
0.025036
0.024976
0.024719
0.024975
0.025055
0.025139
0.025077
0.025040
0.025110
0.025041
0.024926
0.024968
0.024976
0.024925
0.025095
0.024981
0.024959
0.025131
0.025088
0.025077
0.024933
0.025008
0.025142
0.025154
0.025068
0.024957
0.024976
0.024969
0.025200
0.025070
0.025017
0.025028
0.025151
0.025017
0.024964
0.025109
0.025067
0.025029
0.024982
0.025141
0.025111
0.025105
