0.005699
0.025027
0.025255
0.025042
0.025035
0.025307
0.025076
0.025620
0.025089
0.025432
0.025047
0.025480
0.024920
0.025364
0.024992
0.025361
0.025035
0.025460
0.025151
0.025373
0.025121
0.025412
0.024978
0.025488
0.025150
0.025485
0.025065
0.025378
0.025041
0.025401
0.024991
0.025315
0.024981
0.025375
0.025047
0.025361
0.025255
0.025499
0.025077
0.025428
0.025113
0.025474
0.025033
0.025431
0.024960
0.025401
0.025039
0.025389
0.025067
0.025464
0.024915
0.025425
0.025058
0.025438
0.025077
0.025474
0.025136
0.025453
0.025106
0.025370
0.025211
0.025401
0.025048
0.025405
0.025012
0.025365
0.025077
0.025414
0.025059
0.025288
0.025036
0.025486
0.025042
0.025413
0.025111
0.025491
0.025167
0.025442
0.025046
0.025423
0.024982
0.025389
0.025033
0.025393
0.025017
0.025515
0.025177
0.025400
0.025130
0.025389
0.025146
0.025559
0.025185
0.025274
0.024959
0.025487
0.024962
0.025408
0.025187
0.025437
0.025061
0.025425
0.025014
0.025437
0.024983
0.025505
0.025148
0.025599
0.025012
0.025486
0.025104
0.025479
0.025068
0.025499
0.025067
0.025468
0.025196
0.025459
0.025085
0.025426
0.025394
0.024975
0.025119
0.025434
0.025079
0.025486
0.025115
0.025274
0.025142
0.025397
0.025117
0.025529
0.025140
0.025501
0.025021
0.025451
0.025038
0.025387
0.025015
0.025390
0.025114
0.025516
0.024862
0.025458
0.025092
0.025459
0.025182
0.025399
0.025011
0.025562
0.025029
0.025368
0.024857
0.025365
0.025067
0.025438
0.025020
0.025419
0.025091
0.025309
0.025063
0.025445
0.025203
0.025453
0.025110
0.025400
0.025153
0.025401
0.025041
0.025353
0.025081
0.025329
0.025043
0.025373
0.024948
0.021283
0.020895
0.021053
0.020717
0.021125
0.020966
0.020842
0.021089
0.020753
0.020891
0.021187
0.020784
0.021024
0.020695
0.021085
0.020766
0.021028
0.020834
0.020983
0.020740
0.021122
0.020902
0.020925
0.020794
0.021209
0.020752
0.021018
0.021050
0.021085
0.020799
0.020952
0.020904
0.021183
0.021004
0.020807
0.021186
0.020869
0.016935
0.016538
0.016966
0.017192
0.016917
0.017185
0.016880
0.017113
0.016753
0.017084
0.016910
0.017183
0.016806
0.017108
0.016730
0.017078
0.016739
0.017076
0.016903
0.017133
0.016835
0.017069
0.016758
0.017076
0.016708
0.017064
0.017067
0.016789
0.017046
0.017026
0.017086
0.017219
0.017182
0.017064
0.016871
0.017173
0.017129
0.017081
0.016828
0.017126
0.017055
0.016704
0.016959
0.016874
0.017017
0.017158
0.017114
0.020767
0.020986
0.021047
0.020877
0.020940
0.021058
0.020968
0.021015
0.021077
0.021013
0.021105
0.021013
0.021055
0.020932
0.020922
0.020942
0.020999
0.020896
0.021240
0.021060
0.020958
0.020905
0.021028
0.021075
0.021204
0.021040
0.021160
0.021118
0.020907
0.020980
0.021048
0.021046
0.021124
0.020936
0.020873
0.021181
0.020933
0.021010
0.021227
0.021071
0.020970
0.020897
0.020929
0.021044
0.021037
0.020900
0.020876
0.021000
0.020999
0.020979
0.020983
0.020860
0.020975
0.023212
0.025039
0.025044
0.024984
0.025107
0.025142
0.025027
0.025149
0.024977
0.024988
0.024985
0.025059
0.025049
0.025078
0.025164
0.025046
0.024966
0.024899
0.025079
0.025139
0.025038
0.025021
0.025239
0.025058
0.025169
0.025133
0.025166
0.025038
0.024971
0.025025
0.025125
0.025006
0.025088
0.025054
0.025135
0.024956
0.025095
0.025201
0.025178
0.025099
0.025158
0.025158
0.024996
0.025148
0.025079
0.025010
0.025008
0.025141
0.025014
0.025144
0.025010
0.024985
0.025104
0.025145
0.024995
0.025004
0.024889
0.024943
0.025034
0.024960
0.025069
0.024978
0.025088
0.024997
0.024996
0.025119
0.024994
0.025143
0.025203
0.024895
0.025099
0.025142
0.024970
0.025123
0.025163
0.025029
0.025084
0.025068
0.025109
0.025007
0.024980
0.025112
0.025129
0.025100
0.025014
0.025110
0.025016
0.024934
0.024953
0.025127
0.025122
0.025126
0.024975
0.025168
0.025193
0.025093
0.025140
0.025016
0.025014
0.025107
0.025142
0.025254
0.025100
0.025008
0.025152
0.025077
0.025001
0.024986
0.024966
0.025024
0.025107
0.024982
0.024932
0.024960
0.025055
0.025069
0.025098
0.025033
0.025066
0.025154
0.025146
0.025091
0.025172
0.025103
0.025117
0.025026
0.025180
0.025134
0.025024
0.025053
0.025124
0.025120
0.025084
0.025044
0.025226
0.025144
0.024971
0.025181
0.025194
0.025029
0.025136
0.025182
0.025133
0.024855
0.025174
0.025082
0.025043
0.024977
0.025083
0.025168
0.025143
0.024921
0.025028
0.025057
0.025025
0.025066
0.025087
0.025026
0.025095
0.025047
0.025043
0.020938
0.020663
0.020770
0.020843
0.020702
0.020540
0.020687
0.020746
0.020579
0.020657
0.020651
0.020717
0.020681
0.020632
0.020669
0.020583
0.020623
0.020671
0.020657
0.020478
0.020690
0.020659
0.020676
0.020775
0.020639
0.020476
0.020775
0.020697
0.020623
0.020658
0.020674
0.020556
0.020636
0.020685
0.020540
0.020664
0.020636
0.020522
0.020633
0.020905
0.021024
0.020961
0.020982
0.020880
0.020982
0.020983
0.020927
0.020980
0.020930
0.021122
0.020969
0.020914
0.021063
0.016648
0.016929
0.016856
0.016717
0.016750
0.016668
0.016663
0.016659
0.016753
0.016661
0.016768
0.016712
0.016676
0.016672
0.016492
0.016552
0.016682
0.016549
0.016533
0.016634
0.016591
0.016598
0.016608
0.016614
0.016593
0.016657
0.016626
0.016587
0.016603
0.016640
0.016642
0.016472
0.016723
0.016471
0.016579
0.016620
0.016518
0.016660
0.016690
0.020751
0.020754
0.020654
0.020734
0.020973
0.020669
0.020768
0.020732
0.021018
0.020953
0.021025
0.020997
0.020844
0.021022
0.021008
0.020961
0.021091
0.021151
0.021004
0.020978
0.020945
0.021086
0.020969
0.021059
0.021107
0.020908
0.020925
0.020936
0.021045
0.021079
0.021075
0.021084
0.020930
0.020938
0.020946
0.021023
0.021063
0.020881
0.021019
0.020982
0.021073
0.020972
0.020894
0.021133
0.020986
0.021021
0.020983
0.020992
0.021040
0.021116
0.020990
0.020995
0.021014
0.021006
0.021046
0.020900
0.020995
0.021109
0.020811
0.021150
0.023162
0.024912
0.025122
0.025125
0.025176
0.025026
0.025080
0.024951
0.025007
0.025127
0.024986
0.025045
0.024987
0.025039
0.025162
0.025197
0.025111
0.025059
0.024966
0.025106
0.025025
0.025163
0.025102
0.025166
0.025063
0.025128
0.024983
0.025008
0.025042
0.025257
0.025062
0.025122
0.025186
0.025106
0.025234
0.025013
0.025155
0.024981
0.024973
0.025079
0.024976
0.025033
0.024869
0.025105
0.025143
0.025212
0.025045
0.025063
0.025116
0.025104
0.025094
0.025059
0.025078
0.024962
0.025069
0.025079
0.025281
0.025043
0.025161
0.025110
0.025049
0.025095
0.025245
0.025128
0.025239
0.024953
0.025091
0.025114
0.025138
0.024980
0.025079
0.025115
0.024895
0.025028
0.025085
0.025110
0.025131
0.025077
0.020787
0.020729
0.020826
0.020713
0.020731
0.020693
0.020692
0.020912
0.020726
0.020750
0.020695
0.020585
0.020543
0.020643
0.020646
0.020575
0.020658
0.020625
0.020555
0.020735
0.020664
0.020626
0.020730
0.020617
0.020667
0.020733
0.020684
0.020782
0.020642
0.020577
0.020728
0.020693
0.020715
0.020856
0.020757
0.020641
0.020622
0.020767
0.020845
0.021109
0.021062
0.020988
0.021057
0.020924
0.020963
0.021152
0.021039
0.020920
0.021049
0.021069
0.021089
0.020938
0.020930
0.021123
0.021086
0.021007
0.021076
0.020888
0.020925
0.021065
0.021065
0.021044
0.021002
0.021011
0.021080
0.021024
0.021051
0.020968
0.021066
0.021055
0.021033
0.020954
0.021085
0.021048
0.021047
0.020856
0.020970
0.021048
0.021059
0.021024
0.021023
0.020990
0.020917
0.020933
0.021055
0.021047
0.020972
0.021166
0.020987
0.021085
0.021017
0.023284
0.024973
0.025190
0.025022
0.025028
0.025070
0.025049
0.025187
0.025039
0.025067
0.024965
0.025029
0.024978
0.025101
0.024889
0.024976
0.024975
0.025102
0.024948
0.025139
0.025039
0.024987
0.025094
0.025066
0.025013
0.024944
0.025040
0.024880
0.025047
0.025018
0.025187
0.025161
0.025030
0.025107
0.025122
0.025033
0.024955
0.024895
0.025086
0.025117
0.025202
0.025023
0.024938
0.025163
0.025057
0.025071
0.025189
0.025206
0.025047
0.025038
0.025027
0.025169
0.025146
0.025039
0.025114
0.025040
0.025080
0.025053
0.025162
0.025147
0.025079
0.025268
0.025071
0.024977
0.024995
0.025090
0.025071
0.025186
0.025106
0.025087
0.025126
0.025160
0.025105
0.025116
0.025194
0.024967
0.025087
0.025027
0.025098
0.025104
0.025126
0.025147
0.025115
0.025062
0.024969
0.025062
0.025121
0.025189
0.025010
0.025149
0.025122
0.025245
0.025050
0.025129
0.025009
0.025176
0.025101
0.025158
0.024967
0.024944
0.025147
0.024977
0.025043
0.025041
0.025024
0.024945
0.024966
0.025120
0.025073
0.025090
0.024927
0.025027
0.025131
0.025006
0.025194
0.025143
0.025053
0.025083
0.024998
0.025176
0.025025
0.029040
0.019305
0.015336
0.028483
0.015138
0.018888
0.028681
0.015010
0.026776
0.013604
0.026720
0.016810
0.026891
0.013477
0.023101
0.026539
0.013398
0.026655
0.015069
0.028610
0.013615
0.028569
0.013599
0.026702
0.014953
0.026788
0.015146
0.026875
0.016868
0.018940
0.028665
0.015055
0.026726
0.015142
0.018802
0.028806
0.015113
0.026849
0.015140
0.025512
0.021220
0.021519
0.021456
0.021503
0.021546
0.021494
0.021410
0.021492
0.021517
0.021541
0.021496
0.021410
0.021437
0.021446
0.021435
0.021469
0.021454
0.021418
0.021352
0.021454
0.021429
0.021551
0.021481
0.021572
0.021271
0.023298
0.013705
0.026922
0.021495
0.021302
0.021548
0.023232
0.013494
0.027142
0.021532
0.021339
0.021492
0.021713
0.021612
0.021413
0.023294
0.013715
0.026805
0.021305
0.021674
