0.012025
0.018712
0.024974
0.025037
0.025114
0.025018
0.024919
0.025127
0.024900
0.024995
0.025013
0.024913
0.024984
0.025100
0.025008
0.024985
0.025061
0.024990
0.024889
0.025033
0.025020
0.024920
0.024870
0.024952
0.024981
0.025060
0.025155
0.024979
0.024992
0.025004
0.025109
0.025046
0.024981
0.024980
0.024878
0.024976
0.024895
0.024998
0.024953
0.024990
0.025189
0.025078
0.024984
0.024983
0.024918
0.025024
0.024946
0.024885
0.025011
0.025076
0.025074
0.024967
0.025063
0.025080
0.024997
0.024966
0.024836
0.024995
0.024982
0.024979
0.024789
0.025108
0.025110
0.025133
0.024965
0.024940
0.024884
0.024993
0.024946
0.024874
0.024995
0.024858
0.024929
0.025032
0.025066
0.025059
0.025021
0.025085
0.025077
0.025077
0.025100
0.024928
0.025083
0.025012
0.025085
0.025152
0.025014
0.024998
0.024913
0.024940
0.025001
0.025147
0.025028
0.024939
0.024909
0.025037
0.024998
0.024913
0.024890
0.024991
0.024923
0.025028
0.024967
0.025037
0.025004
0.025055
0.024948
0.024956
0.025065
0.025017
0.025043
0.025022
0.024968
0.025006
0.024906
0.024980
0.025006
0.025046
0.025071
0.025135
0.025127
0.025043
0.025053
0.024860
0.024944
0.024793
0.024974
0.025048
0.024909
0.025030
0.025069
0.025109
0.024901
0.025021
0.024852
0.025017
0.024979
0.024908
0.025033
0.025073
0.024928
0.024879
0.024911
0.025005
0.024986
0.025085
0.025063
0.024995
0.024882
0.024950
0.024971
0.025047
0.024993
0.025011
0.024908
0.024998
0.024945
0.024930
0.024980
0.025046
0.024949
0.024948
0.025080
0.025120
0.025151
0.025038
0.024973
0.025022
0.024944
0.025011
0.025002
0.025007
0.025017
0.025000
0.025161
0.024880
0.024962
0.025035
0.024991
0.024899
0.025010
0.025034
0.025085
0.025084
0.025109
0.025085
0.024981
0.025044
0.025024
0.025041
0.024819
0.024938
0.024997
0.025234
0.025143
0.025039
0.025023
0.025101
0.025184
0.025130
0.024919
0.025072
0.025045
0.024994
0.024981
0.024942
0.024837
0.024971
0.024958
0.024971
0.024870
0.025126
0.025013
0.025069
0.024999
0.024975
0.024965
0.024989
0.024985
0.025009
0.024850
0.025030
0.024953
0.025053
0.025105
0.025039
0.024966
0.024966
0.020629
0.020616
0.020624
0.020591
0.020667
0.020578
0.020689
0.020610
0.020648
0.020755
0.020602
0.020525
0.020713
0.020794
0.020643
0.020610
0.020655
0.020605
0.020709
0.020544
0.020444
0.020620
0.020690
0.020637
0.020588
0.020705
0.020607
0.020564
0.020742
0.020689
0.020578
0.020701
0.012871
0.022352
0.010853
0.020609
0.012382
0.020807
0.012385
0.020798
0.018541
0.011025
0.021076
0.018612
0.011055
0.020866
0.012709
0.020890
0.012743
0.021146
0.012790
0.021086
0.018608
0.017036
0.016971
0.011007
0.022795
0.017057
0.016981
0.016989
0.011045
0.022669
0.016996
0.017023
0.011150
0.020829
0.012754
0.020879
0.018760
0.016993
0.011161
0.021022
0.012701
0.020978
0.012753
0.020961
0.012666
0.020930
0.012714
0.021086
0.018917
0.015339
0.013101
0.022992
0.017337
0.019254
0.021268
0.021405
0.023010
0.013631
0.026915
0.023058
0.013772
0.028591
0.013714
0.028685
0.013658
0.028590
0.013390
0.027246
0.021305
0.021301
0.021380
0.021314
0.023005
0.013767
0.026898
0.022970
0.013668
0.026859
0.023074
0.013686
0.026980
0.023037
0.021372
0.013703
0.026960
0.023071
0.013678
0.026979
0.023042
0.013695
0.026812
0.023034
0.013757
0.026886
0.023055
0.015364
0.028994
0.021326
0.029028
0.021165
0.029145
0.021213
0.029018
0.021269
0.030592
0.021400
0.018872
0.033074
0.021263
0.029032
0.021181
0.029037
0.021246
0.029114
0.021203
0.029068
0.021266
0.029066
0.021209
0.029067
0.021282
0.029076
0.021208
0.029047
0.021365
0.029101
0.021307
0.029070
0.021226
0.029095
0.021204
0.029129
0.021268
0.029114
0.021240
0.029289
0.021181
0.029174
0.021279
0.029119
0.021238
0.029009
0.021214
0.029099
0.021209
0.028968
0.021203
0.029117
0.021255
0.029011
0.021227
0.029068
0.021214
0.029031
0.021282
0.029131
0.021178
0.029059
0.021222
0.029060
0.021236
0.029156
0.021219
0.029222
0.021222
0.029033
0.021202
0.029110
0.021174
0.028960
0.021249
0.029220
0.021264
0.029123
0.021246
0.028976
0.021162
0.029019
0.021294
0.029125
0.021260
0.029156
0.021463
0.029199
0.021421
0.029156
0.021283
0.029041
0.021253
0.029067
0.021279
0.025054
0.014853
0.026836
0.014950
0.020543
0.028812
0.019209
0.014939
0.026997
0.014913
0.026918
0.014975
0.022834
0.018519
0.010929
0.020681
0.018449
0.010925
0.020774
0.012471
0.020778
0.018575
0.010840
0.020765
0.018498
0.010921
0.022505
0.010876
0.020772
0.018498
0.010846
0.020695
0.018528
0.010887
0.020776
0.016852
0.018430
0.016756
0.016809
0.016835
0.016783
0.010980
0.020721
0.018573
0.010860
0.022601
0.011187
0.021195
0.012577
0.022885
0.011123
0.022768
0.011174
0.021188
0.012572
0.021120
0.012612
0.021012
0.018802
0.011098
0.016957
0.017019
0.017101
0.017104
0.017135
0.017076
0.017082
0.017216
0.017191
0.017208
0.017576
0.017175
0.017267
0.017221
0.017205
0.017236
0.017241
0.016877
0.017544
0.017223
0.017262
0.016835
0.017492
0.017162
0.017308
0.017310
0.017070
0.017342
0.017249
0.017236
0.017313
0.021113
0.017256
0.015432
0.025178
0.023141
0.015072
0.027200
0.023086
0.015805
0.018499
0.027505
0.023047
0.017368
0.023155
0.022898
0.013412
0.025126
0.019150
0.031222
0.018725
0.032881
0.021203
0.029012
0.021254
0.029131
0.021185
0.029060
0.021214
0.028978
0.021209
0.028953
0.021246
0.029083
0.021376
0.029198
0.021143
0.014904
0.028662
0.019030
0.014980
0.028672
0.019221
0.014858
0.028715
0.019055
0.014942
0.028556
0.019069
0.014876
0.026862
0.014968
0.028628
0.017162
0.024568
0.017295
0.024547
0.017116
0.024561
0.019128
0.022732
0.017377
0.024539
0.017155
0.024528
0.019001
0.014809
0.026900
0.014853
0.026824
0.014890
0.028545
0.017262
0.024612
0.017333
0.024599
0.015921
0.026582
0.015920
0.026471
0.017410
0.023290
0.021361
0.021408
0.021338
0.021400
0.021272
0.021368
0.021166
0.021379
0.021233
0.021615
0.021416
0.021416
0.021240
0.021600
0.021389
0.021186
0.021449
0.021662
0.023016
0.017394
0.023179
0.021481
0.021173
0.021332
0.021332
0.021388
0.023007
0.017467
0.023218
0.015038
0.027112
0.015053
0.027072
0.015124
0.027234
0.014981
0.027072
0.015022
0.027132
0.015080
0.027100
0.023078
0.017458
0.032836
0.019176
0.021128
0.033189
0.017284
0.032927
0.017321
0.033011
0.017292
0.033018
0.017328
0.033055
0.017240
0.033092
0.017281
0.032993
0.017308
0.032960
0.017418
0.032915
0.017234
0.033096
0.017301
0.033096
0.017282
0.032950
0.017266
0.032998
0.017367
0.033084
0.017232
0.033136
0.017299
0.033101
0.017367
0.033010
0.017330
0.032992
0.017336
0.033060
0.017253
0.032892
0.017271
0.033075
0.017387
0.033207
0.017266
0.032936
0.017364
0.032936
0.017299
0.032896
0.017244
0.033002
0.017276
0.033010
0.017316
0.033018
0.017244
0.032977
0.017363
0.033171
0.017361
0.033217
0.017295
0.033059
0.017313
0.033003
0.017325
0.032989
0.017308
0.032972
0.017335
0.033206
0.017386
0.033003
0.017248
0.033006
0.017372
0.033195
0.017253
0.033067
0.017268
0.033037
0.017378
0.033299
0.017339
0.033156
0.017371
0.033069
0.017360
0.033056
0.017353
0.032994
0.017317
0.033090
0.027266
0.019332
0.021150
0.033316
0.017343
0.033138
0.017373
0.033091
0.017249
0.033226
0.017332
0.033160
0.017226
0.033004
0.017351
0.033083
0.017274
0.033070
0.017266
0.032993
0.017296
0.033112
0.017361
0.033002
0.017376
0.033066
0.017380
0.033041
0.017305
0.032919
0.017342
0.033174
0.017272
0.033096
0.017334
0.033142
0.017245
0.033071
0.017333
0.033210
0.027287
0.017731
0.032708
0.019342
0.021198
0.033114
0.017341
0.033094
0.017376
0.033171
0.017344
0.033107
0.017320
0.032988
0.017342
0.032959
0.017352
0.033037
0.017337
0.033081
0.017355
0.032984
0.017345
0.033044
0.017334
0.033132
0.017229
0.033085
0.017350
0.033085
0.017333
0.032994
0.017298
0.033188
0.017400
0.033071
0.017340
0.033183
0.017378
0.033036
0.017273
0.033069
0.017327
0.033141
0.017297
0.033158
0.017338
0.033174
0.017328
0.032994
0.017302
0.033016
0.017306
0.033161
0.017330
0.033121
0.017261
0.032909
0.017311
0.032936
0.017373
0.033132
0.017347
0.033126
0.017391
0.033128
0.017356
0.033098
0.017283
0.033168
0.017429
0.033248
0.017380
0.033088
0.017361
0.033113
0.017334
0.033121
0.017342
0.033081
0.017300
0.033209
0.017341
0.033140
0.017374
0.033095
0.017291
0.032936
0.017297
0.033033
0.017318
0.032931
0.017442
0.033291
0.017425
0.033123
0.017338
0.033153
0.017444
0.032962
0.017430
0.033144
0.017371
0.033094
0.017403
0.033114
0.017274
0.033176
0.017442
0.033195
0.017305
0.033124
0.017356
0.033076
0.017417
0.033197
0.017388
0.033146
0.017326
0.033163
0.017380
0.033320
0.017324
0.033094
0.017394
0.033173
0.017406
0.033051
0.017423
0.033095
0.017332
0.033101
0.017296
0.033245
0.017369
0.033000
0.017287
0.033159
