0.010492
0.014215
0.020753
0.020610
0.020770
0.020743
0.020692
0.020898
0.020671
0.020606
0.020691
0.020662
0.020942
0.021017
0.021044
0.020989
0.021020
0.020954
0.020972
0.020890
0.020903
0.021124
0.021023
0.020885
0.021038
0.020897
0.020888
0.020894
0.021070
0.021060
0.021078
0.021085
0.021001
0.020903
0.021003
0.020939
0.021006
0.021026
0.021018
0.021004
0.021110
0.020964
0.020953
0.021075
0.021060
0.020923
0.021168
0.020992
0.021103
0.020922
0.020944
0.020955
0.020974
0.020951
0.021086
0.020934
0.020948
0.020928
0.021132
0.021033
0.021065
0.021106
0.020971
0.021023
0.021014
0.024939
0.025072
0.025085
0.025097
0.025089
0.025039
0.025168
0.025107
0.025165
0.025016
0.024987
0.025142
0.025181
0.025078
0.025014
0.025127
0.025092
0.025076
0.025177
0.025174
0.025083
0.025120
0.025072
0.025139
0.025110
0.025152
0.024973
0.025136
0.025114
0.025150
0.024984
0.025042
0.024967
0.025001
0.020866
0.020791
0.020765
0.020828
0.020962
0.020857
0.020808
0.020827
0.020942
0.020961
0.020736
0.020839
0.020824
0.020832
0.020767
0.020863
0.020678
0.020788
0.020802
0.020870
0.020723
0.018473
0.016529
0.016621
0.016454
0.016600
0.016521
0.016505
0.016580
0.016585
0.016440
0.016583
0.016608
0.016626
0.016590
0.016549
0.016497
0.016550
0.016472
0.016492
0.016316
0.016445
0.016485
0.016511
0.016834
0.016756
0.016809
0.016729
0.016741
0.016674
0.016812
0.016811
0.016803
0.016695
0.016790
0.016681
0.016765
0.016713
0.016761
0.016658
0.016680
0.016731
0.016808
0.014530
0.012407
0.012446
0.012458
0.012360
0.012404
0.012498
0.012367
0.012526
0.012679
0.012633
0.012706
0.012705
0.012789
0.012680
0.012787
0.012751
0.012706
0.012754
0.012700
0.012738
0.012619
0.012710
0.012749
0.012813
0.012659
0.012719
0.012750
0.012722
0.012594
0.012761
0.012777
0.012680
0.014759
0.016596
0.016706
0.016823
0.016669
0.016719
0.016786
0.016831
0.016664
0.016707
0.016683
0.016688
0.016741
0.016813
0.016857
0.016742
0.016615
0.016799
0.016766
0.016716
0.016809
0.016846
0.016804
0.016711
0.017050
0.017009
0.016876
0.016989
0.017073
0.021007
0.020952
0.021070
0.021143
0.021021
0.021050
0.021027
0.021051
0.021091
0.021135
0.021021
0.021050
0.020976
0.021152
0.021167
0.021100
0.021137
0.021117
0.021075
0.021063
0.020934
0.021130
0.021067
0.020989
0.020938
0.021144
0.021045
0.021230
0.021139
0.021049
0.021061
0.021209
0.021075
0.020982
0.020976
0.021029
0.021013
0.021057
0.021177
0.020924
0.021108
0.020872
0.021071
0.021109
0.021116
0.021163
0.021165
0.021151
0.024915
0.024944
0.025207
0.025137
0.025178
0.024931
0.025208
0.024969
0.025261
0.024951
0.025084
0.025131
0.025227
0.024988
0.025099
0.025008
0.025161
0.025152
0.025062
0.025139
0.024960
0.025052
0.025183
0.025072
0.025084
0.025061
0.025084
0.025209
0.025073
0.025209
0.025154
0.025127
0.025175
0.025264
0.025170
0.025179
0.025151
0.025156
0.025276
0.025113
0.025243
0.025096
0.025158
0.025085
0.025001
0.025151
0.025131
0.025103
0.025154
0.025009
0.025129
0.025086
0.025160
0.025125
0.025127
0.025131
0.025140
0.025095
0.025207
0.025194
0.025169
0.025127
0.025199
0.025043
0.025037
0.025304
0.025181
0.025097
0.024955
0.024965
0.025043
0.025110
0.025088
0.025052
0.025157
0.025048
0.025104
0.025262
0.025129
0.025149
0.025043
0.025131
0.025063
0.025113
0.025194
0.025095
0.025039
0.025034
0.025243
0.024974
0.025184
0.024993
0.024971
0.025131
0.025022
0.025197
0.025001
0.025080
0.025127
0.025049
0.025063
0.025072
0.025074
0.024990
0.025129
0.025033
0.024909
0.024965
0.025126
0.025095
0.025190
0.025180
0.025091
0.025122
0.024946
0.025102
0.025012
0.025192
0.025176
0.024957
0.025054
0.025172
0.025059
0.025111
0.025175
0.025134
0.025182
0.025075
0.025049
0.025012
0.025135
0.025103
0.025165
0.025170
0.025147
0.025153
0.025064
0.025070
0.025131
0.025127
0.025096
0.025182
0.025036
0.025011
0.025088
0.024964
0.025170
0.025009
0.025044
0.025025
0.024929
0.025012
0.025297
0.025180
0.025053
0.025026
0.025179
0.025109
0.025203
0.025141
0.025172
0.024951
0.025119
0.025024
0.025151
0.025034
0.025172
0.025015
0.025095
0.025191
0.025206
0.025162
0.025171
0.025181
0.025221
0.025055
0.025038
0.025204
0.025093
0.025228
0.025027
0.025141
0.025162
0.025180
0.025217
0.025143
0.025181
0.024973
0.025136
0.024886
0.025146
0.024983
0.025082
0.025183
0.025127
0.024993
0.025069
0.025069
0.025019
0.025166
0.025149
0.025241
0.025091
0.025134
0.025138
0.024970
0.025111
0.025192
0.025072
0.025057
0.025114
0.025225
0.025084
0.025089
0.025090
0.025102
0.025104
0.025087
0.025132
0.025036
0.025039
0.025021
0.025147
0.025151
0.025089
0.025184
0.025161
0.025014
0.025141
0.025162
0.025053
0.025116
0.025036
0.025217
0.025230
0.024954
0.024945
0.025131
0.025039
0.025044
0.025180
0.025146
0.025028
0.025220
0.025150
0.025224
0.025155
0.025172
0.025063
0.024936
0.025118
0.025054
0.024921
0.025146
0.025108
0.025167
0.025108
0.025066
0.024996
0.025069
0.025045
0.025124
0.025047
0.025210
0.025115
0.024984
0.025035
0.025146
0.025038
0.025155
0.025092
0.025237
0.025099
0.025172
0.025065
0.025188
0.025223
0.025058
0.025157
0.024940
0.025146
0.025152
0.025008
0.025087
0.025127
0.025020
0.025202
0.024938
0.025064
0.025215
0.025054
0.025017
0.025047
0.025181
0.025033
0.024988
0.025179
0.025077
0.025038
0.024919
0.025007
0.025011
0.025147
0.024944
0.025129
0.025214
0.025109
0.025155
0.025136
0.024905
0.025215
0.025025
0.025195
0.025084
0.025019
0.025045
0.025145
0.025154
0.025111
0.025162
0.025133
0.025122
0.024988
0.025171
0.025056
0.025238
0.025209
0.025025
0.025190
0.024984
0.024948
0.020618
0.020682
0.020666
0.020692
0.020608
0.020703
0.020807
0.020727
0.020703
0.020743
0.020710
0.020767
0.020674
0.020788
0.020654
0.020589
0.020679
0.020604
0.020561
0.020808
0.020708
0.020663
0.020583
0.020697
0.020806
0.020615
0.020692
0.020680
0.020733
0.020690
0.020720
0.020659
0.020636
0.020616
0.020763
0.020761
0.020604
0.020742
0.020838
0.021128
0.021006
0.021038
0.020995
0.021008
0.021025
0.021001
0.020940
0.020988
0.021115
0.021163
0.021187
0.021080
0.020928
0.021035
0.020990
0.021012
0.021118
0.021101
0.021127
0.021118
0.020926
0.021028
0.020975
0.021153
0.020898
0.021082
0.020969
0.021102
0.020988
0.020816
0.020955
0.021125
0.021198
0.020866
0.021010
0.020954
0.021136
0.021065
0.020998
0.021150
0.020800
0.020949
0.020947
0.020932
0.020952
0.021031
0.021027
0.021113
0.021011
0.021053
0.021062
0.021031
0.024997
0.025157
0.025152
0.025180
0.025020
0.025207
0.025152
0.024932
0.025128
0.024951
0.025084
0.025140
0.025127
0.025050
0.025176
0.025043
0.025008
0.025146
0.025120
0.024990
0.025043
0.025027
0.025026
0.025094
0.025227
0.025131
0.025055
0.025068
0.025247
0.025171
0.025127
0.025078
0.024997
0.025125
0.024937
0.025002
0.025085
0.025074
0.025198
0.025237
0.025107
0.025058
0.025055
0.025120
0.024972
0.025041
0.025051
0.025125
0.025167
0.025060
0.025233
0.025136
0.025097
0.025102
0.024890
0.025047
0.025104
0.025092
0.024886
0.025056
0.025270
0.025170
0.025125
0.025104
0.024873
0.025108
0.024992
0.024959
0.025036
0.025066
0.024972
0.025108
0.025148
0.025123
0.025141
0.025170
0.025108
0.025146
0.025151
0.025102
0.025090
0.025151
0.025147
0.025204
0.025130
0.025078
0.025056
0.024934
0.025117
0.025218
0.025227
0.025038
0.025002
0.025058
0.025135
0.024979
0.025036
0.025020
0.024969
0.025076
0.025094
0.025068
0.025113
0.025002
0.025209
0.024921
0.025224
0.025052
0.025200
0.025092
0.025095
0.025083
0.025010
0.025037
0.025107
0.025151
0.025143
0.025191
0.025231
0.025173
0.025119
0.024978
0.025064
0.024938
0.025011
0.025209
0.025004
0.025073
0.025170
0.025204
0.025026
0.025095
0.024914
0.025084
0.025069
0.025093
0.025059
0.025241
0.025042
0.024895
0.024986
0.025158
0.025068
0.025046
0.025243
0.025097
0.025033
0.025001
0.025136
0.025113
0.025166
0.025080
0.025023
0.025072
0.025124
0.024975
0.025054
0.025215
0.025059
0.025055
0.025085
0.025166
0.025226
0.025194
0.025016
0.025234
0.025082
0.024958
0.025177
0.025130
0.025045
0.025146
0.025228
0.025079
0.025048
0.025087
0.025115
0.025061
0.024993
0.025170
0.025159
0.025204
0.025230
0.025125
0.025080
0.025208
0.025134
0.025060
0.025163
0.024880
0.025123
0.025268
0.025279
0.025215
0.025055
0.025202
0.025171
0.025316
0.024959
0.025207
0.025124
0.025062
0.025063
0.025057
0.024906
0.025175
0.025040
0.024997
0.025044
0.025136
0.025267
0.025055
0.025136
0.025054
0.025105
0.025047
0.025109
0.025126
0.024979
0.025093
0.025097
0.025190
0.025191
0.025201
0.025139
0.025060
