298	169	52	39
164	148	178	105
298	186	52	41
294	203	56	39
294	217	56	40
297	222	53	38
295	220	55	38
295	220	55	38
295	220	55	38
295	221	55	38
296	221	54	38
295	221	55	38
295	223	55	38
294	223	56	38
294	224	56	38
294	224	56	38
294	225	55	38
294	225	55	38
295	226	55	38
295	227	54	38
294	228	55	38
293	228	55	38
294	230	55	38
294	232	54	38
295	232	54	38
294	233	55	39
294	235	55	39
294	235	55	39
294	237	55	39
294	237	55	40
295	230	54	39
294	217	55	39
293	206	55	39
294	198	54	38
293	200	54	38
293	203	53	38
294	204	54	39
293	205	53	39
294	206	53	38
294	208	53	38
294	210	53	38
294	211	53	39
294	211	52	39
294	212	52	39
294	213	52	39
293	214	53	38
293	216	53	38
293	217	52	38
293	206	52	38
294	195	52	38
295	182	50	37
294	170	51	37
293	161	51	37
294	183	51	37
293	172	55	38
292	173	55	39
292	174	56	39
292	176	55	39
292	177	55	38
292	170	55	38
292	158	54	38
293	146	54	39
293	139	53	37
292	143	53	38
292	144	54	39
292	147	54	39
292	148	55	39
292	151	55	39
292	152	54	40
292	153	55	40
292	155	55	40
292	157	55	39
291	160	56	39
291	161	55	40
291	163	55	40
291	165	55	40
291	166	55	40
292	168	55	40
292	171	55	39
292	172	55	39
292	175	54	39
291	176	55	40
292	177	55	39
292	167	54	38
293	155	54	39
292	144	54	39
292	131	54	40
293	119	54	40
292	115	55	39
292	119	55	40
292	122	55	39
291	124	55	40
292	127	55	40
291	128	56	40
291	130	56	40
291	133	56	40
291	134	56	40
291	137	56	40
292	138	56	39
291	141	57	39
292	143	56	40
292	144	56	41
292	146	56	40
292	149	56	40
293	122	55	38
293	110	55	39
292	98	55	40
290	85	58	41
291	87	57	41
290	90	58	40
290	93	58	41
290	95	58	40
289	97	58	41
289	99	59	41
289	100	59	41
289	102	58	41
289	104	59	41
289	105	58	41
290	106	58	41
290	107	57	41
290	108	57	42
290	110	57	41
290	111	57	41
289	114	57	41
289	114	58	41
288	116	58	41
289	117	58	42
289	118	58	42
290	109	57	41
290	97	56	41
290	84	56	40
289	78	57	41
289	82	57	39
290	84	57	39
290	86	57	40
290	86	57	40
289	88	56	40
290	88	56	40
289	90	57	41
289	91	57	40
289	94	56	39
289	94	57	40
289	100	57	40
289	115	57	40
289	130	58	41
288	144	59	42
287	158	59	42
288	157	59	43
286	157	60	43
288	158	59	42
286	159	60	42
287	161	60	42
287	161	59	43
288	162	59	42
287	164	59	43
287	165	59	43
288	166	59	43
288	168	58	43
288	169	58	42
288	171	59	42
288	184	59	42
287	198	60	43
288	214	60	42
287	219	59	41
287	217	60	42
287	219	60	42
287	219	60	42
286	221	60	42
286	221	60	42
286	223	60	42
287	225	59	42
286	226	59	42
287	227	58	42
287	230	59	42
286	230	59	42
286	231	59	42
286	232	59	43
286	233	59	42
286	236	59	42
287	237	59	42
286	238	59	42
286	240	58	42
286	241	59	42
287	242	58	42
286	244	58	41
285	245	59	42
286	247	58	41
286	248	58	42
285	249	59	42
285	250	59	42
285	246	59	42
286	235	58	41
285	222	59	42
286	210	57	40
286	211	54	40
286	214	54	39
286	217	54	39
285	218	56	40
285	220	56	40
285	221	56	40
284	223	56	40
284	225	58	41
283	227	57	41
284	228	58	40
284	230	58	40
284	231	57	40
283	233	57	40
284	234	58	40
283	235	58	41
284	237	58	41
284	237	58	40
283	240	59	41
283	241	59	41
283	241	59	42
283	231	59	42
283	220	57	40
284	207	55	40
284	196	55	40
284	185	54	39
285	187	52	38
284	190	53	38
284	192	54	38
284	194	54	38
284	195	53	38
284	196	54	38
284	197	54	39
283	198	54	39
284	199	54	39
284	201	54	40
284	201	55	40
283	202	54	40
283	203	54	40
283	205	54	40
283	206	55	40
283	206	55	40
283	207	55	40
283	208	55	40
283	208	55	40
282	210	55	40
283	211	55	40
283	211	55	40
283	213	55	40
282	215	55	40
282	216	55	40
283	218	55	40
282	220	56	40
283	222	55	40
282	224	56	40
283	226	56	39
283	227	56	40
283	229	56	39
282	223	56	39
283	211	56	39
283	201	55	38
283	199	55	38
283	204	54	38
283	205	54	38
283	208	53	38
283	211	54	38
283	213	53	37
283	215	53	37
283	217	53	37
283	219	53	38
283	222	53	38
283	223	54	38
283	226	54	38
283	229	54	38
284	226	53	38
283	215	54	37
283	206	53	36
284	196	52	36
284	199	51	35
284	203	51	36
284	205	51	36
284	208	52	36
284	211	52	36
284	214	52	36
284	215	52	36
284	218	51	35
284	220	51	36
285	224	52	36
284	224	52	36
285	228	52	36
284	229	52	36
284	231	52	37
284	234	52	37
285	237	52	37
284	238	53	37
285	241	53	37
284	236	53	36
286	226	52	35
285	216	51	34
285	204	51	34
285	207	51	34
285	210	51	34
285	213	51	34
285	214	51	35
285	218	50	34
285	220	50	34
285	223	50	34
284	225	51	34
285	228	50	34
285	229	50	34
285	232	48	33
285	229	50	35
285	217	49	33
285	208	49	33
286	209	48	34
285	213	48	33
285	215	48	33
285	218	48	33
284	220	48	34
285	222	48	33
284	224	49	34
284	225	49	34
284	228	49	34
285	229	49	34
284	218	50	33
284	207	50	34
284	200	50	32
285	204	49	33
285	206	48	32
285	209	49	32
287	211	47	32
287	215	44	29
287	217	43	29
288	218	43	29
287	221	44	28
287	224	45	30
287	227	44	28
288	229	44	28
289	232	43	26
289	233	43	26
291	236	40	23
293	239	42	22
296	242	41	23
296	246	36	22
295	249	38	27
291	247	36	29
290	248	34	26
290	248	35	25
292	253	38	29
290	253	39	29
290	255	40	30
289	257	40	29
290	256	41	29
292	260	40	29
292	261	42	31
291	263	42	31
292	265	41	31
293	267	39	31
293	267	39	31
293	268	38	32
295	272	39	33
297	275	38	33
329	240	33	26
327	225	35	29
295	249	40	32
297	251	37	32
295	254	37	31
296	261	32	26
293	260	35	28
292	260	37	31
293	264	38	29
292	265	40	32
291	265	42	33
292	267	41	33
292	272	40	32
291	273	41	34
291	274	41	34
291	276	42	34
294	280	40	33
295	285	36	30
294	283	39	33
294	284	38	32
293	276	43	35
292	263	44	36
292	251	45	37
290	239	45	37
290	229	46	37
292	227	41	32
292	228	42	35
291	232	43	34
289	234	44	35
291	237	42	32
290	240	43	33
293	243	42	33
292	246	40	32
294	248	40	32
295	250	40	32
294	252	40	32
294	255	41	32
295	257	40	31
294	259	40	31
295	262	38	29
295	265	39	30
295	267	39	30
293	272	42	33
291	287	44	37
289	303	46	36
289	321	46	35
293	325	42	32
296	326	38	32
297	327	38	32
296	327	39	33
297	330	38	32
295	331	40	33
294	333	39	32
295	335	40	32
294	336	40	33
294	336	41	32
294	336	41	33
294	336	40	32
295	338	40	32
293	337	41	33
293	337	42	33
294	338	40	33
294	339	40	33
293	337	42	33
293	338	41	33
293	338	41	33
293	338	41	32
293	338	40	32
293	338	41	33
293	338	41	33
291	337	43	34
292	337	43	35
291	336	44	35
292	337	42	34
293	336	42	34
292	337	42	33
292	337	43	34
292	338	41	33
293	337	42	34
292	337	41	33
293	337	41	33
292	337	41	33
292	337	41	33
292	336	42	34
293	337	42	34
292	338	40	33
292	337	42	33
290	337	42	34
292	337	42	33
291	338	40	32
291	338	41	32
291	337	42	33
291	338	40	32
291	338	41	33
291	337	42	33
291	338	41	33
291	337	41	33
291	338	40	32
290	338	41	33
290	337	42	32
290	338	41	32
290	338	41	32
289	337	41	32
289	339	40	31
289	338	42	32
289	339	41	32
288	338	41	32
290	337	42	32
288	338	41	33
288	337	41	31
288	338	42	32
289	338	41	32
289	337	41	32
289	338	40	31
289	337	40	31
288	338	39	31
288	337	41	31
288	338	40	31
289	338	40	31
288	337	40	32
287	337	40	32
289	337	41	32
288	338	39	32
289	337	41	31
288	337	40	32
289	337	40	32
288	338	40	32
289	338	40	32
288	338	40	32
288	337	41	32
288	337	41	32
288	336	41	33
288	337	40	32
287	338	41	32
288	337	41	32
287	338	41	32
288	337	42	32
287	338	40	31
289	339	38	30
288	338	39	31
289	338	39	30
288	337	39	31
289	338	39	31
289	338	40	31
288	337	40	31
287	337	40	31
287	338	40	31
287	337	41	32
288	338	41	32
288	336	40	32
288	337	40	32
288	336	40	32
287	337	41	32
289	336	41	32
287	336	41	32
288	336	41	32
287	336	41	32
288	337	41	32
287	336	41	32
288	336	41	33
287	336	41	32
288	336	41	32
287	337	41	32
288	336	41	32
287	337	41	32
287	337	41	32
288	336	41	32
287	337	40	32
288	336	42	32
287	337	41	32
288	336	42	32
286	336	41	32
287	336	42	33
288	336	41	31
286	337	40	32
287	336	41	32
287	337	40	32
287	336	40	32
286	336	40	31
288	337	39	30
289	337	37	29
288	336	39	31
287	337	39	30
287	336	42	33
286	336	41	32
286	335	42	32
286	336	42	33
286	336	41	32
287	335	42	33
286	336	42	33
286	337	42	33
287	336	42	33
288	337	41	32
288	337	41	32
289	336	39	31
288	336	39	31
289	337	39	31
288	337	39	31
290	337	38	30
289	337	38	31
290	336	40	31
289	336	39	31
289	336	40	31
289	336	39	32
290	336	41	32
290	336	39	31
280	334	43	35
255	333	41	33
227	334	41	34
203	335	40	32
202	335	40	33
204	334	42	33
204	335	40	32
205	334	40	32
204	335	40	32
205	334	41	32
205	335	40	32
204	333	41	32
205	322	40	32
203	308	42	33
204	302	43	33
204	304	39	31
205	304	39	32
205	305	39	32
203	303	41	32
205	305	39	31
204	305	39	31
203	304	40	32
205	304	39	31
203	304	39	31
204	304	39	31
204	304	39	31
204	304	39	30
205	304	37	30
204	302	40	31
205	302	39	31
205	303	38	31
204	302	38	31
205	302	38	31
205	302	37	31
204	302	36	30
202	301	40	32
184	298	42	35
157	296	41	34
154	301	38	32
157	299	39	32
159	301	36	30
157	300	38	30
159	299	36	30
159	300	35	30
160	300	36	31
158	301	35	29
158	299	37	31
160	297	39	33
180	295	44	36
209	295	43	34
226	298	38	32
221	297	41	32
221	297	41	33
222	297	39	32
222	297	41	33
222	297	39	33
221	297	38	32
221	297	37	31
223	297	37	31
219	296	41	32
221	297	38	31
222	296	39	31
220	296	40	31
201	295	46	37
171	294	44	35
163	295	44	34
167	296	41	33
169	295	42	34
166	295	44	34
167	295	43	34
170	296	40	33
172	296	39	32
172	296	38	31
172	298	38	31
172	298	39	31
170	297	39	32
171	296	38	31
182	295	43	35
209	295	41	33
235	295	44	36
242	297	41	32
242	297	41	34
243	296	42	34
242	296	41	34
240	295	43	34
244	295	41	34
245	296	39	32
245	299	37	30
243	298	39	30
245	297	39	31
245	298	39	31
245	296	39	32
244	298	38	31
243	297	40	32
245	297	40	33
246	297	38	31
247	298	39	32
244	296	41	33
247	298	40	32
247	296	41	33
249	298	39	31
249	295	41	34
253	298	39	31
256	297	40	33
258	296	42	34
260	297	41	33
264	297	41	34
269	296	41	35
272	296	42	35
279	296	38	33
282	297	39	34
289	296	38	34
297	300	41	34
301	297	45	36
297	296	45	36
279	297	41	37
261	297	42	35
241	296	43	36
222	296	45	36
204	296	43	35
198	298	36	30
208	297	40	31
220	293	38	30
238	294	35	31
259	297	33	26
262	296	41	29
271	297	42	30
269	295	47	33
250	295	49	33
234	294	49	33
219	295	49	32
203	295	49	33
203	295	49	33
219	295	49	33
234	295	47	32
246	295	50	32
247	295	50	32
231	294	52	34
215	294	51	35
202	293	51	36
210	295	47	36
225	296	41	32
247	294	41	38
254	233	43	38
226	294	43	35
247	274	55	41
268	236	72	57
246	173	56	47
216	178	55	49
184	170	52	44
166	176	39	35
156	158	48	43
89	129	60	42
80	126	65	47
104	71	48	41
87	129	55	42
151	176	35	33
154	172	38	37
149	171	43	38
115	177	36	28
85	177	37	31
60	176	36	31
53	179	30	27
56	180	30	26
57	181	30	28
50	179	31	30
18	178	33	29
3	172	29	32
29	162	34	36
77	192	26	16
67	195	23	15
73	197	22	12
76	196	20	12
75	197	21	12
75	196	21	13
75	197	20	12
62	197	22	13
33	197	21	13
6	198	22	12
0	205	19	23
2	224	35	39
47	280	45	43
18	309	64	50
42	293	53	42
46	304	43	34
15	312	50	46
3	306	49	48
0	304	37	41
0	304	28	37
44	297	25	22
20	297	24	21
26	327	26	23
39	308	26	23
32	299	28	24
26	259	28	24
29	230	27	24
25	231	28	25
72	222	29	22
51	220	26	18
24	219	28	21
4	216	28	24
35	191	29	27
44	190	30	22
25	192	31	23
14	218	32	24
16	219	31	23
17	220	32	23
17	220	31	24
15	220	34	24
8	219	29	24
49	225	34	29
21	224	32	27
0	224	26	27
2	198	13	18
7	201	15	16
4	206	17	17
4	206	19	20
5	205	19	19
5	207	19	17
7	204	26	24
5	205	23	23
4	200	24	23
12	183	23	26
20	179	30	30
27	179	36	37
33	174	46	41
22	247	40	30
30	239	39	31
86	186	30	17
87	186	30	15
85	186	30	14
84	186	42	21
89	179	45	30
119	196	35	26
96	197	30	24
69	197	50	34
76	201	59	44
75	247	80	57
234	312	63	38
247	311	61	40
256	312	61	39
267	311	62	40
276	312	61	40
286	312	61	41
296	311	62	41
306	311	62	41
315	311	62	42
325	312	62	41
334	312	62	42
344	308	62	42
353	295	61	40
363	281	60	41
373	273	58	38
382	274	58	39
390	276	58	39
399	277	59	39
407	277	59	39
414	277	59	40
422	277	59	40
428	276	59	41
436	276	59	41
442	277	60	41
448	278	60	41
444	278	60	43
421	278	62	43
397	279	61	42
379	279	60	43
382	280	60	41
389	280	59	40
391	279	59	41
394	280	60	40
395	281	61	41
393	282	61	42
371	283	59	42
341	282	61	43
315	284	60	42
308	284	60	41
313	285	60	40
314	285	60	41
314	285	61	41
315	285	60	41
304	285	60	42
275	285	60	42
248	285	60	42
222	284	60	42
218	285	59	41
223	286	60	40
223	286	60	40
224	286	59	40
223	287	59	40
224	286	59	40
224	287	60	40
224	287	60	40
225	287	61	40
225	286	60	41
233	286	59	41
259	286	60	42
289	286	61	43
302	286	61	42
299	287	60	41
299	287	60	41
299	287	61	42
299	287	61	41
300	287	60	40
300	288	60	41
300	288	60	41
299	288	60	40
300	288	60	40
300	288	60	41
300	288	60	40
300	288	60	40
299	288	61	40
299	288	61	41
299	288	61	41
299	288	61	40
300	288	61	41
307	288	60	42
333	287	61	42
362	287	61	42
376	288	60	41
374	288	60	41
373	288	59	42
372	288	60	42
371	289	60	41
371	289	60	40
371	289	60	41
370	289	62	41
369	289	62	42
368	289	63	42
368	290	64	41
367	290	63	41
367	290	62	40
366	290	63	41
365	290	63	41
365	290	64	41
364	290	63	41
364	290	63	42
364	291	63	41
363	291	63	41
363	291	63	41
362	291	63	40
362	292	62	41
362	292	62	39
362	292	61	40
362	292	62	40
362	292	61	40
361	292	61	41
362	292	60	40
362	292	59	40
361	292	59	39
361	293	58	39
360	292	58	40
360	292	58	39
361	292	57	39
360	292	58	39
359	292	58	39
358	293	58	39
358	292	58	40
358	293	58	39
358	292	58	39
358	293	57	38
360	292	58	39
380	292	60	40
410	292	59	41
433	292	58	40
434	292	57	40
432	292	57	39
432	292	56	39
432	292	57	39
431	292	57	40
432	292	57	40
432	291	57	40
431	292	57	39
431	292	57	40
431	291	57	40
431	292	57	40
431	292	57	40
432	293	57	40
432	293	57	40
432	292	57	40
432	292	57	41
432	292	57	41
432	292	56	39
432	293	57	39
432	293	57	39
432	293	57	39
431	293	57	39
432	294	57	38
432	294	56	39
432	294	57	39
431	294	56	39
432	294	56	39
431	293	57	40
431	295	56	39
431	294	55	40
431	294	56	40
430	294	56	40
430	294	56	39
430	295	56	38
429	294	57	39
430	295	56	40
430	294	56	40
430	295	56	39
430	295	56	39
430	296	56	39
430	295	56	39
429	295	56	39
429	296	57	38
430	295	57	39
429	296	58	39
430	296	57	38
431	295	55	38
431	296	55	38
431	296	55	39
430	296	56	39
431	296	56	39
431	296	56	39
431	296	56	39
431	296	56	39
432	296	56	39
432	296	56	39
432	296	56	39
432	296	55	38
433	296	56	39
433	296	55	38
434	296	55	38
434	296	55	38
434	296	54	38
434	296	54	38
434	296	54	39
434	296	54	39
434	296	54	38
434	296	54	38
434	296	55	38
434	296	55	38
434	295	55	39
434	295	55	39
435	295	55	39
434	295	54	38
