330	302	42	33
318	302	42	30
310	301	42	32
302	300	44	33
294	300	44	34
286	299	43	33
278	300	44	34
270	300	44	33
262	299	44	34
254	299	44	34
246	299	43	33
239	299	44	34
231	299	44	34
223	301	43	33
215	300	43	33
207	299	44	34
200	300	44	34
215	300	47	34
247	299	47	34
276	299	47	34
305	298	47	35
334	299	47	35
358	299	45	34
352	298	46	35
341	299	45	34
335	299	45	34
327	299	45	34
320	298	45	35
313	298	45	35
305	298	45	35
297	298	45	34
290	298	46	36
303	299	48	35
336	299	48	34
367	298	46	34
371	299	46	34
361	299	45	34
353	299	44	34
345	299	45	34
339	299	44	34
332	299	44	33
325	299	44	33
317	298	45	34
311	299	45	34
304	300	45	34
298	299	46	34
318	300	47	34
351	300	48	34
378	300	45	34
374	299	45	35
364	300	45	33
358	301	45	34
351	301	45	34
343	301	46	34
337	301	44	34
329	301	44	34
323	301	45	33
315	302	45	34
308	301	45	34
301	302	46	35
294	301	46	35
287	302	45	34
279	301	46	35
271	302	45	35
264	302	45	35
257	303	45	35
251	303	45	34
242	304	46	34
236	303	45	36
239	303	47	36
267	304	48	36
299	304	48	36
325	303	48	37
325	304	47	36
315	304	47	35
307	303	47	36
302	304	46	36
295	305	46	35
287	306	47	35
279	305	47	35
272	306	48	35
274	306	47	34
299	305	49	35
329	305	48	36
330	306	47	35
319	306	49	36
312	306	48	36
305	307	48	36
298	306	48	36
291	307	49	37
284	307	48	36
277	307	47	36
270	308	47	36
269	308	48	36
294	308	51	36
327	309	50	36
339	309	49	37
329	309	50	36
320	310	50	35
315	309	47	35
308	310	47	35
301	309	47	36
293	309	47	36
287	309	47	37
279	310	48	36
272	310	49	37
265	311	48	37
258	310	48	36
251	308	48	37
244	291	47	37
238	274	44	35
232	266	43	33
227	266	42	32
248	266	44	32
281	266	44	32
311	266	44	32
339	266	44	33
368	267	44	32
397	267	44	31
426	266	44	33
446	267	42	32
436	267	42	31
428	267	42	31
422	267	42	32
416	267	41	31
409	268	41	31
402	267	41	31
395	267	41	31
387	267	42	31
380	267	42	32
374	267	41	31
367	268	42	32
361	268	40	30
353	267	41	31
346	268	41	31
340	267	41	31
332	267	42	32
325	268	42	32
319	268	41	31
311	268	41	31
305	267	41	31
298	268	40	31
298	267	41	32
323	266	43	32
356	266	43	32
384	266	42	32
389	267	42	32
379	267	41	32
373	266	41	32
367	266	41	32
360	265	41	32
353	266	41	33
347	265	41	33
339	264	41	34
333	264	42	35
326	264	41	34
319	264	42	34
313	264	42	35
306	264	42	34
300	264	42	34
292	263	42	34
286	263	41	35
279	263	42	35
282	263	42	34
311	263	44	34
345	263	43	34
374	262	43	34
396	262	42	35
392	262	42	34
383	262	42	34
378	262	41	34
371	262	42	34
364	262	42	34
357	263	42	34
351	263	42	34
344	263	41	34
337	263	41	34
331	263	41	33
324	263	41	33
318	264	41	32
311	264	41	32
305	264	40	31
297	265	40	31
291	265	40	31
284	265	40	31
278	264	40	32
271	264	40	32
264	265	41	32
257	265	40	32
250	264	40	32
242	265	40	32
236	265	41	32
232	265	41	32
253	265	42	32
252	280	58	44
378	266	41	32
385	267	41	31
378	267	42	31
372	267	42	31
366	267	41	30
360	268	41	31
353	268	41	31
347	268	40	31
339	267	42	33
333	268	41	31
327	268	40	31
320	268	41	31
313	268	41	31
307	268	41	31
300	268	41	32
294	268	41	32
287	269	41	31
281	269	41	32
284	268	41	31
314	270	44	31
346	269	44	31
374	269	43	32
374	269	43	32
365	270	43	32
359	270	42	31
353	270	42	31
347	271	42	32
341	271	42	32
334	271	42	32
327	271	42	32
322	271	42	31
316	271	42	31
309	271	42	31
302	272	42	31
296	272	43	32
300	272	44	32
331	271	45	32
364	272	45	32
395	272	45	32
424	271	45	32
453	271	46	34
467	271	44	33
457	271	44	33
451	271	43	33
446	273	43	33
439	272	44	33
434	271	44	33
428	273	43	32
422	273	43	32
417	273	42	32
411	273	42	31
404	272	43	32
399	273	42	32
393	273	43	32
387	273	43	32
381	273	43	33
375	273	43	32
369	273	42	32
363	274	42	32
358	274	42	32
352	274	42	32
346	274	43	32
340	273	42	32
333	273	43	32
328	274	43	32
322	274	42	32
316	274	43	32
311	274	41	31
305	274	42	32
298	274	42	32
292	275	42	32
287	275	42	32
281	274	42	32
274	275	43	32
269	276	42	32
262	275	42	32
256	276	42	32
251	276	42	32
244	276	41	31
238	276	42	32
232	275	42	32
227	276	42	32
224	276	42	32
245	277	44	32
279	277	44	31
304	277	43	32
300	277	42	31
292	278	41	31
285	278	42	31
280	277	42	31
274	278	42	32
268	278	42	32
261	278	42	32
255	278	42	32
249	278	43	33
243	278	43	33
237	279	43	33
231	278	42	32
225	279	43	32
218	279	42	32
212	280	42	32
206	279	42	32
200	280	42	32
194	280	42	33
187	279	42	33
184	280	43	33
205	280	45	33
240	280	44	32
271	280	43	32
299	280	42	31
300	281	40	31
290	281	40	30
283	281	40	30
277	281	40	30
270	281	40	30
264	281	40	30
258	281	40	30
251	281	40	29
245	282	41	31
238	282	41	30
231	283	41	30
225	282	40	29
218	283	40	29
211	283	40	29
212	281	42	32
239	282	42	32
277	283	38	29
307	282	38	30
332	283	41	32
339	282	40	29
331	284	39	29
326	284	38	29
321	285	36	30
320	289	33	29
307	285	33	27
299	285	37	28
293	284	34	28
285	283	35	28
276	284	35	27
270	284	37	28
265	284	33	28
258	288	33	27
250	285	35	29
242	286	35	28
237	286	35	29
230	284	37	29
227	283	38	30
236	281	36	31
269	280	37	32
298	284	37	31
315	285	37	33
306	285	38	33
296	283	38	32
294	287	34	29
287	287	35	28
282	286	39	31
276	287	39	31
263	283	40	32
257	283	39	30
252	283	40	31
246	283	41	32
242	285	39	29
235	285	40	27
226	286	37	28
220	287	37	27
214	287	38	27
207	287	39	28
200	287	40	29
193	287	40	30
187	287	40	29
180	287	40	31
173	287	40	30
168	286	41	31
184	286	42	32
218	286	42	32
249	285	42	32
280	286	40	31
310	286	39	30
324	287	39	30
315	286	38	29
308	287	38	29
303	287	36	28
298	288	36	27
292	288	36	27
285	289	36	27
274	289	39	28
272	290	35	26
267	289	34	26
255	287	44	31
257	287	39	28
252	288	37	26
249	287	39	28
267	285	45	33
302	283	46	36
332	289	41	33
358	283	41	34
358	287	35	29
345	290	35	28
344	289	37	30
342	290	35	28
335	292	35	29
327	291	37	29
321	291	35	29
315	290	35	29
308	290	34	29
304	292	34	28
299	292	33	29
292	293	35	28
288	291	33	28
278	293	36	28
275	291	34	28
271	292	35	27
263	294	35	28
272	294	37	31
304	289	41	33
339	294	36	28
370	292	36	29
396	294	34	28
399	292	34	30
389	293	33	28
383	295	36	30
379	292	36	30
373	294	34	27
368	294	36	29
363	292	39	31
359	291	36	29
348	293	37	30
343	291	39	31
331	291	42	35
326	292	41	33
322	291	39	32
320	293	37	33
316	297	38	33
311	296	38	29
309	296	33	29
310	293	33	30
299	308	35	29
341	305	34	30
374	307	33	29
415	304	34	30
455	302	36	31
474	296	36	30
460	296	39	32
456	297	39	31
452	296	38	31
444	294	41	31
437	295	41	31
432	294	39	29
429	294	38	29
424	294	37	28
419	295	35	26
413	295	36	27
409	296	37	27
401	295	37	29
395	295	35	27
391	298	34	28
385	297	36	29
381	297	35	28
374	298	36	28
367	298	36	29
360	299	36	29
356	299	36	28
348	297	41	31
343	297	37	29
338	296	36	29
333	296	40	30
331	296	42	32
354	294	41	31
387	294	39	30
418	295	38	30
450	296	38	29
468	295	40	29
462	295	42	29
455	296	40	29
449	294	42	33
444	295	41	31
438	295	42	32
433	296	41	30
427	295	42	32
422	295	43	32
415	296	43	31
409	295	43	32
405	296	42	31
400	296	42	31
395	296	41	31
388	296	41	32
383	296	41	32
377	296	41	32
372	296	41	31
366	296	41	32
361	297	41	30
354	297	42	31
349	296	42	31
350	297	42	31
377	297	43	31
410	297	44	32
441	296	45	33
471	296	46	33
484	295	45	34
476	296	45	34
470	297	44	33
466	296	44	34
460	296	45	34
454	296	44	33
449	297	44	34
444	296	44	34
438	297	44	34
433	297	44	34
428	297	43	33
422	298	43	33
417	298	44	33
411	298	44	34
406	299	44	34
401	298	43	33
396	299	43	33
390	299	44	33
385	300	44	33
380	300	43	33
375	301	43	33
370	301	43	33
363	301	44	32
358	301	43	32
352	301	43	32
347	303	44	33
342	302	44	33
336	303	44	33
330	303	44	34
325	303	44	33
320	303	45	33
315	303	44	33
315	303	44	33
342	304	46	33
377	304	45	33
408	303	46	34
432	303	44	33
429	303	43	32
421	304	43	32
417	304	43	32
413	304	43	32
407	305	43	33
402	305	43	33
398	305	40	30
392	305	41	30
389	306	38	29
388	306	35	28
385	307	33	27
380	305	33	28
376	308	33	27
362	309	41	33
314	294	30	26
316	292	28	23
343	310	37	33
341	307	38	32
338	309	38	31
334	311	40	31
325	309	34	30
318	308	38	31
317	311	35	31
312	312	34	30
304	310	37	30
299	308	40	32
295	307	41	32
291	306	46	35
320	307	48	36
357	308	47	35
392	308	44	35
339	299	40	32
367	314	38	31
417	310	37	30
411	310	41	31
409	310	36	30
406	310	35	29
399	310	37	29
373	312	44	34
375	309	45	35
375	313	38	32
368	309	45	34
363	308	44	34
361	309	45	34
340	303	51	38
296	300	58	43
257	303	54	39
228	307	39	30
227	309	39	31
223	307	40	32
212	308	43	32
206	306	46	32
205	307	44	32
227	307	44	35
268	308	41	33
294	307	37	31
300	304	40	31
295	306	38	29
283	306	35	26
278	306	38	30
272	310	36	28
272	312	33	26
267	312	35	27
263	312	34	28
256	306	35	27
249	307	34	25
260	302	43	33
297	304	43	33
316	304	42	32
311	305	40	30
305	305	40	29
301	305	44	30
295	304	48	32
290	304	41	30
284	304	40	30
279	304	38	29
274	303	39	29
269	303	39	29
263	302	39	30
259	302	40	31
253	302	40	31
249	302	40	30
246	301	40	31
269	302	42	33
304	302	42	31
335	302	43	32
366	301	43	32
389	301	42	32
385	301	42	32
378	302	41	31
373	302	42	31
369	301	41	31
364	302	41	31
358	301	42	32
354	302	42	32
348	302	42	32
344	301	42	32
339	301	42	32
335	301	41	32
329	302	42	31
325	303	42	32
320	302	41	31
315	303	41	31
310	303	40	30
307	304	39	30
300	304	40	28
295	305	41	29
291	305	41	27
286	305	41	28
280	305	43	29
276	307	43	28
273	307	39	27
266	306	41	29
262	305	40	29
256	306	40	30
252	305	41	30
255	304	43	32
285	305	44	32
319	304	44	33
349	305	42	33
350	305	41	31
341	305	43	33
338	305	41	31
333	306	41	31
328	307	42	32
321	306	44	32
319	305	41	32
314	306	43	31
310	307	42	30
305	306	46	32
301	308	43	31
296	307	42	31
291	307	42	32
287	308	43	32
281	306	44	32
276	307	41	32
273	308	43	32
268	308	41	32
262	308	43	31
257	308	43	32
266	308	44	33
299	308	46	33
333	309	45	32
365	309	44	32
372	310	42	31
363	310	42	31
358	310	42	30
354	310	43	31
350	309	44	31
345	309	43	31
340	310	42	31
336	309	43	31
331	309	43	32
326	309	43	32
321	309	43	31
316	309	43	32
312	308	43	32
307	310	43	31
303	309	43	32
297	310	44	32
293	310	43	32
288	309	44	32
283	310	43	32
280	310	43	32
274	310	43	31
269	310	43	31
265	309	42	32
260	310	43	32
255	309	43	32
249	310	43	32
245	311	43	32
240	310	43	32
237	310	43	32
230	311	44	33
227	311	44	33
222	311	43	32
218	310	44	33
211	311	44	33
207	311	43	33
202	311	43	32
201	311	43	32
223	311	46	33
258	311	46	33
290	311	46	33
297	312	44	32
289	311	43	33
285	312	43	32
281	311	43	32
276	312	43	32
271	311	43	32
268	311	42	32
263	312	42	31
257	312	42	31
251	311	43	31
247	311	43	31
241	313	43	31
238	312	42	31
233	312	42	31
225	312	46	34
223	311	46	33
220	312	44	33
215	311	40	29
211	312	41	30
207	311	42	31
202	312	42	30
196	310	42	31
191	311	44	32
187	311	43	31
183	311	42	31
177	312	43	31
175	310	44	31
200	311	43	30
235	312	43	32
268	311	44	33
301	311	42	31
333	312	41	30
344	312	41	29
335	312	42	29
330	312	42	30
326	311	42	29
323	312	41	30
320	312	40	29
315	312	40	28
311	312	40	28
307	312	40	30
303	312	40	30
299	312	38	29
294	312	37	27
288	312	39	28
283	311	40	28
278	312	41	29
275	312	40	28
272	312	39	27
267	312	39	28
261	311	41	29
257	311	41	27
252	311	41	28
248	311	41	28
242	311	41	28
239	311	40	28
235	310	41	29
230	310	41	30
226	310	42	31
222	310	42	30
218	311	41	30
213	309	41	31
207	309	44	31
203	309	43	32
199	307	43	33
195	308	42	32
192	306	44	33
189	307	43	33
206	304	46	38
239	304	49	38
274	304	48	39
289	306	44	34
283	306	43	32
279	304	43	34
283	306	36	30
275	306	39	32
272	305	41	33
268	305	38	32
266	307	36	30
261	306	38	31
256	304	40	31
251	304	42	34
246	306	39	31
244	306	39	31
242	305	41	33
235	307	39	32
229	307	34	30
229	307	35	29
226	305	34	30
223	307	34	29
213	306	38	31
209	306	38	31
207	306	34	29
208	305	34	29
204	305	36	31
196	303	37	32
196	306	39	32
223	305	44	35
256	304	45	37
290	303	44	37
298	306	38	30
289	304	36	30
286	307	34	28
278	307	37	30
277	309	35	29
271	307	37	30
271	310	36	29
266	309	35	28
260	308	37	28
254	307	33	26
252	307	35	28
251	308	33	26
247	307	38	28
237	307	39	28
233	307	37	28
229	307	40	29
225	308	41	30
221	308	40	29
218	309	40	29
214	308	39	29
210	308	40	29
206	308	40	29
203	309	40	28
198	308	41	29
195	309	41	29
191	308	41	29
187	308	41	29
183	308	41	29
179	308	41	30
176	307	41	30
172	308	41	29
169	307	41	30
165	307	41	30
161	307	42	31
157	307	42	31
154	307	42	31
150	307	42	32
145	306	43	33
142	307	43	33
139	307	43	32
135	307	42	31
131	307	42	31
128	306	41	30
125	306	41	31
121	306	42	31
118	306	42	31
115	306	42	31
111	306	42	31
107	305	42	31
103	306	42	31
116	306	43	31
151	306	44	31
186	305	43	31
219	305	44	31
246	304	42	31
244	304	41	31
237	304	42	31
235	304	41	31
231	304	42	31
229	304	42	31
224	304	42	31
222	304	42	31
217	303	42	31
220	304	42	31
250	304	44	31
285	304	45	32
313	303	43	32
310	303	43	32
303	304	43	33
302	303	43	32
299	303	44	32
296	303	43	32
291	303	44	32
289	303	43	32
285	304	43	32
281	304	43	32
277	304	43	32
273	303	44	33
271	304	43	32
267	304	43	32
263	304	43	33
259	304	43	33
256	304	43	33
252	305	44	33
249	305	44	33
245	304	43	33
241	305	43	32
237	305	44	33
234	305	44	32
231	305	43	32
227	305	44	32
224	305	43	32
220	305	42	32
217	305	43	32
213	305	44	32
210	305	44	32
228	305	45	32
264	306	45	33
296	305	43	32
299	305	43	32
291	305	44	33
287	306	43	32
285	305	43	32
279	305	44	33
277	306	43	32
272	306	43	33
268	306	44	32
264	306	43	32
260	306	43	32
