0.008680
0.013921
0.021046
0.021002
0.020917
0.021109
0.020945
0.021045
0.020888
0.021011
0.020849
0.021114
0.020971
0.021179
0.021116
0.020991
0.020830
0.021140
0.020904
0.020910
0.020973
0.025038
0.025132
0.025105
0.024986
0.025170
0.024978
0.025070
0.025228
0.024974
0.025053
0.025049
0.025086
0.025186
0.024999
0.025110
0.024929
0.024950
0.025058
0.024982
0.024937
0.025141
0.024886
0.024976
0.025163
0.024884
0.024953
0.024926
0.025253
0.025071
0.024862
0.025030
0.025082
0.025000
0.024874
0.024899
0.024950
0.024915
0.024868
0.024911
0.025047
0.025071
0.025033
0.025062
0.025054
0.025113
0.024956
0.025103
0.025105
0.025047
0.025008
0.025117
0.024860
0.024975
0.025028
0.024948
0.025069
0.025048
0.025083
0.025072
0.024868
0.024981
0.025109
0.025160
0.025037
0.024911
0.024943
0.025030
0.025121
0.024920
0.025108
0.024963
0.025149
0.025054
0.024827
0.024982
0.024966
0.025020
0.025026
0.025030
0.024896
0.024988
0.025061
0.024961
0.024885
0.025118
0.025064
0.025121
0.024937
0.024862
0.024977
0.024956
0.025033
0.024929
0.025019
0.024887
0.024913
0.025001
0.024983
0.025032
0.024995
0.024834
0.025143
0.024983
0.025118
0.024937
0.025093
0.025016
0.024958
0.025008
0.025097
0.024934
0.025041
0.024953
0.024952
0.024880
0.024916
0.024993
0.024957
0.025196
0.025060
0.024926
0.025073
0.025105
0.025018
0.025081
0.024962
0.025050
0.025054
0.025059
0.025082
0.025018
0.024798
0.025071
0.025016
0.025001
0.025140
0.025172
0.025088
0.024987
0.025067
0.025103
0.025098
0.025022
0.025014
0.025179
0.025008
0.025083
0.025068
0.025162
0.024893
0.024969
0.025004
0.024930
0.024965
0.025011
0.024928
0.024956
0.024961
0.025023
0.024957
0.024904
0.024858
0.025174
0.025105
0.025080
0.024854
0.025066
0.025106
0.025048
0.024792
0.025015
0.025072
0.025135
0.024957
0.024961
0.024978
0.024991
0.024934
0.024925
0.024969
0.025035
0.025137
0.025114
0.025138
0.025180
0.025085
0.025093
0.025013
0.025030
0.025136
0.025124
0.025098
0.024908
0.025021
0.025078
0.025068
0.024860
0.025053
0.025023
0.024991
0.025001
0.025022
0.025204
0.024970
0.024966
0.024955
0.024990
0.025006
0.024959
0.025078
0.025127
0.025000
0.025064
0.024915
0.025267
0.025128
0.025074
0.024909
0.024971
0.024958
0.025031
0.025081
0.025088
0.024912
0.024917
0.025082
0.025067
0.024933
0.024920
0.024862
0.025096
0.025185
0.025014
0.024989
0.025056
0.025006
0.024992
0.025025
0.025084
0.024943
0.025151
0.024931
0.024966
0.024956
0.025099
0.025010
0.025046
0.025149
0.024983
0.024860
0.024971
0.025148
0.025067
0.025044
0.024945
0.025150
0.025108
0.025009
0.025121
0.025003
0.025074
0.025176
0.025200
0.025201
0.025128
0.025118
0.024937
0.024942
0.025262
0.024937
0.025126
0.025017
0.024991
0.024925
0.025007
0.024966
0.024937
0.025007
0.025073
0.025177
0.025115
0.025013
0.025023
0.025006
0.025063
0.025002
0.025125
0.025211
0.025168
0.025049
0.025106
0.025082
0.025128
0.024971
0.025127
0.025029
0.024991
0.025048
0.025047
0.025009
0.025083
0.025034
0.024969
0.024992
0.025099
0.025104
0.025156
0.025114
0.025162
0.025109
0.024946
0.025132
0.025222
0.025027
0.025007
0.025046
0.025166
0.025059
0.025215
0.024999
0.025098
0.024954
0.025015
0.024833
0.025095
0.025182
0.025044
0.024990
0.025079
0.024987
0.024939
0.025071
0.025105
0.025135
0.025082
0.024964
0.025016
0.024946
0.025071
0.025027
0.025082
0.024905
0.025085
0.024978
0.025083
0.024866
0.025139
0.024903
0.024966
0.025162
0.025068
0.024837
0.025091
0.024969
0.024985
0.025066
0.025039
0.025022
0.024942
0.024856
0.025068
0.025043
0.025007
0.024961
0.024937
0.025086
0.025034
0.024920
0.025061
0.024970
0.025054
0.025021
0.025045
0.025194
0.025084
0.024976
0.025056
0.025110
0.025074
0.025058
0.024910
0.025069
0.024923
0.025124
0.025019
0.024906
0.025037
0.025161
0.025063
0.025005
0.024993
0.024891
0.025077
0.024931
0.025122
0.025163
0.024945
0.024975
0.025114
0.025038
0.024906
0.025000
0.025060
0.025003
0.024894
0.025015
0.024933
0.024938
0.025070
0.025004
0.025004
0.025199
0.025064
0.024955
0.025053
0.024885
0.024975
0.024873
0.024946
0.024917
0.025085
0.024996
0.024990
0.024963
0.025029
0.025144
0.024972
0.022683
0.020819
0.020875
0.020731
0.020528
0.020746
0.020586
0.020723
0.020663
0.020634
0.020725
0.020584
0.020630
0.020600
0.020582
0.020698
0.020616
0.020581
0.020602
0.020725
0.020599
0.020533
0.020447
0.020754
0.020508
0.020623
0.020545
0.020697
0.020682
0.020762
0.020761
0.020565
0.020678
0.020742
0.020745
0.020565
0.020690
0.020605
0.020429
0.020733
0.021044
0.021012
0.020939
0.020951
0.020994
0.021068
0.021103
0.020978
0.020905
0.020912
0.021034
0.021170
0.020750
0.020973
0.020838
0.021097
0.021016
0.020910
0.021011
0.021078
0.021055
0.021000
0.021015
0.021025
0.020842
0.020765
0.020912
0.021041
0.020909
0.020946
0.020869
0.020926
0.020836
0.020803
0.020878
0.020979
0.020751
0.020821
0.020954
0.020960
0.020983
0.020992
0.020956
0.020890
0.020820
0.020871
0.020895
0.020812
0.020879
0.020834
0.020992
0.021016
0.023124
0.024915
0.025032
0.025196
0.025025
0.025047
0.024922
0.025192
0.025040
0.025158
0.025187
0.025123
0.025020
0.024971
0.025019
0.025080
0.025124
0.024973
0.025108
0.025053
0.024992
0.024964
0.025087
0.025111
0.025013
0.025059
0.025098
0.025056
0.024968
0.024949
0.024977
0.025010
0.024953
0.024900
0.024977
0.025024
0.025163
0.025035
0.024972
0.025012
0.025011
0.024942
0.025187
0.025085
0.024903
0.025008
0.024976
0.024957
0.024821
0.025019
0.025021
0.025012
0.025015
0.025086
0.025096
0.025087
0.024886
0.024993
0.025118
0.025055
0.025001
0.025030
0.025001
0.025129
0.024970
0.024973
0.025050
0.024992
0.024806
0.025064
0.025149
0.024971
0.024988
0.025083
0.025210
0.025254
0.025155
0.025062
0.025012
0.025145
0.024986
0.024982
0.025229
0.025174
0.024959
0.024975
0.024828
0.025131
0.025044
0.025104
0.025093
0.025051
0.025075
0.025003
0.025210
0.025042
0.024997
0.025035
0.024998
0.025152
0.024994
0.025198
0.025082
0.025213
0.025048
0.025160
0.024915
0.020771
0.020708
0.020668
0.020690
0.020683
0.020728
0.020689
0.020667
0.020650
0.020831
0.020833
0.020844
0.020758
0.020722
0.020732
0.020757
0.020686
0.020772
0.020864
0.020709
0.020828
0.020636
0.020751
0.020806
0.020660
0.020768
0.020718
0.020758
0.020485
0.020575
0.020630
0.020705
0.020772
0.020707
0.020681
0.020685
0.020731
0.020847
0.020676
0.020764
0.021009
0.020905
0.021024
0.021105
0.020919
0.020977
0.020938
0.020889
0.020901
0.020884
0.020912
0.020995
0.020882
0.020955
0.020909
0.020996
0.021032
0.020974
0.021014
0.021068
0.020979
0.020983
0.021082
0.021055
0.021184
0.020914
0.021027
0.021093
0.020946
0.020981
0.020923
0.020947
0.020976
0.020929
0.020842
0.021007
0.021050
0.021019
0.021012
0.021135
0.020890
0.020942
0.020994
0.021041
0.020996
0.016692
0.016539
0.016680
0.016625
0.016624
0.016694
0.016605
0.018828
0.020617
0.020635
0.020665
0.020591
0.020664
0.020673
0.020665
0.020699
0.020610
0.020758
0.020890
0.020679
0.020578
0.020722
0.020661
0.020738
0.020666
0.020547
0.020624
0.020670
0.020840
0.020654
0.020517
0.020710
0.020767
0.020663
0.020607
0.020765
0.020689
0.020579
0.020693
0.020663
0.020710
0.021160
0.020953
0.021056
0.021001
0.021012
0.021065
0.021086
0.021142
0.021048
0.021053
0.020979
0.020903
0.021005
0.021071
0.021064
0.021154
0.020980
0.021016
0.021162
0.020942
0.021032
0.021083
0.021066
0.021021
0.021041
0.020941
0.020942
0.021003
0.020992
0.020925
0.021099
0.021103
0.021017
0.021049
0.020962
0.020907
0.020950
0.020896
0.021008
0.020900
0.020956
0.020962
0.021047
0.020976
0.020932
0.021033
0.021035
0.020993
0.014871
0.017087
0.015032
0.018993
0.027151
0.015204
0.028426
0.015143
0.026803
0.015158
0.026567
0.015210
0.018955
0.027045
0.017108
0.018768
0.028717
0.015077
0.018862
0.028703
0.013423
0.026805
0.016821
0.026780
0.013425
0.028448
0.015118
0.026806
0.015137
0.026803
0.015138
0.026848
0.015070
0.018930
0.028862
0.015146
0.018958
0.027112
0.020782
0.015563
0.023230
0.027215
0.013471
0.027461
0.023224
0.019412
0.023313
0.021529
0.021423
0.021484
0.019402
0.022996
0.021374
0.021480
0.021473
0.019406
0.023088
0.019459
0.023183
0.021190
0.021367
0.021238
0.019307
0.023080
0.021446
0.021410
0.021328
0.021336
0.021465
0.019290
0.023077
0.013872
0.027008
0.023150
0.013424
0.027460
0.023104
0.021437
0.013715
0.025546
0.018773
0.025716
0.023068
0.013738
0.026942
0.023005
0.013556
0.031402
0.027188
0.021427
0.028829
0.021517
0.028879
0.021455
0.029044
0.021413
0.028937
0.021589
0.028939
0.021560
0.028933
0.021321
0.028802
0.021534
0.028948
0.021489
0.029040
0.021539
0.028932
0.021401
0.028991
0.021491
0.028869
0.021540
0.028915
0.021411
0.028992
0.021407
0.028865
0.021553
0.028979
0.021422
0.028990
0.021588
0.028966
0.021476
0.028924
0.021451
0.028948
0.021358
0.028880
0.021369
0.028909
0.021555
0.028941
0.021471
0.028960
0.021531
0.028931
0.021478
0.028914
0.021385
0.028950
0.021514
0.028947
0.021518
0.028869
0.021468
0.028975
0.021340
0.029029
0.021460
0.028982
0.021504
0.028974
0.021569
0.028877
0.021511
0.028984
0.021383
0.028976
0.021430
0.028905
0.021458
0.028971
0.021556
0.027526
0.018960
0.032851
0.021528
0.028919
0.021420
0.028839
0.021526
0.028912
0.021360
0.028857
0.021385
0.028903
