0.009016
0.013771
0.020775
0.020685
0.020910
0.020770
0.020826
0.020807
0.020811
0.020932
0.020864
0.020710
0.020873
0.020820
0.020795
0.020769
0.020636
0.020767
0.020714
0.020738
0.020850
0.020786
0.020817
0.020787
0.020649
0.020772
0.020786
0.020782
0.020736
0.020898
0.020787
0.020647
0.020809
0.020738
0.020872
0.020820
0.020800
0.020942
0.021146
0.021146
0.021022
0.021176
0.020929
0.021092
0.020991
0.021101
0.020989
0.021066
0.021133
0.020994
0.021105
0.021187
0.021147
0.021134
0.021061
0.021129
0.021139
0.021206
0.021072
0.021023
0.021198
0.021101
0.021040
0.020999
0.021021
0.020913
0.021220
0.020920
0.021076
0.020929
0.021012
0.021056
0.021152
0.021025
0.021019
0.021108
0.020962
0.020916
0.021057
0.020938
0.021087
0.021051
0.021100
0.020993
0.020952
0.021045
0.020962
0.021039
0.021089
0.021126
0.025131
0.025139
0.025167
0.024955
0.024985
0.024921
0.025146
0.025053
0.025088
0.025170
0.025220
0.025034
0.025070
0.025114
0.025191
0.025235
0.025160
0.025116
0.025170
0.025206
0.025142
0.025093
0.025109
0.025079
0.025102
0.025051
0.025275
0.025067
0.025126
0.025012
0.025045
0.025109
0.025032
0.025236
0.025044
0.025047
0.025060
0.025066
0.025115
0.024955
0.024952
0.025028
0.024925
0.025130
0.025092
0.025082
0.024977
0.025054
0.025159
0.024953
0.025062
0.024961
0.025140
0.024935
0.025151
0.025083
0.025223
0.025156
0.025264
0.025227
0.024986
0.025104
0.025023
0.024958
0.025105
0.025093
0.025080
0.025075
0.024932
0.025077
0.025062
0.025221
0.025014
0.025045
0.024981
0.025192
0.024968
0.025119
0.024998
0.025095
0.025055
0.024986
0.024809
0.025062
0.025006
0.024903
0.025013
0.025114
0.025136
0.025100
0.025062
0.020629
0.020701
0.020720
0.020645
0.020941
0.020564
0.020685
0.020743
0.020723
0.020785
0.020823
0.020793
0.020543
0.020804
0.020708
0.020774
0.020877
0.020350
0.020297
0.020352
0.020410
0.020447
0.020426
0.020328
0.020412
0.018351
0.016451
0.016503
0.016507
0.016505
0.016427
0.016456
0.016546
0.016609
0.016450
0.016505
0.016458
0.016546
0.016399
0.016454
0.016457
0.016494
0.016599
0.019034
0.016869
0.016796
0.016826
0.016866
0.016909
0.016860
0.016899
0.016953
0.016853
0.016854
0.016965
0.016890
0.016873
0.016850
0.016874
0.016919
0.016834
0.016853
0.016894
0.016909
0.016839
0.016814
0.016862
0.012806
0.016870
0.016800
0.016972
0.020847
0.017114
0.017126
0.017207
0.012954
0.021309
0.017082
0.017138
0.017102
0.017064
0.017174
0.018326
0.021156
0.017240
0.020871
0.021549
0.020869
0.021235
0.021099
0.021343
0.021287
0.021202
0.021140
0.021255
0.021137
0.021348
0.021445
0.020776
0.021517
0.021209
0.021199
0.024623
0.017184
0.021013
0.021598
0.020906
0.021550
0.021294
0.021185
0.021238
0.021215
0.021268
0.021223
0.021220
0.021150
0.021220
0.021151
0.020844
0.021561
0.027308
0.028891
0.020870
0.032949
0.017179
0.028892
0.020879
0.028969
0.020861
0.029017
0.020868
0.029035
0.020880
0.028861
0.020935
0.029010
0.021004
0.028914
0.021009
0.029086
0.020714
0.032533
0.017129
0.028741
0.020866
0.028961
0.020919
0.028984
0.020989
0.032766
0.017136
0.028907
0.020883
0.028966
0.028993
0.017366
0.028832
0.020913
0.028919
0.020820
0.029011
0.020924
0.033021
0.017491
0.032909
0.017459
0.033046
0.017602
0.032939
0.017435
0.033020
0.017475
0.033016
0.017476
0.032823
0.017482
0.033043
0.017493
0.032836
0.017644
0.033042
0.017515
0.032984
0.017557
0.032973
0.017553
0.033058
0.017550
0.033081
0.017604
0.033024
0.017436
0.032850
0.017514
0.032952
0.017510
0.032853
0.017489
0.033008
0.017622
0.032949
0.017518
0.032944
0.017519
0.032965
0.017423
0.032937
0.017446
0.032834
0.017520
0.032879
0.017478
0.032882
0.017503
0.033011
0.017545
0.032909
0.017730
0.032826
0.017633
0.032892
0.017545
0.032856
0.017541
0.033132
0.017659
0.032858
0.017538
0.032742
0.017416
0.032863
0.017546
0.032778
0.017470
0.032836
0.017544
0.032916
0.017470
0.032883
0.017437
0.032993
0.017561
0.032972
0.017425
0.033050
0.017581
0.032936
0.017539
0.032804
0.017488
0.033033
0.017595
0.032983
0.017513
0.032940
0.017523
0.032683
0.017580
0.032958
0.017568
0.032981
0.017480
0.032861
0.017582
0.032836
0.017453
0.032886
0.017508
0.032836
0.017462
0.032905
0.017447
0.033062
0.017479
0.032899
0.017513
0.033006
0.017612
0.032677
0.017426
0.032967
0.017559
0.032897
0.017519
0.033028
0.017487
0.032922
0.017492
0.032976
0.017621
0.032898
0.017592
0.032883
0.017542
0.032957
0.017586
0.032930
0.017452
0.024897
0.018877
0.024638
0.017260
0.024633
0.019193
0.018968
0.024647
0.019052
0.018930
0.024742
0.019118
0.017087
0.024880
0.018912
0.024723
0.017363
0.024502
0.019037
0.017088
0.024924
0.018900
0.024703
0.017223
0.024668
0.017273
0.024493
0.017247
0.024684
0.017188
0.024613
0.017264
0.024529
0.017177
0.024584
0.019047
0.017113
0.024866
0.017076
0.019104
0.018936
0.017123
0.018585
0.013225
0.018882
0.018584
0.013216
0.018723
0.018711
0.013415
0.018831
0.018557
0.013336
0.018928
0.017107
0.017080
0.016969
0.017026
0.018708
0.013301
0.018898
0.017089
0.018674
0.013217
0.018991
0.014889
0.019047
0.017132
0.014982
0.020813
0.013228
0.017229
0.018826
0.018819
0.017196
0.013211
0.017260
0.017096
0.020676
0.013251
0.017153
0.020519
0.013268
0.023139
0.024898
0.019101
0.027295
0.013532
0.025165
0.017272
0.025244
0.017185
0.025145
0.025281
0.013524
0.025089
0.017218
0.025066
0.017394
0.025198
0.017230
0.025344
0.017272
0.025183
0.017288
0.025096
0.017184
0.023710
0.023025
0.017241
0.023458
0.026695
0.013511
0.023432
0.023058
0.017148
0.023530
0.023122
0.017330
0.025151
0.025439
0.013562
0.028915
0.013469
0.023453
0.026910
0.013494
0.023514
0.026858
0.013409
0.025024
0.017214
0.023558
0.026902
0.013504
0.023035
0.030982
0.021303
0.033101
0.017548
0.032887
0.017512
0.032759
0.017511
0.032944
0.017541
0.032879
0.017527
0.032962
0.017469
0.033026
0.017440
0.032781
0.017453
0.032795
0.017497
0.033034
0.017604
0.032886
0.017451
0.032865
0.017465
0.032893
0.017543
0.033021
0.017509
0.032777
0.017444
0.032896
0.017589
0.033096
0.017536
0.032985
0.017517
0.032863
0.017455
0.032801
0.017579
0.032893
0.017470
0.033037
0.017496
0.032977
0.017548
0.032746
0.017456
0.032982
0.017580
0.032889
0.017472
0.032873
0.017550
0.033042
0.017469
0.032920
0.017514
0.033051
0.017588
0.033008
0.017616
0.032972
0.017532
0.033046
0.017475
0.033041
0.017437
0.032917
0.017540
0.033134
0.017542
0.033033
0.017450
0.032908
0.017495
0.033093
0.017560
0.033087
0.017493
0.033014
0.017441
0.032891
0.017520
0.032754
0.017622
0.032810
0.017511
0.032903
0.017602
0.032900
0.017571
0.032940
0.017600
0.032954
0.017551
0.033038
0.017410
0.032991
0.017553
0.032915
0.017515
0.032986
0.017570
0.032840
0.017526
0.032925
0.017475
0.032980
0.017538
0.032827
0.017540
0.032937
0.017476
0.032846
0.017522
0.032789
0.017480
0.032947
0.017504
0.032901
0.017656
0.032722
0.017549
0.032892
0.017484
0.032865
0.017504
0.032916
0.017451
0.032910
0.017531
0.032993
0.017421
0.033036
0.017535
0.032939
0.017487
0.032837
0.017503
0.033090
0.017596
0.032997
0.017467
0.032862
0.017501
0.032901
0.017424
0.032862
0.017564
0.032798
0.017566
0.032961
0.017493
0.032743
0.017549
0.032884
0.017667
0.032928
0.017434
0.032861
0.017547
0.032983
0.017452
0.032891
0.017501
0.032982
0.017467
0.032843
0.017442
0.033007
0.017474
0.032821
0.017500
0.032682
0.017459
0.032806
0.017509
0.032954
0.017459
0.032916
0.017511
0.032914
0.017468
0.032894
0.017493
0.032728
0.017553
0.032894
0.017458
0.032877
0.017509
0.032939
0.017480
0.032883
0.017476
0.032798
0.017510
0.032912
0.017438
0.032887
0.017507
0.032739
0.017506
0.032830
0.017452
0.032811
0.017508
0.033050
0.017485
0.032759
0.017407
0.032967
0.017509
0.032987
0.017569
0.032824
0.017556
0.032999
0.017474
0.032748
0.017457
0.032784
0.017484
0.032855
0.017617
0.032811
0.017582
0.032961
0.017482
0.033040
0.017476
0.032885
0.017518
0.032957
0.017562
0.032894
0.017431
0.032772
0.017581
0.033012
0.017444
0.033016
0.017438
0.033018
0.017545
0.032868
0.017468
0.032794
0.017478
0.032848
0.017586
0.033030
0.017568
0.032770
0.017421
0.032779
0.017461
0.032942
0.017467
0.032830
0.017535
0.032910
0.017478
0.033004
0.017459
0.032857
0.017583
0.032887
0.017437
0.032769
0.017505
0.032785
0.017463
0.032740
0.017479
0.032805
0.017481
0.032819
0.017404
0.033023
0.017555
0.032756
0.017481
0.032885
0.017451
0.033031
0.017596
0.032928
0.017543
0.033009
0.017485
0.032987
0.017503
0.032970
0.017419
0.032855
0.017588
0.020790
0.028759
0.017028
0.018856
0.018902
0.028663
0.017040
0.019053
0.018789
0.024847
0.018953
0.018763
0.023450
0.018653
0.024917
0.019048
0.018979
0.024958
0.018968
0.018939
0.024887
0.017013
0.024742
0.019049
0.018903
0.023330
0.018662
0.024819
0.018918
0.018945
0.023272
0.018470
0.023302
0.018694
0.023273
0.026640
0.015033
0.026623
0.020899
0.017052
0.021310
0.021322
0.025188
0.021444
0.021308
0.013435
0.023508
0.018794
0.025083
0.025249
0.013461
0.023408
0.026832
0.013389
0.023654
0.018838
0.025064
0.025290
0.021378
0.021483
0.021337
0.021480
0.013513
0.023475
0.026721
0.017323
0.017179
0.023604
0.026959
0.013574
0.023451
0.026693
0.013454
0.023490
0.026760
0.013511
0.023462
0.026839
0.013546
0.024934
0.017187
0.023433
0.026722
0.013472
0.023467
