0.013688
0.015241
0.025172
0.029549
0.021194
0.029325
0.021213
0.029072
0.021241
0.029252
0.021146
0.029078
0.021159
0.029185
0.021176
0.029188
0.021196
0.029248
0.021212
0.029229
0.021239
0.029182
0.021202
0.029021
0.021155
0.029223
0.021172
0.029197
0.021246
0.029267
0.021045
0.029117
0.021073
0.029190
0.021137
0.029347
0.020903
0.018835
0.020749
0.026711
0.019183
0.018701
0.024778
0.019312
0.018681
0.024770
0.017280
0.024614
0.019166
0.018894
0.024726
0.017282
0.023065
0.018643
0.024557
0.019060
0.018887
0.024614
0.019082
0.018857
0.024764
0.017188
0.024411
0.017199
0.024501
0.017257
0.024541
0.019178
0.018811
0.024629
0.017300
0.024492
0.017283
0.024620
0.017284
0.022997
0.019168
0.023502
0.017162
0.023304
0.023196
0.017130
0.021419
0.023118
0.024948
0.015528
0.021508
0.021402
0.023072
0.024933
0.015655
0.021400
0.023137
0.023155
0.017142
0.021788
0.022959
0.021366
0.023104
0.018988
0.023447
0.017194
0.023204
0.023237
0.022981
0.017401
0.023452
0.017018
0.023160
0.023326
0.017110
0.021347
0.025147
0.017074
0.023264
0.023290
0.017050
0.023404
0.023203
0.017100
0.023227
0.023066
0.017093
0.023247
0.024860
0.024847
0.024832
0.024925
0.024990
0.025002
0.024893
0.024933
0.024946
0.024963
0.024965
0.025032
0.024945
0.025070
0.025017
0.025085
0.025110
0.025031
0.024966
0.025014
0.025152
0.025063
0.025121
0.025055
0.025204
0.025079
0.025045
0.025010
0.025022
0.025094
0.025051
0.024989
0.025143
0.025106
0.025023
0.025006
0.025002
0.024862
0.024997
0.024970
