0.011209
0.016021
0.025025
0.024876
0.025042
0.024920
0.025063
0.024930
0.024970
0.025044
0.025018
0.025073
0.025037
0.024955
0.025114
0.025067
0.025142
0.025095
0.025070
0.024941
0.025223
0.025095
0.025126
0.025076
0.025126
0.025069
0.025047
0.025060
0.025063
0.025087
0.025115
0.025101
0.025030
0.025114
0.025023
0.025035
0.025044
0.024951
0.024993
0.024959
0.025043
0.020774
0.020714
0.020708
0.020841
0.020701
0.020661
0.020746
0.020734
0.020768
0.020537
0.020734
0.020544
0.020597
0.020655
0.020594
0.020627
0.020659
0.020694
0.020778
0.020733
0.020691
0.020629
0.020616
0.020715
0.020651
0.020737
0.020708
0.020573
0.020647
0.020533
0.020597
0.020730
0.020834
0.020699
0.020813
0.020583
0.020589
0.020795
0.020868
0.020932
0.020894
0.021137
0.021034
0.021060
0.021088
0.021019
0.021019
0.020964
0.020835
0.020967
0.020983
0.020905
0.020955
0.021031
0.021040
0.021015
0.021026
0.021104
0.021084
0.021039
0.020993
0.020911
0.021024
0.021118
0.020901
0.020950
0.021033
0.020976
0.020943
0.021066
0.021027
0.020919
0.020760
0.020975
0.021012
0.020860
0.020942
0.021042
0.020907
0.021030
0.020981
0.020954
0.020854
0.021151
0.021050
0.021003
0.021114
0.020842
0.020993
0.020863
0.020958
0.023072
0.024903
0.024961
0.025112
0.024988
0.024945
0.025108
0.024966
0.025011
0.025019
0.025000
0.024988
0.024913
0.024969
0.025020
0.024973
0.024930
0.024951
0.025050
0.025053
0.025049
0.025099
0.025071
0.024916
0.025037
0.025016
0.024907
0.024834
0.024961
0.025082
0.025010
0.025056
0.025072
0.024993
0.025070
0.025118
0.024907
0.024984
0.024870
0.025030
0.025021
0.024904
0.024991
0.024940
0.024918
0.025057
0.024967
0.025089
0.024985
0.025063
0.025025
0.025054
0.025001
0.025000
0.024980
0.025097
0.024948
0.025087
0.024996
0.024883
0.024968
0.025173
0.024995
0.024951
0.024943
0.024919
0.024883
0.025014
0.025034
0.025063
0.025067
0.024957
0.024902
0.025008
0.025079
0.024967
0.025049
0.025004
0.025045
0.024974
0.024993
0.025109
0.025101
0.024955
0.024936
0.025126
0.025118
0.024948
0.025091
0.025063
0.024991
0.024900
0.024992
0.025038
0.024972
0.025064
0.025128
0.025079
0.025159
0.025000
0.025072
0.024995
0.025091
0.025117
0.024956
0.025061
0.025023
0.025025
0.025136
0.024997
0.025078
0.025020
0.024898
0.025068
0.025080
0.025124
0.025120
0.024966
0.025207
0.024991
0.025026
0.025030
0.025020
0.025071
0.024853
0.024905
0.025160
0.024953
0.024972
0.025123
0.025026
0.024988
0.025031
0.024938
0.024970
0.025003
0.025049
0.024907
0.025068
0.024966
0.024909
0.024996
0.025005
0.024973
0.025110
0.025040
0.025164
0.025119
0.025180
0.025048
0.025102
0.025019
0.024942
0.025099
0.024879
0.024875
0.024965
0.025020
0.024939
0.025001
0.025083
0.025038
0.025022
0.025018
0.024882
0.025040
0.025154
0.024819
0.024938
0.024954
0.025039
0.024896
0.025009
0.025088
0.025080
0.024970
0.025008
0.024894
0.024924
0.025005
0.025013
0.024980
0.025047
0.024798
0.025018
0.024944
0.024937
0.024949
0.025057
0.024847
0.025064
0.024956
0.025134
0.025060
0.025006
0.024970
0.025148
0.024915
0.024946
0.025133
0.025021
0.024877
0.025081
0.024880
0.024953
0.025033
0.025092
0.025038
0.025008
0.025114
0.025104
0.024972
0.024888
0.024889
0.025019
0.024923
0.025039
0.024999
0.025066
0.024976
0.024997
0.024821
0.025071
0.024944
0.024943
0.024962
0.025074
0.024801
0.025031
0.024911
0.024986
0.024974
0.024910
0.024965
0.025035
0.024951
0.025091
0.024956
0.025035
0.025010
0.025013
0.024960
0.024975
0.025002
0.025058
0.024920
0.024989
0.024896
0.025023
0.025161
0.025036
0.024933
0.025008
0.024867
0.025104
0.024991
0.024982
0.025052
0.024979
0.024855
0.024959
0.024857
0.024992
0.024859
0.024968
0.025060
0.025017
0.024854
0.024888
0.025030
0.025007
0.020663
0.020581
0.020740
0.020715
0.020711
0.020685
0.020691
0.020669
0.020661
0.020731
0.020741
0.020696
0.020743
0.020628
0.020600
0.020741
0.020546
0.020782
0.020777
0.020623
0.020639
0.020651
0.020634
0.020771
0.020692
0.020706
0.020739
0.020650
0.020591
0.020716
0.020699
0.020605
0.020578
0.020678
0.020604
0.020798
0.020711
0.020769
0.020693
0.020858
0.020903
0.020965
0.020977
0.020976
0.020896
0.020875
0.020905
0.021044
0.020872
0.016483
0.016520
0.016607
0.016551
0.016634
0.016593
0.016610
0.016513
0.016568
0.016573
0.016594
0.016582
0.016680
0.016458
0.016632
0.016609
0.016625
0.016634
0.016549
0.016561
0.016596
0.016547
0.016649
0.016510
0.016593
0.016683
0.016588
0.016568
0.016652
0.016598
0.016639
0.016551
0.016603
0.016620
0.016598
0.016660
0.016642
0.016588
0.016629
0.016593
0.016623
0.016682
0.016632
0.020557
0.020733
0.020711
0.020671
0.020936
0.021094
0.020906
0.020972
0.020899
0.021073
0.020914
0.020861
0.020810
0.020906
0.020877
0.021031
0.020960
0.021054
0.020970
0.020995
0.020865
0.020993
0.020903
0.020812
0.013209
0.018725
0.018655
0.017029
0.012781
0.012636
0.012724
0.012640
0.012672
0.012622
0.010834
0.014360
0.012698
0.012701
0.012611
0.012729
0.012649
0.012663
0.012660
0.012568
0.016309
0.016361
0.016279
0.016425
0.016281
0.016328
0.016388
0.016425
0.016373
0.016469
0.016281
0.016354
0.016309
0.016428
0.016340
0.016307
0.016392
0.016375
0.016210
0.016454
0.016193
0.016452
0.016389
0.016405
0.016432
0.016249
0.016223
0.016386
0.016259
0.016423
0.016367
0.016726
0.016775
0.016605
0.016595
0.016680
0.016649
0.016851
0.016958
0.016810
0.016889
0.016857
0.016854
0.016805
0.016883
0.016839
0.016931
0.016888
0.016933
0.016932
0.016979
0.016870
0.016965
0.016769
0.016968
0.016931
0.016864
0.016942
0.016798
0.016749
0.016855
0.016975
0.016965
0.016864
0.016776
0.016905
0.016883
0.016840
0.016911
0.016882
0.016967
0.016864
0.016830
0.017039
0.016937
0.016936
0.016732
0.016893
0.016738
0.016962
0.016814
0.017001
0.016810
0.016962
0.020849
0.020914
0.020834
0.020943
0.020844
0.023088
0.024784
0.024990
0.025010
0.025103
0.024952
0.024990
0.024957
0.025086
0.025108
0.024975
0.024898
0.024929
0.024912
0.025119
0.025059
0.025005
0.025049
0.024958
0.025006
0.025034
0.025106
0.025075
0.024947
0.024987
0.024960
0.024944
0.025068
0.025082
0.024942
0.025100
0.024975
0.025128
0.024980
0.025060
0.024982
0.025032
0.025119
0.025017
0.025131
0.025092
0.025049
0.025022
0.025041
0.025071
0.025044
0.025131
0.025046
0.024968
0.025096
0.025033
0.024973
0.025108
0.025045
0.024998
0.025146
0.025044
0.024980
0.025105
0.024973
0.025198
0.024979
0.025031
0.024919
0.024940
0.024898
0.025069
0.025065
0.025096
0.024998
0.025088
0.024842
0.025201
0.025027
0.025105
0.025166
0.025130
0.025107
0.025142
0.024975
0.024914
0.025054
0.025066
0.024945
0.025084
0.024864
0.025020
0.024956
0.025214
0.024965
0.024864
0.025042
0.025163
0.024987
0.025126
0.025008
0.025034
0.025025
0.025099
0.024927
0.025065
0.025030
0.025195
0.024923
0.025105
0.025025
0.025131
0.025177
0.024954
0.025012
0.024993
0.025004
0.024962
0.025055
0.025161
0.025082
0.025040
0.025080
0.025116
0.024939
0.025157
0.024920
0.025018
0.024978
0.024991
0.024954
0.025077
0.024984
0.025183
0.025012
0.024960
0.024940
0.025100
0.025039
0.025162
0.024995
0.024864
0.025126
0.025052
0.025095
0.025099
0.025082
0.025130
0.025010
0.025033
0.025019
0.025091
0.025028
0.025111
0.025063
0.025148
0.025013
0.025033
0.025159
0.024922
0.024971
0.024870
0.024962
0.025108
0.024975
0.025168
0.025109
0.025157
0.025111
0.025062
0.024976
0.024974
0.025111
0.025024
0.025203
0.025080
0.025009
0.025092
0.024962
0.025189
0.024981
0.025131
0.025052
0.025129
0.024985
0.025064
0.025069
0.025073
0.025064
0.025078
0.025174
0.025103
0.025069
0.025076
0.025084
0.025070
0.025017
0.025112
0.024980
0.025055
0.024962
0.025051
0.024961
0.025139
0.025092
0.025041
0.024988
0.025039
0.025074
0.025106
0.025079
0.025106
0.025091
0.025110
0.024989
0.025065
0.025150
0.024944
0.025111
0.024951
0.025149
0.025045
0.025153
0.025038
0.025042
0.025145
0.025060
0.025143
0.025040
0.025075
0.025124
0.025020
0.024990
0.025254
0.025143
0.025165
0.025103
0.025145
0.025093
0.025244
0.024975
0.025015
0.025060
0.025160
0.025123
0.025120
0.024999
0.025113
0.025196
0.025060
0.025073
0.025174
0.025202
0.025273
0.025035
0.025122
0.025064
0.025126
0.025124
0.025203
0.025060
0.025005
0.025035
0.025052
0.025080
0.025099
0.024904
0.025079
0.025053
0.025033
0.025093
0.025106
0.024982
0.025071
0.024925
0.025106
0.024999
0.024961
0.025121
0.025035
0.025177
0.025114
0.024939
0.024990
0.025083
0.025095
0.024951
0.025152
0.025104
0.025120
0.025208
0.025124
0.025083
0.025154
0.024967
0.025093
0.025023
0.025159
0.025056
0.025112
0.025062
0.025285
0.025076
0.025126
0.024984
0.025115
0.025061
0.025089
0.024999
0.025223
0.024969
0.025015
0.025043
0.025040
0.025122
0.025156
0.025144
0.025165
0.025045
0.025136
0.024884
0.025031
0.025001
0.025108
0.025095
0.025026
0.025061
0.025091
0.025092
0.025139
0.025128
0.025097
0.024960
0.024980
0.025189
0.025137
0.025074
0.025108
0.025031
0.024927
0.025056
0.024862
0.025003
0.025057
0.025000
0.025026
0.024951
0.024943
0.024942
0.025010
0.025035
0.024926
0.024810
0.024929
0.024931
0.025010
0.024981
0.024990
0.024978
0.025074
0.024849
0.025120
0.024862
0.025037
0.025036
0.024894
0.025028
0.025079
0.024967
0.025037
0.024977
0.024997
0.025024
0.024847
0.025060
0.024954
0.025006
