0.014584
0.019327
0.021649
0.021414
0.023159
0.015201
0.027027
0.015332
0.027148
0.013792
0.027027
0.023076
0.021709
0.028654
0.021549
0.028976
0.021553
0.028947
0.021543
0.028968
0.021466
0.029032
0.021487
0.029008
0.021604
0.029027
0.021522
0.028917
0.021544
0.028939
0.021573
0.029070
0.021553
0.028996
0.021573
0.029063
0.021542
0.029011
0.021518
0.029088
0.021708
0.029017
0.021703
0.028961
0.021539
0.028955
0.021599
0.028940
0.021605
0.029082
0.021572
0.029026
0.021539
0.029108
0.021654
0.029065
0.021536
0.028988
0.021595
0.029031
0.021498
0.029016
0.021542
0.029094
0.021632
0.028989
0.021579
0.028968
0.021511
0.028980
0.021602
0.029067
0.021646
0.029034
0.021541
0.028921
0.021512
0.028911
0.021572
0.029098
0.021613
0.028975
0.021544
0.028952
0.021557
0.028973
0.021524
0.028941
0.021580
0.028932
0.021520
0.028966
0.021497
0.028970
0.021518
0.028980
0.021631
0.028905
0.021612
0.029004
0.021505
0.028965
0.021628
0.028942
0.021696
0.029029
0.021610
0.029004
0.021513
0.028908
0.021558
0.029005
0.021470
0.018945
0.033154
0.019100
0.033001
0.021604
0.028901
0.021467
0.028906
0.021424
0.028822
0.021494
0.028959
0.021443
0.028832
0.021425
0.028913
0.021587
0.029008
0.021582
0.028944
0.021507
0.028951
0.021438
0.028908
0.021440
0.028944
0.021462
0.029049
0.021541
0.028909
0.021469
0.028881
0.021556
0.028965
0.021583
0.028987
0.021343
0.028937
0.021453
0.028961
0.021490
0.028874
0.021432
0.029003
0.021539
0.029071
0.021476
0.028961
0.021607
0.028949
0.021513
0.029046
0.021424
0.028824
0.021489
0.028977
0.021516
0.028959
0.021526
0.028943
0.021486
0.028935
0.021493
0.025339
0.029326
0.021548
0.028980
0.021725
0.028979
0.021531
0.028934
0.021504
0.025287
0.029267
0.021653
0.028981
0.021547
0.028891
0.021511
0.029079
0.021420
0.028878
0.021545
0.028871
0.021518
0.028966
0.021490
0.028990
0.021463
0.028893
0.021402
0.028863
0.021472
0.028924
0.021541
0.028911
0.021446
0.028974
0.021593
0.028884
0.021494
0.028863
0.021513
0.028887
0.021450
0.029046
0.021518
0.028847
0.021512
0.028921
0.021508
0.028959
0.021462
0.028983
0.021548
0.029007
0.021488
0.029005
0.021450
0.028998
0.021435
0.029046
0.021514
0.028921
0.021466
0.029002
0.021472
0.029121
0.021560
0.028866
0.021428
0.028892
0.021558
0.028917
0.021438
0.028977
0.021371
0.028893
0.021382
0.029041
0.021498
0.028902
0.021449
0.028949
0.021574
0.029127
0.021507
0.028955
0.021465
0.028922
0.021505
0.028947
0.021478
0.028958
0.021612
0.018959
0.033074
0.019145
0.032859
0.021541
0.028835
0.021503
0.028945
0.021750
0.029079
0.021586
0.029029
0.021415
0.028852
0.021486
0.028952
0.021574
0.028971
0.021523
0.028929
0.021463
0.029033
0.021515
0.028870
0.021499
0.029042
0.021553
0.028937
0.021576
0.028950
0.021488
0.028955
0.021471
0.029010
0.021449
0.028963
0.021612
0.028960
0.021518
0.029038
0.021445
0.028896
0.021429
0.028829
0.021461
0.028937
0.021533
0.028890
0.021553
0.028999
0.021448
0.028921
0.021535
0.028975
0.021527
0.029073
0.021535
0.028910
0.021540
0.028865
0.021567
0.029024
0.021447
0.028870
0.021489
0.028967
0.021611
0.028873
0.021542
0.028870
0.021466
0.029062
0.021521
0.029031
0.021562
0.028917
0.021585
0.028923
0.021540
0.028874
0.021606
0.029023
0.021457
0.028852
0.021580
0.028969
0.021442
0.028903
0.021399
0.028844
0.021448
0.028892
0.021648
0.029008
0.021503
0.029010
0.021539
0.018709
0.020660
0.020946
0.019213
0.028795
0.015073
0.026807
0.015241
0.018868
0.027029
0.014932
0.027073
0.016786
0.026722
0.013400
0.022911
0.026760
0.013639
0.026518
0.015125
0.026775
0.014904
0.026987
0.020805
0.015410
0.026964
0.015120
0.026786
0.015141
0.026823
0.015211
0.026912
0.015109
0.026937
0.015182
0.026704
0.015164
0.026803
0.014994
0.027062
0.015404
0.025501
0.016839
0.027281
0.023008
0.013470
0.025660
0.016883
0.027363
0.023232
0.021304
0.021325
0.019373
0.023181
0.021449
0.013494
0.027302
0.023190
0.021459
0.021413
0.019414
0.016776
0.027099
0.021405
0.013763
0.027093
0.022999
0.015197
0.026996
0.013643
0.027205
0.023135
0.015193
0.027085
0.015307
0.027060
0.021408
0.015387
0.026963
0.015304
0.027103
0.015293
0.026954
0.015305
0.026957
0.015344
0.026951
0.015258
0.027097
0.023171
0.027276
0.021615
0.028961
0.021564
0.029042
0.021713
0.028946
0.021481
0.028911
0.021574
0.028882
0.021387
0.028915
0.021495
0.028885
0.021583
0.029143
0.021539
0.028984
0.021472
0.028960
0.021520
0.029100
0.021682
0.029090
0.021687
0.029128
0.021643
0.027608
0.019207
0.032941
0.021585
0.029026
0.021547
0.028974
0.021591
0.028967
0.021670
0.029039
0.019129
0.014982
0.026994
0.014807
0.027098
0.014924
0.026873
0.014871
0.028794
0.019139
0.014935
0.028797
0.017358
0.024570
0.017243
0.024616
0.017306
0.024562
0.019261
0.022820
0.017218
0.024559
0.019258
0.014918
0.027160
0.022889
0.019260
0.014856
0.026870
0.014908
0.028653
0.017313
0.024690
0.017231
0.024543
0.017185
0.024702
0.017193
0.024619
0.013428
0.025483
0.021142
0.021482
0.021455
0.021419
0.021657
0.021187
0.021543
0.021511
0.021487
0.021532
0.021396
0.021390
0.021484
0.021459
0.021529
0.021486
0.021409
0.021470
0.021555
0.021465
0.021426
0.021384
0.021446
0.021438
0.021389
0.021458
0.021626
0.021793
0.017053
0.027148
0.021443
0.022939
0.017479
0.021329
0.021704
0.021435
0.021606
0.023228
0.023055
0.016022
0.026940
0.017490
0.021469
0.021382
0.021441
0.017291
0.024663
0.025049
0.025040
0.024932
0.025012
0.024952
0.024978
0.025005
0.024931
0.024852
0.024836
0.024864
0.024916
0.024914
0.024958
0.024920
0.025055
0.025053
0.025032
0.025072
0.024965
0.025122
0.024914
0.024997
0.024922
0.025053
0.025142
0.024967
0.024916
0.025027
0.024966
0.024958
0.024943
0.024874
0.025081
0.025071
0.024889
0.025004
0.024994
0.025100
0.024962
0.025002
0.025036
0.025097
0.025038
0.024974
0.024971
0.025115
0.025015
0.024888
0.025018
0.025053
0.024913
0.024891
0.024978
0.025017
0.024936
0.025175
0.024992
0.025034
0.024979
0.024960
0.024953
0.024990
0.025065
0.025109
0.025046
0.025072
0.024897
0.025124
0.025004
0.025088
0.024891
0.024887
0.024978
0.024929
0.024854
0.025000
0.025005
0.025037
0.024974
0.025037
0.024957
0.024997
0.024951
0.024987
0.024984
0.025023
0.025000
0.025106
0.024957
0.024954
0.025075
0.025022
0.024964
0.025033
0.024947
0.025009
0.024956
0.025030
0.024932
0.025000
0.024864
0.024967
0.025063
0.025019
0.025033
0.024959
0.024935
0.025028
0.024977
0.024981
0.024825
0.025039
0.024948
0.024924
0.024969
0.025068
0.024891
0.024931
0.024984
0.025023
0.025039
0.025070
0.024799
0.024865
0.024888
0.025076
0.025015
0.024961
0.024895
0.024990
0.024857
0.024904
0.024986
0.025030
0.025037
0.025119
0.025065
0.025101
0.024974
0.024946
0.024758
0.025059
0.024927
0.024980
0.024990
0.025077
0.025027
0.025059
0.025165
0.025072
0.025146
0.025062
0.025061
0.025006
0.024869
0.025021
0.024976
0.025089
0.024927
0.024930
0.025079
0.024995
0.024958
0.025012
0.025008
0.025034
0.025073
0.025112
0.024921
0.024948
0.024885
0.024926
0.024842
0.024953
0.025079
0.025182
0.024952
0.025095
0.024936
0.025061
0.025053
0.025035
0.025017
0.025095
0.025043
0.024953
0.024959
0.025019
0.024999
0.025080
0.024987
0.025170
0.024884
0.024943
0.025010
0.025011
0.025067
0.025116
0.025095
0.025173
0.025032
0.025039
0.024991
0.024994
0.024994
0.025080
0.025046
0.025011
0.024903
0.025041
0.024887
0.025025
0.024974
0.025094
0.025172
0.025062
0.024974
0.025010
0.025018
0.024945
0.024811
0.025007
0.025012
0.024899
0.024905
0.024950
0.024857
0.025011
0.025098
0.025111
0.024915
0.025038
0.025015
0.024893
0.025005
0.024998
0.024880
0.024976
0.024953
0.025028
0.025001
0.025056
0.025005
0.025015
0.025018
0.025180
0.025020
0.022795
0.020531
0.020665
0.020590
0.020838
0.020670
0.020641
0.020637
0.020816
0.020643
0.020729
0.020692
0.020854
0.020720
0.020564
0.020604
0.020685
0.020614
0.020753
0.020601
0.020681
0.020679
0.020774
0.020573
0.018543
0.010914
0.018673
0.020524
0.011191
0.018251
0.020784
0.011175
0.018408
0.020646
0.012747
0.020660
0.012688
0.020531
0.011199
0.018348
0.020572
0.011182
0.018403
0.020664
0.011233
0.018559
0.020969
0.011372
0.018758
0.014881
0.019045
0.014885
0.019157
0.020957
0.013217
0.014691
0.018991
0.020855
0.011212
0.018810
0.020929
0.013025
0.021025
0.011215
0.018755
0.021030
0.013250
0.014716
0.016998
0.019289
0.020913
0.013220
0.015152
0.017344
0.017214
0.017608
0.017014
0.017353
0.017334
0.017139
0.017528
0.017335
0.017668
0.017090
0.017371
0.017275
0.017234
0.017334
0.017479
0.019286
0.023351
0.023130
0.013623
0.023104
0.026978
0.013576
0.027086
0.016769
0.027055
0.015220
0.026981
0.013676
0.027245
0.016898
0.027133
0.013538
0.023204
0.027159
0.013803
0.027123
0.021117
0.021644
0.023076
0.021459
0.013508
0.027241
0.023072
0.013669
0.027053
0.023059
0.015337
0.022986
0.033028
0.019311
0.021326
0.033423
0.017241
0.033143
0.017370
0.033073
0.017471
0.033289
0.017317
0.033046
0.017269
0.033134
0.017296
0.033111
0.017364
0.033168
0.017295
0.032980
0.017367
0.033216
0.017358
0.033249
0.017299
0.033214
0.017393
0.033041
0.017247
0.033015
0.017270
0.033146
0.017293
0.033099
0.017416
0.032829
0.017345
0.033090
0.017438
0.033029
0.017425
0.032952
0.017295
0.033203
0.017312
0.033299
0.017307
0.033234
