0.012306
0.019448
0.021476
0.021520
0.023196
0.023140
0.017515
0.023257
0.023266
0.019379
0.023083
0.019382
0.023070
0.019449
0.023085
0.017470
0.021387
0.021428
0.021413
0.021424
0.023252
0.023221
0.017464
0.023272
0.023010
0.017496
0.023370
0.023052
0.017535
0.023184
0.021528
0.023137
0.017528
0.023292
0.023125
0.017596
0.023279
0.023146
0.017387
0.023232
0.023185
0.017475
0.023325
0.015145
0.027174
0.021258
0.029272
0.021059
0.029335
0.021182
0.029115
0.021234
0.030857
0.021314
0.030710
0.021477
0.021199
0.029249
0.021186
0.029122
0.021199
0.029274
0.021177
0.029260
0.021264
0.029235
0.021175
0.029284
0.021254
0.029160
0.021214
0.029230
0.021284
0.029293
0.021235
0.029244
0.021173
0.029278
0.021205
0.029268
0.021228
0.029280
0.021155
0.029541
0.021032
0.029323
0.021219
0.029251
0.021280
0.029204
0.021141
0.029249
0.021204
0.029154
0.021021
0.029326
0.021224
0.029143
0.021178
0.029189
0.021194
0.029144
0.021297
0.029410
0.021019
0.029251
0.021134
0.029197
0.021222
0.029351
0.021185
0.029381
0.021154
0.029199
0.021147
0.029299
0.021066
0.029117
0.021147
0.029357
0.021264
0.029308
0.021249
0.029112
0.021181
0.029085
0.021266
0.029286
0.021265
0.029270
0.021415
0.029316
0.021323
0.029321
0.021262
0.029219
0.021227
0.029173
0.021318
0.025154
0.024661
0.017185
0.024673
0.020812
0.019081
0.019093
0.024676
0.017417
0.024613
0.017329
0.024690
0.013204
0.018586
0.018553
0.012970
0.018758
0.018415
0.013044
0.020370
0.012910
0.018785
0.018417
0.013082
0.018704
0.018467
0.014899
0.018487
0.013047
0.018763
0.018379
0.012956
0.018692
0.018474
0.013005
0.016953
0.018610
0.016862
0.016759
0.016870
0.016840
0.018412
0.013030
0.018749
0.018425
0.014962
0.018925
0.013550
0.020291
0.015265
0.018712
0.015102
0.018900
0.013545
0.020296
0.013437
0.020317
0.013246
0.019021
0.018706
0.017273
0.017192
0.017181
0.017204
0.017118
0.017188
0.017162
0.017299
0.017262
0.017279
0.017361
0.017232
0.017349
0.017339
0.017246
0.017320
0.017331
0.017187
0.017319
0.017323
0.017347
0.017174
0.017254
0.017281
0.017287
0.017329
0.017200
0.017358
0.017272
0.017271
0.017379
0.013397
0.017210
0.024978
0.015764
0.023177
0.024959
0.017404
0.023405
0.025196
0.019004
0.017514
0.023408
0.017041
0.023282
0.023290
0.022883
0.015546
0.030587
0.019802
0.030395
0.021260
0.021136
0.029117
0.021216
0.029288
0.021178
0.029151
0.021244
0.029087
0.021214
0.029115
0.021142
0.029190
0.021329
0.029361
0.021229
0.024637
0.019188
0.018841
0.024771
0.019144
0.018990
0.024670
0.019226
0.018862
0.024745
0.019054
0.018803
0.024740
0.017168
0.024712
0.019164
0.016983
0.024857
0.017029
0.024873
0.016813
0.024959
0.018886
0.023069
0.017180
0.024846
0.016908
0.024827
0.018758
0.024595
0.017202
0.024615
0.017220
0.024570
0.019031
0.017107
0.025066
0.017025
0.025006
0.025203
0.017326
0.025224
0.017327
0.017237
0.023391
0.021381
0.021496
0.021282
0.021466
0.021347
0.021423
0.021083
0.021376
0.021293
0.021752
0.021368
0.021471
0.021314
0.021681
0.021457
0.021192
0.021412
0.021777
0.023384
0.017076
0.023272
0.021702
0.021149
0.021308
0.021435
0.021453
0.023298
0.017104
0.023393
0.024834
0.017347
0.024849
0.017349
0.024989
0.017518
0.024731
0.017324
0.024812
0.017429
0.024915
0.017388
0.023373
0.017175
0.033308
0.019071
0.033088
0.021336
0.029141
0.021250
0.029133
0.021296
0.029130
0.021224
0.029112
0.021242
0.029063
0.021305
0.029103
0.021205
0.029233
0.021162
0.029240
0.021196
0.029176
0.021220
0.029187
0.021316
0.029112
0.021181
0.029064
0.021227
0.029234
0.021282
0.029043
0.021323
0.029208
0.021286
0.029255
0.021178
0.029125
0.021218
0.029123
0.021261
0.029042
0.021186
0.029103
0.021282
0.029233
0.021411
0.028989
0.021238
0.029137
0.021148
0.029075
0.021145
0.029042
0.021206
0.029138
0.021223
0.029120
0.021181
0.029118
0.021087
0.029229
0.021333
0.029216
0.021323
0.029135
0.021308
0.029074
0.021226
0.029121
0.021208
0.029089
0.021188
0.029224
0.021345
0.029199
0.021201
0.029105
0.021253
0.029213
0.021350
0.029129
0.021233
0.029088
0.021276
0.029182
0.021449
0.029193
0.021388
0.029280
0.021182
0.029143
0.021314
0.029138
0.021199
0.029166
0.021353
0.027466
0.019091
0.033208
0.021347
0.029232
0.021305
0.029232
0.021273
0.029117
0.021428
0.029175
0.021283
0.029145
0.021204
0.029109
0.021327
0.029148
0.021255
0.029063
0.021291
0.029084
0.021350
0.029163
0.021247
0.029158
0.021243
0.029262
0.021275
0.029068
0.021178
0.029163
0.021350
0.029036
0.021339
0.029150
0.021315
0.029113
0.021317
0.029253
0.021341
0.027409
0.029036
0.021431
0.019026
0.033178
0.021236
0.029204
0.021296
0.029189
0.021370
0.029200
0.021252
0.029216
0.021194
0.029171
0.021141
0.029202
0.021203
0.029138
0.021380
0.029141
0.021198
0.029132
0.021250
0.029216
0.021254
0.029120
0.021286
0.029165
0.021288
0.029163
0.021160
0.029172
0.021411
0.029230
0.021276
0.029096
0.021361
0.029243
0.021186
0.029015
0.021222
0.029178
0.021273
0.029137
0.021260
0.029157
0.021298
0.029145
0.021188
0.028996
0.021211
0.029088
0.021278
0.029114
0.021246
0.029050
0.021190
0.029116
0.021176
0.029145
0.021467
0.029111
0.021347
0.029260
0.021358
0.029188
0.021331
0.029168
0.021409
0.029284
0.021412
0.029335
0.021320
0.029162
0.021414
0.029304
0.021275
0.029261
0.021353
0.029175
0.021396
0.029254
0.021391
0.029261
0.021310
0.029157
0.021238
0.029104
0.021238
0.029030
0.021209
0.029290
0.021522
0.029270
0.021312
0.029181
0.021357
0.029250
0.021211
0.029353
0.021328
0.029244
0.021185
0.029193
0.021313
0.029056
0.021339
0.029303
0.021389
0.029180
0.021322
0.029161
0.021374
0.029253
0.021319
0.029281
0.021326
0.029223
0.021334
0.029196
0.021450
0.029112
0.021334
0.029143
0.021348
0.029252
0.021209
0.029245
0.021343
0.029199
0.021345
0.029124
0.021432
0.029045
0.021220
0.029081
0.021353
0.024959
0.015007
0.028614
0.019229
0.014991
0.028665
0.019173
0.014821
0.028706
0.019260
0.014910
0.028824
0.019159
0.022863
0.017321
0.017082
0.028537
0.019005
0.022867
0.019140
0.022958
0.019105
0.022756
0.017227
0.023143
0.022595
0.017196
0.024535
0.019143
0.022763
0.019158
0.022789
0.019272
0.022749
0.017220
0.020665
0.024848
0.019194
0.014840
0.025435
0.023170
0.015017
0.027192
0.015171
0.027198
0.015116
0.027338
0.015213
0.027206
0.015159
0.027278
0.015146
0.027162
0.023056
0.013415
0.025519
0.022964
0.015088
0.027313
0.015191
0.027306
0.015166
0.027246
0.023093
0.013503
0.027214
0.023108
0.013464
0.027174
0.021621
0.022957
0.017437
0.023223
0.023002
0.017519
0.020961
0.023599
0.023165
0.017538
0.023219
0.023058
0.017457
0.023282
0.023038
0.017640
0.023205
0.023158
0.021405
0.025069
0.024983
0.025045
0.025139
0.025036
0.025050
0.025166
0.025038
0.025097
0.025127
0.025123
0.025105
0.025070
0.025011
0.025151
0.025022
0.025090
0.025112
0.025042
0.025108
0.025221
0.025031
0.025167
0.025019
0.025159
0.025054
0.025045
0.025028
0.025147
0.025162
0.025004
0.025109
0.025080
0.025122
0.025204
0.024989
0.025083
0.025223
0.025165
0.025086
0.025133
0.025078
0.025157
0.025138
0.025191
0.025072
0.025164
0.025034
0.025130
0.025169
0.025088
0.025145
0.025144
0.025097
0.025162
0.025112
0.025131
0.025110
0.025078
0.025181
0.025084
0.025123
0.025195
0.025109
0.025147
0.025064
0.025067
0.025124
0.025207
0.025153
0.025108
0.025157
0.025141
0.025028
0.025110
0.025128
0.025313
0.025167
0.025056
0.025018
0.025191
0.025049
0.025160
0.025095
0.025151
0.025181
0.025100
0.025156
0.025007
0.025122
0.025130
0.025266
0.025061
0.025169
0.025004
0.025200
0.025017
0.025112
0.025180
0.025064
0.025062
0.025158
0.025061
0.025056
0.025054
0.025012
0.025139
0.025127
0.025114
0.025019
0.025087
0.022955
0.021254
0.020808
0.020978
0.021072
0.020861
0.021015
0.021118
0.020740
0.020878
0.021191
0.020658
0.020941
0.021237
0.020944
0.021157
0.020946
0.021078
0.020783
0.021227
0.020836
0.020985
0.020764
0.020808
0.020823
0.021046
0.020969
0.020909
0.021045
0.020738
0.020898
0.021028
0.020751
0.021049
0.020968
0.021246
0.020727
0.021050
0.020782
0.021238
0.021492
0.021319
0.021057
0.021381
0.021391
0.021467
0.021484
0.021526
0.021491
0.021462
0.021509
0.021301
0.021556
0.021422
0.021451
0.021528
0.021408
0.021477
0.021218
0.021501
0.021394
0.021545
0.021444
0.021536
0.021333
0.021505
0.020993
0.021317
0.021503
0.021104
0.021386
0.021285
0.021004
0.021419
0.021435
0.020983
0.021439
0.021492
0.017009
0.017297
0.016968
0.016963
0.017141
0.017036
0.017056
0.016912
0.017055
0.020569
0.020739
0.020820
0.020707
0.020579
0.020808
0.020689
0.020663
0.020742
0.020640
0.020715
0.020783
0.020767
0.020746
0.020792
0.020745
0.020700
0.020679
0.020824
0.020604
0.020834
0.020730
0.020674
0.020805
0.020751
0.020697
0.020743
0.020772
0.020766
0.020697
0.020777
0.020809
0.020954
0.020955
0.021143
0.021105
0.021074
0.021096
0.020802
0.021034
0.020810
0.021088
0.020954
0.020926
0.021003
0.021051
0.021096
0.021173
0.021157
0.020999
0.021185
0.021011
0.020945
0.020963
0.021087
0.021026
0.020840
0.021084
0.021046
0.021040
0.021014
0.021029
0.021042
0.021033
0.021076
0.021022
0.020911
0.021035
0.021158
0.021171
0.021136
0.020989
0.020982
0.021054
0.021017
0.021120
0.021036
0.021027
0.020778
0.021027
0.021034
0.021048
0.021026
0.021033
0.021017
0.024962
