0.005939
0.022405
0.024763
0.024970
0.025019
0.025092
0.024949
0.024840
0.025011
0.024940
0.024999
0.024812
0.025035
0.025152
0.025006
0.024950
0.024938
0.024895
0.025038
0.025036
0.024990
0.024930
0.024855
0.025101
0.025028
0.024879
0.025120
0.024821
0.025066
0.024983
0.025022
0.024979
0.025098
0.024968
0.025120
0.025159
0.025018
0.024948
0.024984
0.025182
0.025182
0.024900
0.025113
0.024918
0.025071
0.024825
0.024996
0.025109
0.024962
0.024950
0.024966
0.024862
0.025023
0.024919
0.025131
0.024939
0.024971
0.025031
0.024924
0.025086
0.025082
0.025087
0.025043
0.024996
0.024980
0.024955
0.025168
0.025162
0.025005
0.024871
0.024863
0.024855
0.025078
0.025005
0.025027
0.025055
0.024860
0.025012
0.025143
0.025041
0.025095
0.024990
0.025050
0.024973
0.025005
0.025178
0.024969
0.025033
0.024876
0.025049
0.025065
0.024844
0.025053
0.024843
0.024932
0.025018
0.025071
0.024953
0.025057
0.024925
0.025044
0.024999
0.025035
0.024898
0.024911
0.025071
0.024873
0.024960
0.024881
0.024973
0.024947
0.025088
0.025046
0.025096
0.025079
0.024909
0.024941
0.024898
0.025047
0.025164
0.024952
0.024986
0.025032
0.024950
0.025032
0.025095
0.025110
0.025047
0.025026
0.024974
0.024856
0.025121
0.025095
0.024961
0.025109
0.025016
0.025170
0.024898
0.025044
0.025051
0.025007
0.024939
0.025115
0.024920
0.025030
0.024984
0.024945
0.024959
0.025046
0.024916
0.025016
0.024847
0.024907
0.025031
0.025183
0.024978
0.024937
0.025085
0.024977
0.025203
0.025125
0.025009
0.025009
0.024841
0.025052
0.024949
0.025100
0.024917
0.025029
0.024981
0.024999
0.025122
0.025056
0.025066
0.025092
0.025101
0.024946
0.024961
0.025115
0.024990
0.025225
0.024953
0.025014
0.025036
0.025170
0.025081
0.025044
0.025038
0.024993
0.025078
0.024845
0.024851
0.025002
0.024899
0.025184
0.025025
0.025055
0.024886
0.024996
0.024821
0.025027
0.025057
0.025121
0.025072
0.025038
0.025018
0.024882
0.024891
0.025101
0.025121
0.024907
0.025028
0.024987
0.025023
0.024934
0.024994
0.025088
0.024956
0.025081
0.024950
0.025061
0.024948
0.024946
0.025006
0.024963
0.025125
0.024972
0.025117
0.025068
0.024910
0.025121
0.025008
0.025033
0.024969
0.025129
0.025111
0.025040
0.024829
0.024940
0.024996
0.025003
0.024995
0.025145
0.024899
0.025060
0.025012
0.025147
0.024954
0.025080
0.025001
0.024881
0.024894
0.025102
0.024806
0.024871
0.025085
0.025086
0.024967
0.024999
0.024940
0.024887
0.024867
0.025028
0.024938
0.025042
0.025021
0.024956
0.024829
0.025042
0.024914
0.025021
0.024949
0.025029
0.025091
0.024971
0.025077
0.025004
0.025033
0.025029
0.024925
0.025039
0.024913
0.024960
0.024945
0.024997
0.024922
0.024968
0.024930
0.024976
0.024975
0.024951
0.025018
0.025002
0.024817
0.025077
0.025012
0.024797
0.025016
0.024948
0.025052
0.024823
0.024745
0.024853
0.024845
0.025014
0.024780
0.025109
0.024973
0.025038
0.024954
0.024896
0.024958
0.025017
0.024911
0.025019
0.024871
0.024864
0.024996
0.024973
0.025045
0.025064
0.024894
0.025040
0.024823
0.024944
0.024935
0.025120
0.025126
0.025056
0.024927
0.024972
0.024710
0.020778
0.020459
0.020583
0.020485
0.020615
0.020423
0.020633
0.020671
0.020563
0.020602
0.020596
0.020452
0.020646
0.020567
0.020637
0.020442
0.020515
0.020510
0.020487
0.020462
0.020707
0.020509
0.020508
0.020452
0.020652
0.020539
0.020536
0.020466
0.020618
0.020545
0.020579
0.020610
0.020410
0.020510
0.020614
0.020526
0.020475
0.020595
0.020612
0.020687
0.021083
0.020758
0.021019
0.020803
0.020848
0.020883
0.020921
0.020698
0.020885
0.021032
0.021074
0.021028
0.020972
0.020816
0.020945
0.020834
0.021004
0.020906
0.021030
0.021027
0.020934
0.020802
0.020920
0.020948
0.020928
0.020858
0.020996
0.020873
0.020973
0.020778
0.020823
0.020840
0.021130
0.020785
0.020840
0.020804
0.021005
0.020941
0.020910
0.020987
0.020894
0.020867
0.020745
0.020701
0.020810
0.020927
0.020964
0.020951
0.021035
0.020810
0.020972
0.020848
0.024991
0.025047
0.024955
0.025054
0.025019
0.024922
0.025161
0.024922
0.024976
0.024913
0.024970
0.024941
0.025009
0.024937
0.024988
0.024982
0.024969
0.024840
0.025051
0.024935
0.024935
0.024873
0.024888
0.024962
0.025071
0.025081
0.024890
0.025008
0.025002
0.025017
0.025022
0.024948
0.024982
0.024816
0.024892
0.024868
0.025018
0.024872
0.025019
0.025141
0.025007
0.024949
0.024963
0.024850
0.025047
0.024894
0.024812
0.024935
0.025062
0.025036
0.024943
0.024983
0.025067
0.024923
0.024977
0.024848
0.024932
0.024914
0.024902
0.024758
0.025145
0.024982
0.025174
0.024884
0.024831
0.024860
0.024961
0.024928
0.024893
0.024955
0.024737
0.024940
0.025010
0.025034
0.025059
0.024988
0.024998
0.025115
0.024975
0.025016
0.024879
0.025049
0.025002
0.025055
0.025068
0.024982
0.024943
0.024843
0.024985
0.024952
0.025180
0.024909
0.024917
0.024888
0.024977
0.024898
0.024881
0.024851
0.024937
0.024817
0.025049
0.024848
0.025038
0.024939
0.025066
0.024784
0.024987
0.024849
0.025032
0.024956
0.024983
0.024871
0.024973
0.024838
0.025017
0.025025
0.025041
0.024931
0.025117
0.025081
0.024976
0.024999
0.024832
0.024852
0.024674
0.025028
0.024937
0.024896
0.025056
0.025016
0.025064
0.024869
0.024916
0.024842
0.024953
0.024931
0.024814
0.025068
0.024947
0.024910
0.024852
0.024909
0.024885
0.024886
0.025127
0.024984
0.024918
0.024746
0.024916
0.024967
0.024977
0.024876
0.024995
0.024967
0.025011
0.024814
0.024983
0.024962
0.024987
0.024878
0.024948
0.025003
0.025078
0.025032
0.024982
0.024941
0.024938
0.024894
0.025057
0.024853
0.024864
0.025011
0.024987
0.025109
0.024822
0.024871
0.025018
0.024892
0.024928
0.024997
0.024991
0.025010
0.025059
0.024995
0.025058
0.025023
0.024904
0.024929
0.025082
0.024752
0.024958
0.024925
0.025217
0.025027
0.024953
0.024999
0.025058
0.025159
0.024982
0.024920
0.024967
0.025002
0.024981
0.024943
0.024891
0.024841
0.024889
0.024891
0.025019
0.024836
0.025131
0.024915
0.025080
0.024949
0.024985
0.024949
0.024979
0.024889
0.024909
0.024832
0.025027
0.024996
0.024956
0.025097
0.025034
0.024989
0.024902
0.020523
0.020672
0.020603
0.020540
0.020646
0.020643
0.020692
0.020626
0.020577
0.020796
0.020528
0.020539
0.020741
0.020820
0.020534
0.020709
0.020607
0.020660
0.020759
0.020422
0.020444
0.020639
0.020759
0.020622
0.020517
0.020657
0.020539
0.020616
0.020710
0.020630
0.020591
0.020683
0.016690
0.016613
0.016693
0.016471
0.016603
0.016615
0.016598
0.016557
0.016850
0.016883
0.016882
0.016929
0.016835
0.016676
0.016872
0.016634
0.017061
0.016857
0.016943
0.016821
0.016874
0.017027
0.016978
0.016925
0.016780
0.017057
0.017045
0.016898
0.016972
0.016735
0.016927
0.017013
0.016940
0.016727
0.016932
0.016676
0.017016
0.016979
0.017106
0.016748
0.016886
0.016756
0.016974
0.016618
0.016941
0.016743
0.017000
0.016788
0.017140
0.016988
0.017421
0.017027
0.017267
0.020930
0.021333
0.021355
0.021256
0.021336
0.020927
0.021374
0.021312
0.020939
0.021387
0.020971
0.021348
0.020975
0.021315
0.020880
0.021209
0.021335
0.021346
0.021229
0.021327
0.021402
0.020937
0.021250
0.021278
0.020930
0.021315
0.021361
0.020920
0.021312
0.021390
0.021372
0.020924
0.021356
0.021326
0.021058
0.021346
0.021373
0.020774
0.021353
0.021385
0.020850
0.021406
0.021316
0.022951
0.024900
0.017470
0.032702
0.017604
0.032762
0.017351
0.032859
0.019146
0.021127
0.030792
0.021230
0.032855
0.017445
0.032711
0.017359
0.032835
0.017431
0.032737
0.017434
0.032839
0.017469
0.032779
0.017447
0.032846
0.017401
0.032792
0.017474
0.032954
0.017437
0.032902
0.017444
0.032784
0.017524
0.032769
0.017497
0.032866
0.017496
0.032886
0.017756
0.032646
0.017530
0.032851
0.017427
0.032838
0.017439
0.032818
0.017460
0.032768
0.017438
0.032651
0.017505
0.032801
0.017402
0.032803
0.017429
0.032776
0.017456
0.032970
0.017586
0.032604
0.017459
0.032792
0.017455
0.032880
0.017521
0.032734
0.017646
0.032808
0.017400
0.032731
0.017569
0.032610
0.017399
0.032776
0.017576
0.032879
0.017501
0.032834
0.017356
0.032673
0.017434
0.032867
0.017468
0.032815
0.017493
0.033137
0.017498
0.033055
0.017463
0.032881
0.017426
0.032836
0.017366
0.032940
0.013361
0.024721
0.016914
0.024834
0.020526
0.018986
0.018975
0.024875
0.017043
0.024845
0.017035
0.024808
0.020648
0.010978
0.018624
0.020502
0.011111
0.018319
0.020669
0.012628
0.020506
0.011144
0.018364
0.020641
0.011027
0.018390
0.014647
0.018663
0.020586
0.011167
0.018323
0.020542
0.010939
0.018545
0.020584
0.016781
0.010864
0.017003
0.016779
0.016784
0.016768
0.018380
0.020541
0.011133
0.018398
0.014716
0.019027
0.020927
0.012860
0.015032
0.018795
0.014878
0.018963
0.020951
0.012803
0.020795
0.012889
0.020720
0.011367
0.018649
0.017112
0.017075
0.017160
0.017136
0.017174
0.017032
0.017066
0.017250
0.017193
0.017270
0.017475
0.017161
0.017208
0.017213
0.017231
0.017267
0.017261
0.016934
0.017490
0.017212
0.017289
0.016974
0.017362
0.017184
0.017292
0.017294
0.017125
0.017335
0.017244
0.017243
0.017272
0.021017
0.017366
0.017027
0.025155
0.013467
0.025022
0.017176
0.023555
0.025203
0.018721
0.017406
0.023592
0.026641
0.013428
0.023432
0.022858
0.024921
0.021032
0.019552
0.030554
0.021060
0.032814
0.017384
0.032914
0.017471
0.032801
0.017374
0.032799
0.017374
0.032829
0.017399
0.032795
0.017428
0.033046
0.017497
