0.001744
0.018783
0.016851
0.018902
0.016794
0.018837
0.018358
0.012650
0.012490
0.012499
0.012613
0.012454
0.012508
0.012521
0.012496
0.012506
0.012486
0.012431
0.012473
0.012399
0.012440
0.012460
0.012421
0.012481
0.012383
0.012461
0.012430
0.012511
0.012477
0.012438
0.012514
0.012507
0.012491
0.012482
0.012472
0.012471
0.012499
0.012502
0.012448
0.012462
0.012474
0.012436
0.012424
0.012511
0.012490
0.012476
0.012477
0.012521
0.012519
0.012536
0.012435
0.012517
0.012543
0.012542
0.012508
0.012508
0.012593
0.010813
0.012808
0.012805
0.012943
0.012789
0.013027
0.012821
0.012844
0.012971
0.012854
0.012903
0.013100
0.013019
0.013148
0.013569
0.013448
0.013311
0.015132
0.011331
0.013321
0.015134
0.011417
0.013354
0.013047
0.013484
0.013299
0.013329
0.013343
0.013316
0.013331
0.013207
0.013162
0.013345
0.013278
0.015112
0.013236
0.013244
0.013210
0.013357
0.013303
0.013344
0.013409
0.013380
0.013383
0.013279
0.016849
0.017075
0.016976
0.016921
0.017057
0.016946
0.016989
0.017025
0.016994
0.017003
0.016907
0.017089
0.016934
0.016989
0.019130
0.021034
0.020930
0.021129
0.020909
0.020974
0.024894
0.025036
0.025128
0.025043
0.024972
0.024919
0.025165
0.025151
0.025125
0.025034
0.024929
0.025111
0.025007
0.025060
0.025019
0.025046
0.025114
0.025189
0.024988
0.025025
0.024924
0.025083
0.024989
0.025101
0.025036
0.025097
0.025117
0.025208
0.024990
0.024965
0.024970
0.025220
0.025189
0.025238
0.024851
0.025057
0.025022
0.025022
0.025155
0.025133
0.025155
0.025214
0.025143
0.025050
0.024953
0.025250
0.024885
0.025245
0.025158
0.025140
0.024960
0.025134
0.024896
0.025061
0.025178
0.025147
0.025061
0.025130
0.025069
0.025007
0.025147
0.025172
0.025034
0.025203
0.025104
0.025093
0.025210
0.025106
0.025051
0.025145
0.025109
0.025025
0.024910
0.025103
0.024943
0.025044
0.024990
0.025076
0.025134
0.025122
0.025064
0.025082
0.025009
0.025113
0.025001
0.025135
0.025026
0.025101
0.025115
0.025133
0.024997
0.025056
0.025217
0.025048
0.025218
0.025233
0.025006
0.025074
0.024940
0.025099
0.024991
0.025113
0.025064
0.025142
0.025054
0.025213
0.025202
0.024988
0.025112
0.024909
0.024954
0.025055
0.025091
0.025006
0.025070
0.025089
0.025094
0.025016
0.025027
0.025011
0.025118
0.025195
0.025017
0.025069
0.024983
0.025097
0.025038
0.025160
0.025017
0.025163
0.025084
0.025077
0.025130
0.025167
0.025051
0.025193
0.025156
0.025165
0.025147
0.025131
0.024997
0.025189
0.025154
0.025100
0.025125
0.025229
0.025130
0.025197
0.024991
0.025223
0.025190
0.025120
0.024967
0.025042
0.024966
0.024966
0.025042
0.025273
0.025077
0.025032
0.025155
0.025132
0.024921
0.025063
0.025034
0.025037
0.025196
0.025077
0.025052
0.025050
0.025197
0.024995
0.025020
0.025102
0.025081
0.025112
0.025020
0.025004
0.025229
0.025140
0.025096
0.025042
0.025026
0.025120
0.025000
0.025169
0.025034
0.025077
0.025060
0.025011
0.025157
0.025163
0.025118
0.025094
0.024966
0.025246
0.025069
0.025035
0.024999
0.025122
0.024881
0.025150
0.025082
0.025168
0.025005
0.025117
0.025012
0.025252
0.024952
0.025107
0.025008
0.025117
0.025082
0.025130
0.025055
0.025154
0.025172
0.025015
0.025017
0.025294
0.025177
0.025026
0.025107
0.025214
0.025088
0.024972
0.024907
0.024922
0.025016
0.025207
0.025163
0.025121
0.025067
0.025081
0.024957
0.024997
0.025035
0.024948
0.025145
0.025075
0.024917
0.025151
0.025187
0.025025
0.025049
0.025071
0.025142
0.025185
0.025066
0.025049
0.025037
0.024986
0.025118
0.025174
0.025071
0.025091
0.025225
0.025009
0.024974
0.025151
0.025120
0.025095
0.025080
0.025144
0.025175
0.025182
0.025051
0.015220
0.024613
0.019128
0.018952
0.024501
0.020937
0.017243
0.024602
0.019233
0.018844
0.024708
0.019355
0.018739
0.022917
0.018820
0.023136
0.018939
0.024535
0.019124
0.018928
0.024616
0.017208
0.024460
0.019011
0.017078
0.024812
0.017057
0.020701
0.025131
0.018946
0.023013
0.016948
0.024758
0.016932
0.024880
0.017093
0.024894
0.018894
0.023258
0.017250
0.021137
0.021571
0.021543
0.021527
0.021448
0.021478
0.021604
0.021460
0.021440
0.021424
0.021513
0.021487
0.021482
0.021611
0.021321
0.021536
0.021488
0.021431
0.021460
0.021451
0.021587
0.021421
0.023543
0.023316
0.023072
0.017442
0.023297
0.017151
0.023328
0.023237
0.022982
0.015847
0.023171
0.023406
0.022959
0.017430
0.023256
0.022945
0.017351
0.023349
0.017125
0.021151
0.023432
0.023421
0.017027
0.023293
0.031105
0.025569
0.017508
0.032986
0.017540
0.032932
0.017405
0.033007
0.017534
0.032797
0.017411
0.032875
0.017515
0.032885
0.017460
0.032945
0.017531
0.032939
0.017539
0.032934
0.017589
0.032855
0.017410
0.032862
0.017609
0.032868
0.017504
0.032999
0.017622
0.032771
0.017349
0.032801
0.017551
0.032897
0.017623
0.020882
0.028653
0.020941
0.016946
0.018976
0.018736
0.025123
0.019008
0.018753
0.025096
0.016930
0.024991
0.018837
0.018957
0.024936
0.017017
0.023293
0.018488
0.024820
0.018820
0.018945
0.024866
0.018870
0.018945
0.025003
0.016944
0.024673
0.016999
0.024790
0.016985
0.024854
0.018967
0.018887
0.024903
0.017063
0.024814
0.017010
0.024976
0.016975
0.023255
0.019002
0.023714
0.026917
0.013539
0.023340
0.026819
0.021268
0.013524
0.025155
0.025154
0.021308
0.021496
0.013434
0.025138
0.025179
0.021490
0.013394
0.023356
0.026844
0.021567
0.013385
0.021414
0.023204
0.018837
0.023622
0.026859
0.013458
0.023366
0.023166
0.017086
0.023691
0.026649
0.013407
0.023464
0.026718
0.021441
0.015476
0.026693
0.013491
0.023424
0.026799
0.013534
0.023361
0.026798
0.013477
0.023190
0.026834
0.013471
0.025065
0.024612
0.024939
0.024904
0.025021
0.025029
0.024945
0.024929
0.024971
0.025058
0.024992
0.025030
0.025020
0.025065
0.025039
0.025068
0.025100
0.025093
0.025055
0.025003
0.025169
0.025070
0.025088
0.025085
0.025194
0.025038
0.025096
0.025017
0.025088
0.025084
0.025105
0.025003
0.025124
0.025152
0.025048
0.024993
0.025108
0.024924
0.025031
0.025001
0.022844
0.020553
0.020803
0.020773
0.020753
0.020682
0.020637
0.020706
0.020669
0.020693
0.020729
0.020505
0.020593
0.020621
0.020688
0.020557
0.020582
0.020653
0.020662
0.020764
0.020630
0.020687
0.020583
0.020644
0.020665
0.020684
0.020722
0.020623
0.020528
0.020680
0.020428
0.020702
0.020804
0.020719
0.020758
0.020661
0.020615
0.020771
0.020710
0.020861
0.020930
0.021059
0.021199
0.020967
0.021038
0.021061
0.021025
0.021036
0.020954
0.020924
0.021115
0.020939
0.021016
0.020971
0.021109
0.020970
0.021074
0.021149
0.021076
0.021093
0.021140
0.020965
0.020928
0.021272
0.020937
0.021023
0.020954
0.021185
0.020802
0.021012
0.021083
0.021049
0.020880
0.020887
0.021065
0.020928
0.020947
0.021106
0.020943
0.020935
0.021059
0.021014
0.020848
0.021122
0.021103
0.021055
0.021140
0.020945
0.020967
0.020918
0.020894
0.020918
0.025007
0.024824
0.025158
0.025193
0.025014
0.025005
0.025198
0.025033
0.024952
0.025156
0.024938
0.025001
0.024902
0.025023
0.024992
0.025025
0.025038
0.024986
0.025191
0.025004
0.025162
0.025125
0.024978
0.025083
0.025001
0.024985
0.024906
0.024836
0.025158
0.025109
0.025019
0.025157
0.025030
0.024985
0.025250
0.024881
0.025043
0.024956
0.025034
0.024923
0.025032
0.024998
0.025046
0.024997
0.025047
0.025009
0.025188
0.025020
0.025027
0.025135
0.025035
0.025008
0.025101
0.024928
0.025199
0.025006
0.025114
0.025030
0.025004
0.024915
0.025174
0.025062
0.025040
0.025029
0.024938
0.024940
0.025029
0.025095
0.025035
0.025184
0.024942
0.024973
0.024962
0.025146
0.025020
0.024948
0.025129
0.025095
0.025069
0.025060
0.024998
0.025240
0.025125
0.024858
0.025101
0.025103
0.025050
0.025024
0.025166
0.024987
0.024916
0.025044
0.025011
0.025020
0.025119
0.025052
0.025142
0.025136
0.025019
0.025089
0.024999
0.025112
0.025115
0.025062
0.025026
0.024919
0.025063
0.025091
0.025141
0.025007
0.025079
0.024976
0.025097
0.024991
0.025207
0.025186
0.024804
0.025150
0.025130
0.024953
0.025128
0.024995
0.025008
0.025099
0.024801
0.025137
0.025070
0.025040
0.025024
0.025023
0.025052
0.025023
0.024834
0.024986
0.025014
0.025007
0.024995
0.025002
0.024927
0.024960
0.024972
0.024930
0.025015
0.025008
0.025106
0.025064
0.025178
0.025154
0.025125
0.025009
0.025072
0.025042
0.024989
0.025023
0.024863
0.024892
0.024974
0.024981
0.025080
0.025114
0.025056
0.025016
0.025203
0.024909
0.025040
0.025207
0.024942
0.024942
0.025000
0.025014
0.025023
0.024949
0.025087
0.025183
0.025095
0.024986
0.024948
0.024911
0.025157
0.024913
0.025085
0.025132
0.024955
0.024904
0.025115
0.024981
0.024893
0.025060
0.024990
0.025074
0.024917
0.025105
0.025205
0.025024
0.024982
0.025091
0.025083
0.024972
0.025079
0.025138
0.024951
0.025067
0.025029
0.024803
0.025036
0.025166
0.025077
0.025097
0.025110
0.025162
0.025021
0.024855
0.025064
0.025080
0.025078
0.025043
0.025015
0.025163
0.025063
0.025041
0.024944
0.024954
0.025178
0.024928
0.025065
0.025090
0.024984
0.024875
0.025031
0.025102
0.024977
0.024918
0.024934
0.024960
0.025045
0.025041
0.024951
0.025079
0.025089
0.025018
0.024949
0.024843
0.025021
0.025039
0.024970
0.024950
0.024967
0.024967
0.025180
0.025149
0.025014
0.024961
0.024948
0.025038
0.025034
0.025004
0.025011
0.024972
0.024926
0.024863
0.025027
0.024913
0.024884
0.024963
0.025027
0.025050
0.024966
0.024866
0.025029
0.025019
