482	319	44	19
483	293	43	33
418	320	32	18
432	319	31	19
436	321	30	19
440	321	31	19
446	320	31	20
452	320	32	20
461	321	31	20
467	321	31	20
473	321	31	20
480	322	31	20
487	321	31	21
494	322	31	21
501	322	31	20
508	323	31	20
515	323	31	20
521	323	31	20
461	326	43	19
414	324	35	18
396	286	52	29
414	293	43	30
427	302	35	27
427	294	35	27
462	302	39	24
516	326	30	19
495	296	19	16
497	296	18	15
496	297	18	15
495	297	19	16
495	298	18	14
469	307	16	13
464	305	29	14
486	310	18	12
488	312	16	10
496	300	14	10
495	298	16	13
496	300	14	10
496	298	15	12
495	298	16	12
495	298	16	12
495	298	17	14
495	298	16	12
496	299	15	11
470	307	14	12
463	301	24	15
484	297	24	21
488	299	24	20
509	323	26	20
494	296	19	17
469	304	25	17
438	332	28	18
443	332	29	19
448	331	31	20
455	331	28	19
460	333	28	16
467	333	29	17
470	332	30	18
477	332	30	17
483	333	28	16
488	333	28	17
494	332	28	18
471	333	44	23
460	294	63	38
450	264	79	49
422	217	98	66
258	326	69	37
241	329	32	21
244	331	29	19
248	331	29	19
252	329	31	21
257	330	31	19
261	330	30	20
268	329	31	21
267	331	39	17
211	330	39	19
191	307	50	29
120	329	33	21
134	329	31	21
151	330	36	19
207	330	40	17
181	283	34	22
202	282	28	21
193	284	28	20
197	282	29	21
204	283	25	18
201	284	25	19
181	298	17	13
181	299	17	13
182	300	16	11
181	300	15	12
181	300	16	11
182	300	16	12
182	300	16	10
181	300	16	13
182	300	16	10
182	300	15	11
182	299	16	12
169	289	17	10
160	269	24	15
153	275	38	26
184	328	30	21
192	327	32	20
201	327	31	21
200	326	31	22
203	327	30	21
208	326	31	20
212	326	31	20
216	326	31	20
221	326	31	20
226	325	31	20
230	326	31	20
234	325	31	20
239	325	31	20
243	325	31	20
248	324	32	20
253	325	31	20
258	324	31	20
262	324	31	20
267	324	31	20
272	323	31	20
277	323	30	20
281	323	31	20
285	322	31	20
290	322	31	19
295	322	31	20
300	322	30	19
304	320	31	20
308	320	31	20
313	320	31	20
318	319	31	20
322	319	30	20
326	319	31	21
331	319	30	20
336	318	30	20
340	319	31	20
344	318	31	20
349	318	30	20
354	318	31	20
358	318	30	19
363	318	30	19
367	317	31	19
372	318	31	19
377	318	30	18
381	317	31	18
385	317	31	19
390	317	31	19
394	317	30	18
397	316	31	18
403	316	30	19
404	316	31	19
347	318	42	15
333	280	43	32
400	220	50	20
338	220	44	24
324	217	42	26
335	221	36	23
333	220	38	24
327	219	39	25
326	217	39	27
325	219	39	27
324	218	39	24
325	219	41	27
324	217	39	25
327	218	39	28
325	218	39	26
328	218	38	28
324	218	40	24
327	219	38	28
324	217	39	26
328	221	38	28
325	219	39	23
326	218	40	27
324	218	39	26
328	221	39	29
340	221	44	18
400	220	41	19
387	197	41	25
436	208	32	26
452	215	34	28
458	203	38	32
452	215	40	35
406	308	27	17
408	311	29	17
409	310	28	18
409	310	29	19
410	309	29	18
410	309	29	19
411	310	29	18
411	310	29	19
410	310	29	19
412	310	28	19
411	310	30	20
411	310	29	19
412	309	29	19
412	310	28	18
412	310	29	19
412	309	30	19
412	310	29	19
412	310	29	19
412	309	30	18
412	309	29	19
413	310	28	19
412	311	28	18
412	309	29	19
412	310	28	19
412	310	29	19
412	310	29	19
411	310	30	19
412	310	29	19
412	310	30	20
411	310	30	19
412	310	29	19
412	310	29	19
412	310	29	19
411	310	29	19
411	310	28	19
411	310	29	19
411	310	29	18
411	310	29	19
411	311	29	19
411	311	29	19
410	310	29	18
410	312	28	17
411	311	28	19
410	311	29	19
410	312	28	18
410	312	29	18
410	312	28	18
409	312	29	19
409	312	29	19
409	313	29	19
409	312	28	19
410	313	28	19
409	313	29	19
408	313	29	19
409	313	28	19
408	313	29	19
408	312	29	18
407	311	28	18
407	309	28	18
407	307	28	18
407	305	29	19
406	303	29	18
405	301	30	18
406	298	29	19
404	294	30	19
404	291	31	18
404	287	30	19
405	284	30	19
404	281	28	18
404	277	28	16
405	277	28	21
403	309	30	25
403	346	31	23
404	382	30	25
403	405	29	20
403	401	29	18
403	397	29	19
403	393	29	18
402	388	30	18
401	385	30	18
401	380	31	20
401	376	30	20
401	372	30	18
401	368	30	19
401	363	29	19
400	358	30	20
400	354	30	20
400	356	28	23
400	389	29	23
399	423	29	24
399	445	29	20
399	439	29	19
398	434	29	19
398	429	30	19
398	423	30	19
398	417	31	19
398	412	30	19
398	407	30	19
398	401	30	19
398	395	30	20
397	389	31	20
397	384	31	20
397	378	31	20
397	372	31	20
397	366	31	20
396	359	31	21
397	353	31	20
397	348	30	20
397	341	31	21
397	334	31	21
397	352	29	25
397	385	29	26
398	419	28	23
396	422	30	21
397	416	31	22
397	410	31	22
397	403	31	22
397	397	31	22
397	391	31	22
397	385	31	22
397	378	31	22
397	373	31	22
397	369	31	22
396	364	31	22
396	359	31	22
396	357	31	21
396	352	31	22
397	349	31	22
397	346	31	21
398	343	31	21
397	341	32	22
397	337	31	22
397	335	31	22
397	333	31	22
397	332	31	21
398	330	31	22
397	328	32	22
398	290	30	27
399	249	29	28
399	209	29	26
398	202	31	21
399	200	32	21
398	200	32	22
398	198	32	22
397	198	32	22
398	197	32	21
397	197	32	21
398	197	32	22
397	197	32	22
398	197	31	21
398	197	31	21
398	197	31	21
398	197	32	22
398	198	32	22
398	199	32	22
398	199	31	21
398	200	32	22
398	202	32	22
398	203	31	21
398	203	31	22
398	204	32	22
398	205	32	22
397	207	32	21
397	209	32	22
398	210	32	22
398	213	31	21
397	214	31	22
397	216	32	22
396	217	32	22
397	220	32	22
397	221	31	22
396	224	31	23
397	188	30	27
397	151	29	26
396	146	31	21
394	148	32	22
394	150	32	22
394	151	31	21
393	153	31	22
393	156	31	21
393	156	32	22
393	158	31	21
392	160	32	22
392	162	31	21
391	163	32	21
392	165	32	22
391	167	32	22
391	168	31	22
390	169	31	22
390	172	31	21
390	173	31	22
389	175	32	22
389	177	31	21
389	178	32	22
388	180	31	22
388	181	32	22
387	184	32	22
388	186	31	21
387	187	31	21
387	188	32	22
387	191	32	22
386	195	32	22
387	189	30	26
386	151	30	28
386	114	29	27
386	93	30	21
385	95	31	21
385	98	31	21
384	99	30	21
384	102	31	21
384	104	31	21
383	106	31	21
383	108	31	21
382	109	31	22
382	111	31	21
382	114	31	21
382	114	31	22
381	117	31	22
381	119	31	21
382	122	31	21
381	124	31	21
381	126	31	21
381	128	31	21
380	130	31	22
381	137	31	21
380	140	31	21
381	133	30	25
381	96	30	26
379	67	31	21
379	69	31	20
379	73	31	20
380	76	30	20
379	77	30	20
380	79	30	21
379	82	31	21
379	83	31	21
379	85	31	21
378	88	31	20
378	91	31	20
378	92	31	21
378	95	31	21
378	98	30	21
377	98	31	21
378	101	31	21
377	104	31	21
377	107	32	21
377	108	31	21
377	111	31	21
378	113	31	21
378	115	31	21
377	117	31	21
377	120	31	21
377	122	31	21
377	123	30	21
377	127	31	21
377	128	31	22
376	130	31	21
377	132	32	21
376	136	32	21
376	137	31	21
377	139	31	21
377	143	31	21
376	144	31	21
376	145	31	21
376	149	32	21
376	152	32	21
376	153	31	21
376	156	31	21
375	158	32	21
375	160	32	21
375	162	32	21
376	165	32	21
375	167	32	21
376	169	31	21
376	171	31	21
375	174	32	20
376	176	32	21
376	178	32	21
376	181	31	20
375	182	32	21
375	185	32	21
375	187	31	20
375	190	32	21
376	191	31	21
375	193	31	21
376	195	31	21
376	198	32	21
376	200	31	21
376	202	31	21
376	204	32	21
375	207	31	20
376	207	31	21
376	210	31	20
376	213	31	20
375	214	31	21
376	216	31	20
376	219	31	20
376	221	31	20
375	223	31	20
375	225	30	20
375	227	31	20
375	229	31	19
375	231	31	19
375	234	31	19
375	235	31	19
375	237	31	19
376	239	30	19
375	241	30	20
375	243	30	19
375	245	31	18
376	246	31	19
375	252	31	19
375	255	29	18
376	248	29	21
373	210	31	27
376	190	30	18
377	193	28	16
376	196	29	17
377	198	28	17
376	200	29	17
375	201	30	19
376	205	30	19
376	206	30	20
377	208	29	19
376	212	29	19
376	214	28	18
376	215	29	18
375	217	30	20
376	220	30	19
377	222	29	18
376	224	29	19
377	227	29	20
376	230	30	19
375	232	31	19
376	236	30	19
375	238	31	21
375	241	31	20
376	243	30	19
375	246	31	20
375	248	30	19
375	250	30	20
376	253	30	19
376	256	30	20
375	258	29	19
376	261	29	19
376	264	30	19
376	266	29	20
376	269	29	20
375	272	30	20
376	275	30	19
376	277	30	20
375	279	30	20
375	283	30	19
375	286	30	20
375	288	30	19
375	291	30	20
375	294	30	20
375	296	31	20
375	299	31	20
375	302	30	19
375	305	30	19
375	307	30	20
375	309	30	20
375	312	30	20
375	315	30	20
375	317	30	20
375	320	30	20
374	324	29	20
375	326	30	20
375	329	29	20
375	331	30	20
375	334	29	19
374	336	30	20
374	339	29	20
374	342	30	19
374	344	30	20
374	347	29	19
374	350	30	20
374	353	29	19
374	356	29	20
374	358	29	21
374	361	29	20
373	365	29	19
374	367	29	19
373	369	29	19
373	373	29	19
374	376	29	19
373	378	29	20
373	381	30	19
373	383	29	19
373	387	30	19
373	387	30	20
374	353	28	23
373	315	30	25
373	312	29	18
373	315	29	18
372	318	29	18
372	321	29	19
373	324	28	18
373	328	28	18
373	330	29	18
372	332	28	19
373	336	28	18
372	339	28	19
372	342	28	18
372	345	28	19
373	348	29	19
373	350	28	19
373	354	28	18
373	339	29	24
373	304	30	25
373	266	30	26
372	247	29	18
372	252	28	18
372	255	29	18
372	257	29	18
372	260	29	19
372	264	29	18
372	267	28	19
372	270	28	18
372	275	28	17
372	276	29	18
372	279	29	19
372	284	28	18
372	287	29	19
372	290	28	19
372	293	28	19
372	297	28	19
371	301	29	18
371	304	28	18
371	308	28	18
372	312	29	19
371	314	29	19
371	318	29	19
370	320	29	20
371	285	31	24
371	248	30	25
370	211	30	25
370	198	29	17
371	201	30	18
370	204	30	18
370	208	30	18
371	211	29	17
371	216	29	16
370	220	29	17
370	224	29	17
370	227	29	17
370	230	29	17
370	234	29	18
370	237	29	17
370	240	28	16
370	243	29	17
369	245	29	17
370	246	29	17
370	248	29	17
370	251	29	16
370	252	29	17
370	279	29	24
370	320	29	24
370	359	29	24
369	373	29	16
369	374	29	16
369	375	29	16
368	376	29	17
368	376	29	17
368	377	30	17
368	379	29	15
367	379	30	16
368	380	29	17
368	382	29	17
368	382	29	15
367	383	29	16
367	384	29	15
367	385	29	16
367	385	29	16
368	386	28	15
367	387	28	15
367	387	29	16
366	387	29	16
367	388	29	15
367	388	29	16
367	388	29	16
367	389	28	15
367	389	29	15
366	389	29	15
367	388	29	15
366	389	30	15
367	389	29	15
366	389	29	15
366	389	29	15
367	389	29	16
367	390	28	16
366	390	29	15
367	390	29	16
367	389	28	15
367	390	29	16
367	390	29	16
366	390	29	16
366	389	29	16
366	390	29	16
367	390	29	16
367	389	29	16
367	389	29	16
367	388	29	17
366	389	29	17
367	388	29	16
367	387	29	17
366	386	29	17
367	386	29	17
366	386	29	16
366	386	29	16
367	385	29	15
366	385	30	16
367	384	29	16
367	384	30	16
367	383	29	16
367	383	29	16
366	383	29	16
367	383	29	16
367	382	29	17
367	383	29	17
367	382	29	17
367	382	29	16
367	382	29	16
367	382	29	16
368	382	28	16
367	380	30	16
368	380	30	16
368	378	29	15
367	376	29	16
368	373	29	16
368	372	29	16
368	369	29	17
368	367	30	17
367	364	30	17
368	362	30	16
368	359	30	16
368	357	30	16
368	353	30	18
368	351	30	18
368	348	29	17
368	346	29	17
368	343	29	17
368	340	30	18
368	337	30	18
368	335	30	18
368	332	30	18
367	329	30	18
369	331	30	23
367	366	32	24
368	403	30	24
369	439	30	24
368	446	28	18
369	444	29	18
369	440	29	17
369	438	29	18
369	435	29	18
369	433	28	18
369	429	29	19
370	427	29	19
370	424	28	19
369	420	28	19
369	418	29	18
369	415	29	19
370	412	28	19
370	410	28	19
370	408	28	18
370	404	28	19
370	402	28	19
370	399	28	18
370	397	28	18
370	395	28	17
370	392	28	17
370	389	28	17
370	386	29	18
370	382	29	18
370	380	29	18
370	378	28	18
370	375	29	18
370	373	29	18
370	370	29	17
370	367	29	18
370	365	29	18
370	362	29	18
371	358	29	18
370	356	29	19
370	353	29	19
370	350	29	20
371	348	29	19
370	344	30	19
370	343	29	19
370	340	30	18
371	337	30	19
370	335	29	18
370	331	30	18
371	329	30	19
370	327	29	18
370	323	30	19
370	321	30	19
370	318	30	18
370	315	30	19
370	313	30	19
370	310	30	17
370	307	30	18
370	304	29	18
370	302	29	18
370	300	30	19
370	297	30	18
370	294	30	18
370	291	30	19
369	288	30	19
369	286	30	19
370	283	30	19
370	281	30	18
370	277	30	18
370	275	29	18
370	271	30	19
370	269	29	18
369	266	30	19
369	262	30	19
370	259	30	19
370	256	30	19
369	252	30	19
370	249	30	19
369	246	30	20
370	243	30	19
369	239	30	20
369	235	30	20
369	233	30	20
369	229	30	20
369	225	31	20
369	222	31	20
369	219	30	19
369	216	30	19
368	212	31	20
368	210	30	19
368	206	31	20
368	204	31	20
367	201	31	20
368	199	31	20
368	198	30	19
368	196	30	20
368	195	30	19
369	193	30	19
368	191	31	20
367	190	31	19
367	189	32	19
366	187	32	19
367	187	32	20
366	185	33	20
366	185	33	20
367	184	33	20
367	183	33	20
367	183	33	20
366	182	33	20
367	182	32	19
367	181	31	19
369	181	32	20
416	181	45	17
395	140	57	42
391	126	62	45
408	136	45	37
409	111	46	34
413	99	51	37
401	95	56	39
366	45	32	27
359	42	33	25
369	45	14	12
369	45	11	10
371	46	10	10
372	47	10	10
373	46	10	10
372	47	10	10
372	47	10	10
371	45	11	10
371	46	10	10
371	46	10	10
372	45	10	10
371	46	10	10
371	45	10	10
373	45	10	10
371	44	11	11
372	44	12	11
373	46	10	10
373	47	10	10
371	47	10	10
372	47	10	10
369	46	11	10
370	46	10	10
370	46	10	10
370	47	10	10
372	46	10	10
371	47	10	10
371	47	10	10
371	47	10	10
373	46	10	10
373	46	10	10
373	46	10	10
373	46	10	10
373	46	10	10
371	47	10	10
372	47	10	10
372	47	10	10
372	47	10	10
371	47	10	10
372	46	10	10
371	46	10	10
372	46	10	10
370	46	10	10
373	48	10	10
373	47	10	10
373	47	10	10
373	47	10	10
373	46	10	10
372	46	10	10
371	46	10	10
372	46	10	10
372	45	10	10
372	47	10	10
370	46	10	10
370	46	10	10
372	47	10	10
371	47	10	10
369	47	10	10
371	46	10	10
372	47	10	10
372	46	10	10
371	46	10	10
370	46	11	10
371	47	10	10
369	45	12	11
366	44	19	15
355	37	33	25
366	43	19	15
369	45	12	13
370	46	11	10
371	47	10	10
374	47	12	12
372	46	14	12
369	44	13	13
366	44	19	16
368	44	19	16
366	42	17	16
366	41	21	16
369	42	19	15
367	40	23	17
366	41	24	17
368	42	18	14
368	42	17	16
370	44	15	14
371	44	13	12
371	44	14	12
370	44	15	13
371	45	11	10
371	45	11	10
370	45	10	10
373	46	10	10
370	45	13	10
369	46	16	11
364	46	28	21
360	38	42	26
354	48	54	35
359	90	69	44
335	102	73	53
304	135	74	50
303	160	69	46
301	177	65	42
294	181	62	39
292	189	57	43
293	186	59	41
292	202	55	46
291	208	53	44
294	216	47	41
292	212	58	48
288	205	65	47
259	233	41	27
