0.014739
0.017187
0.020577
0.020845
0.021019
0.024984
0.019102
0.022748
0.019019
0.022782
0.017246
0.024570
0.019098
0.022767
0.019046
0.022799
0.017272
0.024598
0.017251
0.016958
0.027007
0.022801
0.017200
0.024532
0.017284
0.024599
0.017291
0.024627
0.019178
0.022655
0.017260
0.024583
0.017226
0.024627
0.017214
0.024653
0.019053
0.014868
0.028650
0.013404
0.027074
0.015090
0.027131
0.015149
0.027220
0.015082
0.027282
0.015168
0.027164
0.015115
0.027225
0.015099
0.027271
0.015089
0.027297
0.015117
0.027081
0.015186
0.027220
0.015115
0.027176
0.015162
0.027192
0.023079
0.017515
0.021540
0.023234
0.023056
0.017482
0.023286
0.023098
0.017403
0.023251
0.023147
0.017428
0.025111
0.017541
0.023315
0.022963
0.017389
0.021448
0.023314
0.023002
0.017422
0.023192
0.023073
0.017468
0.024886
0.025017
0.024970
0.025002
0.025058
0.025034
0.025044
0.025018
0.025068
0.024997
0.025122
0.024917
0.025064
0.025193
0.025160
0.025116
0.025084
0.025137
0.025159
0.025225
0.025146
0.025127
0.025013
0.025103
0.025071
0.025041
0.025079
0.025104
0.024959
0.024951
0.025083
0.025307
0.025008
0.025122
0.025062
0.025040
0.025134
0.025170
0.025061
0.025140
0.025081
0.025138
0.025262
0.025110
0.025126
0.025147
0.025132
0.025179
0.025113
0.025151
0.025128
0.025088
0.025006
0.025125
0.025087
0.025130
0.025179
0.025148
0.025187
0.024926
0.025150
0.024923
0.025351
0.025030
0.025176
0.025135
0.025149
0.024998
0.025121
0.025100
0.025280
0.025146
0.025142
0.025108
0.025246
0.025297
0.025183
0.025180
0.025023
0.025151
0.025142
0.025040
0.025232
0.025049
0.025151
0.025007
0.025072
0.025065
0.025106
0.025095
0.025106
0.025048
0.025066
0.024990
0.025176
0.025001
0.025058
0.024940
0.025114
0.025117
0.025211
0.025042
0.025161
0.024896
0.025168
0.025097
0.025059
0.025091
0.025193
0.025121
0.025130
0.024970
0.025134
0.025086
0.025199
0.024969
0.025176
0.025110
0.025106
0.025110
0.025061
0.025066
0.024966
0.024978
0.025038
0.024977
0.025156
0.024981
0.025105
0.025064
0.025235
0.025077
0.024954
0.024874
0.024963
0.025108
0.025060
0.025100
0.025058
0.024952
0.025104
0.024966
0.025121
0.025049
0.025101
0.025151
0.025070
0.024981
0.025034
0.025087
0.025064
0.025012
0.025120
0.025076
0.024982
0.025013
0.025096
0.024961
0.025017
0.025083
0.025201
0.025034
0.025207
0.025110
0.025147
0.024980
0.025189
0.025162
0.025109
0.022855
0.021151
0.020820
0.021152
0.020649
0.020769
0.020883
0.021085
0.020807
0.020878
0.021087
0.020757
0.021042
0.020884
0.021181
0.020860
0.021115
0.020950
0.020982
0.020623
0.021063
0.020770
0.020713
0.021103
0.020659
0.021150
0.020761
0.021040
0.020624
0.021087
0.020743
0.021185
0.020819
0.021132
0.020732
0.020834
0.021000
0.021117
0.020668
0.021340
0.021154
0.021502
0.021397
0.021484
0.021476
0.021465
0.021208
0.021290
0.021548
0.021520
0.021348
0.021491
0.021337
0.021474
0.017190
0.017020
0.016818
0.017085
0.016955
0.017133
0.016970
0.017109
0.016989
0.016994
0.016996
0.016780
0.017061
0.017081
0.017056
0.017004
0.016739
0.016862
0.017095
0.017128
0.016903
0.016953
0.017131
0.016765
0.017074
0.017079
0.017124
0.016934
0.016660
0.017173
0.017056
0.020629
0.020528
0.020715
0.020722
0.020720
0.020537
0.020604
0.020703
0.020591
0.020829
0.020642
0.020732
0.020797
0.020854
0.021058
0.021033
0.021007
0.020909
0.020843
0.021042
0.021027
0.021004
0.021244
0.021078
0.020846
0.020912
0.020991
0.020973
0.021199
0.021103
0.021050
0.020942
0.021184
0.020987
0.021088
0.020927
0.021132
0.021109
0.021011
0.020853
0.021131
0.020901
0.020992
0.021001
0.021068
0.020876
0.020913
0.020899
0.021010
0.021061
0.021023
0.021112
0.021019
0.021033
0.021065
0.020877
0.021026
0.020942
0.020977
0.020939
0.021032
0.021052
0.021008
0.020910
0.021190
0.020976
0.023201
0.025049
0.024906
0.025244
0.024918
0.024831
0.025154
0.024913
0.025005
0.024911
0.025184
0.024952
0.024955
0.025023
0.025015
0.025036
0.024935
0.024976
0.025069
0.024973
0.025032
0.024916
0.025068
0.024937
0.024977
0.025110
0.024938
0.025121
0.024904
0.025077
0.024956
0.025159
0.024900
0.025114
0.025049
0.025031
0.025111
0.024956
0.025026
0.024965
0.024925
0.024994
0.025025
0.024890
0.025016
0.024993
0.024914
0.024837
0.025073
0.025082
0.024863
0.025078
0.025032
0.025069
0.024955
0.024804
0.025076
0.025067
0.025101
0.025065
0.024837
0.025099
0.024851
0.025018
0.025075
0.025034
0.024988
0.024992
0.025088
0.025048
0.025083
0.025126
0.025060
0.024916
0.025051
0.024858
0.024992
0.025042
0.025006
0.024890
0.024978
0.024849
0.024943
0.025009
0.025050
0.025117
0.025114
0.025025
0.025052
0.024906
0.025115
0.024925
0.024890
0.024958
0.025015
0.024985
0.024999
0.025039
0.025135
0.024892
0.025086
0.025168
0.025066
0.024901
0.024881
0.025038
0.025087
0.024893
0.024916
0.024867
0.025113
0.024920
0.025046
0.024918
0.025005
0.024960
0.025050
0.025013
0.024891
0.024958
0.025075
0.025009
0.025015
0.025024
0.025158
0.024793
0.025107
0.024955
0.024961
0.024846
0.025038
0.024950
0.024917
0.024976
0.024997
0.025033
0.024952
0.024897
0.024864
0.024940
0.024993
0.024980
0.025055
0.025141
0.024971
0.024870
0.024924
0.024928
0.024924
0.025094
0.024980
0.024933
0.025092
0.025033
0.024906
0.025149
0.025059
0.024972
0.024932
0.024838
0.024957
0.025002
0.025061
0.025168
0.025052
0.024864
0.024954
0.024980
0.024903
0.024858
0.024942
0.024939
0.025152
0.024949
0.025130
0.025028
0.024982
0.024948
0.024875
0.024989
0.024870
0.025125
0.025000
0.025086
0.024971
0.024988
0.024837
0.024980
0.025083
0.024942
0.024887
0.025114
0.025008
0.024994
0.024957
0.024779
0.024774
0.024985
0.024953
0.025020
0.024851
0.024846
0.024967
0.025017
0.024964
0.024992
0.024954
0.024817
0.024997
0.024765
0.025022
0.024805
0.024936
0.024988
0.025050
0.024868
0.020719
0.020570
0.020609
0.020566
0.020635
0.020626
0.020620
0.020558
0.020682
0.020649
0.020669
0.020710
0.020467
0.020666
0.020482
0.020652
0.020554
0.020627
0.020706
0.020538
0.020704
0.020479
0.020647
0.020605
0.020635
0.020570
0.020573
0.020568
0.020592
0.020587
0.020564
0.020508
0.020549
0.020710
0.020648
0.020523
0.020605
0.020734
0.020678
0.020833
0.021043
0.020978
0.020924
0.020835
0.020964
0.020937
0.020991
0.021086
0.020952
0.020965
0.021045
0.021037
0.020932
0.021024
0.020916
0.020888
0.021055
0.021103
0.021043
0.020962
0.020905
0.021147
0.020949
0.021029
0.021029
0.021044
0.020983
0.021022
0.020937
0.020922
0.021043
0.020936
0.021005
0.020932
0.020949
0.020839
0.020877
0.020938
0.020961
0.020918
0.020906
0.020961
0.020968
0.020813
0.020860
0.020869
0.021057
0.020947
0.021026
0.020826
0.020786
0.020786
0.024890
0.025046
0.024907
0.025062
0.025106
0.024971
0.024800
0.024807
0.024950
0.024898
0.024989
0.025120
0.024857
0.024986
0.025146
0.024947
0.024999
0.025053
0.024894
0.024903
0.025046
0.024994
0.025008
0.024866
0.025008
0.024886
0.025055
0.024966
0.024821
0.024879
0.024953
0.025030
0.024879
0.024853
0.024864
0.024967
0.025010
0.025012
0.024976
0.024818
0.024837
0.024966
0.025002
0.024843
0.025018
0.024913
0.024945
0.024836
0.024954
0.025162
0.024923
0.024792
0.024883
0.025079
0.024981
0.025032
0.025042
0.024915
0.025042
0.025005
0.025032
0.024787
0.024907
0.024983
0.024881
0.025008
0.024836
0.024928
0.024935
0.024953
0.024983
0.024893
0.024905
0.024909
0.024937
0.024934
0.024920
0.020757
0.020658
0.020520
0.020499
0.020575
0.020546
0.020633
0.020629
0.020767
0.020551
0.020497
0.020679
0.020606
0.020546
0.020669
0.020568
0.020570
0.020627
0.020507
0.020646
0.020664
0.020572
0.020672
0.020502
0.020668
0.020504
0.020465
0.020487
0.020650
0.020634
0.020676
0.020570
0.020599
0.020603
0.020627
0.020630
0.020516
0.020524
0.020562
0.020772
0.020907
0.020935
0.020844
0.020924
0.020736
0.020950
0.020972
0.020950
0.021024
0.021000
0.021072
0.021033
0.020887
0.020953
0.020940
0.020829
0.020922
0.020875
0.020746
0.020906
0.020849
0.020932
0.020888
0.020927
0.020933
0.020805
0.020873
0.020939
0.020820
0.020811
0.020886
0.020909
0.020826
0.020953
0.020778
0.020915
0.020852
0.020843
0.020772
0.021015
0.020842
0.020808
0.020710
0.020933
0.020901
0.020741
0.020743
0.020911
0.020895
0.020697
0.020815
0.020817
0.024684
0.024942
0.025019
0.025095
0.025028
0.025077
0.024760
0.024943
0.024800
0.025092
0.024987
0.024941
0.024823
0.024992
0.024957
0.024854
0.025015
0.025023
0.024910
0.025153
0.025001
0.024984
0.025089
0.024785
0.024983
0.024829
0.025068
0.024956
0.024978
0.024908
0.025056
0.024814
0.024995
0.025011
0.025070
0.024981
0.024871
0.025000
0.024914
0.024915
0.024938
0.024945
0.024905
0.025031
0.024893
0.024801
0.025012
0.024967
0.025080
0.024956
0.024989
0.024942
0.025015
0.024992
0.025047
0.025011
0.024912
0.024853
0.024927
0.025036
0.024940
0.025162
0.024985
0.024955
0.025087
0.025047
0.025073
0.025052
0.024873
0.025004
0.024987
0.025020
0.025005
0.025068
0.024899
0.025047
0.025144
0.025002
0.024987
0.024960
0.024864
0.024948
0.025054
0.024914
0.024932
0.024905
0.024981
0.024872
0.025040
0.025041
0.024912
0.024929
0.025005
0.025048
0.025037
0.024979
0.024846
0.025151
0.024839
0.025010
0.025134
0.024915
0.024980
0.025047
0.024878
0.025081
0.024841
0.024862
0.025002
0.024909
0.024777
0.024873
0.024857
0.024986
0.025022
0.025033
