0.004033
0.014461
0.016706
0.016960
0.016864
0.016840
0.016881
0.016797
0.016928
0.020794
0.020929
0.021103
0.024893
0.024952
0.025008
0.024892
0.025023
0.024854
0.024990
0.024890
0.024951
0.024795
0.024755
0.024959
0.024895
0.024894
0.024961
0.024971
0.024873
0.024917
0.024988
0.024916
0.024929
0.024906
0.024797
0.025058
0.024694
0.025027
0.024855
0.025023
0.024881
0.024927
0.024854
0.024899
0.024995
0.025099
0.024984
0.024871
0.024841
0.024817
0.024880
0.024983
0.024857
0.024888
0.024861
0.025088
0.024878
0.025010
0.025002
0.024850
0.024944
0.024878
0.024942
0.024931
0.024941
0.024889
0.025132
0.024977
0.024803
0.024846
0.025118
0.025041
0.025006
0.025073
0.025122
0.024976
0.024940
0.024781
0.024892
0.024901
0.024944
0.024974
0.024934
0.024956
0.024941
0.024948
0.024812
0.024782
0.024955
0.024931
0.024988
0.024859
0.024882
0.024995
0.024921
0.025058
0.025128
0.024901
0.024947
0.025120
0.024897
0.025064
0.025040
0.024968
0.025030
0.025131
0.024949
0.024873
0.024989
0.024871
0.025003
0.025059
0.025048
0.024923
0.024812
0.024855
0.025079
0.024998
0.024884
0.024859
0.025068
0.024955
0.024775
0.024978
0.024915
0.024843
0.024801
0.024886
0.025058
0.024932
0.025092
0.025102
0.024972
0.024957
0.025051
0.024947
0.024957
0.024902
0.025050
0.025009
0.024927
0.025012
0.025017
0.024913
0.024947
0.025004
0.025219
0.025231
0.024845
0.024899
0.024928
0.025079
0.025063
0.024949
0.025056
0.024985
0.025028
0.025051
0.024998
0.024906
0.024965
0.025048
0.025148
0.024878
0.024835
0.025048
0.024933
0.024878
0.025038
0.025007
0.024973
0.025118
0.024980
0.025024
0.024882
0.024974
0.025156
0.024965
0.024879
0.024979
0.025120
0.024936
0.024871
0.024921
0.024917
0.025088
0.024950
0.025024
0.024982
0.024971
0.024983
0.024890
0.024978
0.024994
0.024935
0.025025
0.024972
0.025048
0.024960
0.024917
0.024968
0.025015
0.025020
0.024986
0.024958
0.025126
0.024933
0.025017
0.024856
0.024919
0.024939
0.024997
0.025089
0.025010
0.024815
0.024926
0.024950
0.024981
0.024903
0.024899
0.025155
0.024938
0.025110
0.025011
0.025026
0.024933
0.025057
0.024814
0.025013
0.024874
0.024978
0.024873
0.025084
0.024867
0.024945
0.025012
0.025182
0.024932
0.024829
0.025041
0.024935
0.024976
0.024996
0.024825
0.024863
0.025085
0.025022
0.024835
0.025121
0.025026
0.024942
0.024898
0.024890
0.024935
0.024917
0.024909
0.024999
0.024966
0.024970
0.025029
0.024935
0.025054
0.024960
0.024978
0.025026
0.024925
0.024949
0.024829
0.025081
0.024992
0.024952
0.025050
0.025022
0.024977
0.024931
0.024897
0.025071
0.025012
0.024927
0.024969
0.024938
0.025089
0.024893
0.024888
0.024980
0.024995
0.024873
0.024909
0.024989
0.024997
0.024901
0.024928
0.024986
0.024910
0.025047
0.025027
0.025008
0.024992
0.025090
0.025055
0.024966
0.024920
0.025002
0.025097
0.025002
0.024893
0.024995
0.024909
0.020842
0.021035
0.020756
0.021114
0.021025
0.020974
0.020720
0.020997
0.020725
0.021065
0.020732
0.020971
0.020725
0.021220
0.020976
0.020675
0.021002
0.020817
0.020767
0.021120
0.020428
0.021171
0.021000
0.020825
0.020991
0.020774
0.021006
0.020554
0.020725
0.021109
0.020651
0.021224
0.020761
0.020975
0.020772
0.021064
0.020738
0.021004
0.021007
0.021155
0.021125
0.021034
0.021331
0.020863
0.021335
0.020920
0.021381
0.020999
0.021048
0.021372
0.021007
0.021225
0.021483
0.020868
0.021403
0.020909
0.021475
0.020927
0.021352
0.021035
0.021273
0.020874
0.021327
0.021285
0.021282
0.021487
0.021475
0.021363
0.021325
0.021000
0.021279
0.021437
0.021334
0.021313
0.021318
0.021428
0.021313
0.021253
0.021533
0.021420
0.021507
0.021451
0.021501
0.021494
0.021371
0.023368
0.019238
0.021214
0.030874
0.021223
0.032955
0.017487
0.032899
0.017504
0.032828
0.017417
0.032799
0.017613
0.032867
0.017403
0.032817
0.017503
0.032930
0.017536
0.032802
0.017601
0.032780
0.017463
0.032685
0.017460
0.032860
0.017421
0.032782
0.017413
0.032938
0.017497
0.032781
0.017400
0.023317
0.018642
0.028712
0.015345
0.018574
0.024794
0.018883
0.018860
0.028621
0.015284
0.018718
0.024935
0.017011
0.024772
0.017029
0.024871
0.018893
0.018914
0.024730
0.017105
0.024795
0.017040
0.023356
0.018388
0.024771
0.018970
0.018972
0.024698
0.017102
0.024825
0.016703
0.024695
0.016972
0.024841
0.017093
0.024728
0.024891
0.015295
0.018544
0.024833
0.025209
0.013494
0.024959
0.021105
0.017148
0.023655
0.021443
0.022848
0.025193
0.013502
0.024828
0.017141
0.025146
0.017195
0.023471
0.022890
0.017238
0.025128
0.017181
0.025158
0.017155
0.025114
0.017156
0.025108
0.017176
0.025044
0.017235
0.023452
0.026875
0.013465
0.023472
0.023012
0.017165
0.023407
0.026810
0.013433
0.028891
0.013419
0.024860
0.017180
0.024959
0.017177
0.023524
0.026758
0.013421
0.023446
0.026816
0.021366
0.013360
0.032678
0.017463
0.032921
0.017519
0.032869
0.017507
0.032792
0.017552
0.032757
0.017520
0.032772
0.017596
0.032630
0.017611
0.032854
0.017631
0.032802
0.017490
0.032823
0.017570
0.032625
0.017492
0.032749
0.017417
0.032802
0.017492
0.032735
0.017480
0.032799
0.017506
0.032868
0.017391
0.032804
0.017557
0.032964
0.017452
0.032913
0.017490
0.032709
0.017413
0.032872
0.017526
0.032705
0.017549
0.032710
0.017593
0.032751
0.017539
0.032792
0.017496
0.032882
0.017429
0.032832
0.017572
0.032777
0.017435
0.032912
0.017600
0.032911
0.017439
0.032730
0.017537
0.032881
0.017538
0.032845
0.017484
0.032774
0.017489
0.032841
0.017546
0.032739
0.017503
0.032661
0.017539
0.032839
0.017509
0.032817
0.017451
0.032824
0.017426
0.032858
0.017446
0.032803
0.017441
0.032823
0.017520
0.032716
0.017453
0.032896
0.017663
0.032851
0.017401
0.032799
0.017555
0.032828
0.017446
0.032908
0.017573
0.032800
0.017503
0.032766
0.017492
0.032861
0.017436
0.032871
0.017570
0.032830
0.017406
0.032823
0.017572
0.032828
0.017450
0.032817
0.017414
0.032947
0.017491
0.032965
0.017505
0.032828
0.017419
0.032837
0.017457
0.032753
0.017556
0.032825
0.017555
0.032895
0.017433
0.032868
0.017560
0.032798
0.017562
0.032794
0.017462
0.032718
0.017467
0.032875
0.017404
0.032719
0.017382
0.032887
0.017398
0.032886
0.017557
0.032906
0.017659
0.032744
0.017405
0.032927
0.017504
0.032757
0.017382
0.032877
0.017587
0.032648
0.017366
0.032897
0.017479
0.032814
0.017444
0.032871
0.017555
0.032726
0.017537
0.032793
0.017505
0.032924
0.017444
0.032804
0.017557
0.032974
0.017558
0.032841
0.017563
0.029143
0.021199
0.033008
0.017579
0.032939
0.017537
0.033017
0.017555
0.032659
0.017482
0.032900
0.017612
0.032773
0.017562
0.032754
0.017468
0.032720
0.017580
0.032826
0.017491
0.032884
0.017571
0.032852
0.017493
0.032892
0.017473
0.032969
0.017488
0.032814
0.017524
0.032968
0.017638
0.032862
0.017503
0.032825
0.017483
0.032918
0.017684
0.032852
0.017461
0.032701
0.017438
0.032907
0.017405
0.032735
0.017712
0.032791
0.017513
0.032942
0.017456
0.032925
0.017532
0.032860
0.017501
0.032954
0.017490
0.032864
0.017682
0.032794
0.017443
0.033028
0.017535
0.032773
0.017481
0.032890
0.017445
0.032780
0.017428
0.032818
0.017521
0.032850
0.017580
0.032957
0.017467
0.032856
0.017461
0.032819
0.017548
0.032888
0.017550
0.032951
0.017553
0.032870
0.017608
0.032687
0.017552
0.032979
0.017562
0.032803
0.017469
0.032881
0.017663
0.032956
0.017565
0.032974
0.017556
0.032831
0.017455
0.032833
0.017585
0.032949
0.017512
0.032899
0.017669
0.032677
0.017592
0.032807
0.017610
0.032897
0.017523
0.032964
0.017616
0.032795
0.017611
0.032879
0.017562
0.032944
0.017442
0.032959
0.017546
0.029154
0.021220
0.032809
0.017547
0.032892
0.017681
0.032908
0.017507
0.032856
0.017698
0.032886
0.017644
0.032847
0.017590
0.032976
0.017545
0.032954
0.017597
0.032912
0.017531
0.032931
0.017514
0.032946
0.017546
0.032883
0.017626
0.032882
0.017506
0.032886
0.017499
0.033007
0.017583
0.032827
0.017564
0.032970
0.017614
0.033004
0.017682
0.032902
0.017557
0.032973
0.017671
0.033080
0.017600
0.032896
0.017556
0.032795
0.017727
0.032997
0.017624
0.032895
0.017664
0.032845
0.017588
0.032808
0.017628
0.033002
0.017671
0.032956
0.017599
0.032915
0.017688
0.032870
0.017609
0.032896
0.017780
0.032959
0.017596
0.033019
0.017514
0.032876
0.017553
0.032978
0.017504
0.032797
0.017644
0.032911
0.017565
0.033058
0.017595
0.032968
0.017683
0.032767
0.017524
0.033074
0.017521
0.033019
0.017609
0.032907
0.017612
0.032905
0.017513
0.032897
0.017503
0.032864
0.017643
0.032899
0.017581
0.033007
0.017535
0.033078
0.017568
0.032834
0.017557
0.032856
0.017595
0.032893
0.017566
0.033102
0.017511
0.020975
0.026694
0.019077
0.019114
0.024647
0.017250
0.024880
0.017332
0.024647
0.017329
0.024707
0.016983
0.024682
0.017371
0.024594
0.017287
0.022792
0.018842
0.024709
0.017366
0.023223
0.017025
0.025122
0.018885
0.024902
0.017284
0.024634
0.017260
0.024658
0.017370
0.020766
0.024858
0.017321
0.020864
0.024918
0.017318
0.024702
0.017087
0.024700
0.021281
0.015651
0.023350
0.021388
0.023271
0.017339
0.021091
0.021415
0.021422
0.021349
0.021418
0.021480
0.021352
0.021449
0.021574
0.021496
0.021562
0.021492
0.021435
0.021495
0.021537
0.021501
0.021423
0.021482
0.023727
0.023282
0.017183
0.023389
0.023355
0.017214
0.023427
0.021526
0.023218
0.017272
0.023309
0.023310
0.023119
0.017580
0.023215
0.023073
0.017499
0.023264
