0.011500
0.015780
0.025130
0.024996
0.025041
0.025030
0.025025
0.025042
0.025119
0.025047
0.025095
0.025027
0.025222
0.025047
0.025082
0.025033
0.025053
0.024973
0.025109
0.025029
0.025115
0.025090
0.025171
0.025008
0.025065
0.025078
0.025054
0.025058
0.025049
0.025075
0.025124
0.024984
0.025123
0.025123
0.025016
0.025132
0.025202
0.025007
0.025045
0.025201
0.025145
0.025119
0.025030
0.025013
0.025084
0.025180
0.025167
0.025014
0.025113
0.025102
0.025068
0.025158
0.025068
0.025071
0.025098
0.024998
0.025217
0.024987
0.025118
0.025018
0.025068
0.025065
0.025177
0.025032
0.025241
0.025079
0.025114
0.025022
0.025108
0.025100
0.025159
0.025167
0.025067
0.025149
0.025111
0.024973
0.025181
0.025071
0.025253
0.025108
0.025055
0.025005
0.025170
0.025030
0.025138
0.025063
0.025133
0.025142
0.025115
0.025100
0.024972
0.025188
0.025149
0.025168
0.025063
0.025228
0.025124
0.025168
0.025046
0.025226
0.025091
0.024959
0.025133
0.025097
0.025068
0.025027
0.025017
0.025011
0.025187
0.025124
0.025155
0.025004
0.025028
0.027431
0.019158
0.028911
0.015225
0.018780
0.028888
0.015181
0.018786
0.028805
0.015176
0.018788
0.028812
0.013654
0.028470
0.013652
0.028415
0.015152
0.026705
0.013625
0.028470
0.015091
0.018729
0.027044
0.019167
0.024401
0.015012
0.026778
0.015137
0.018723
0.028855
0.015022
0.026778
0.013445
0.028521
0.013690
0.026697
0.014930
0.026919
0.016971
0.021297
0.021429
0.025325
0.021193
0.021351
0.021403
0.021517
0.021488
0.021421
0.021538
0.021456
0.021388
0.021465
0.021440
0.021468
0.021482
0.021485
0.021449
0.021329
0.021409
0.021427
0.021505
0.021452
0.021491
0.023275
0.013797
0.026929
0.023054
0.013665
0.027184
0.023137
0.013595
0.026985
0.023103
0.013804
0.026866
0.023104
0.013789
0.024755
0.011215
0.023044
0.015262
0.017210
0.017099
0.018750
0.015168
0.012780
0.020306
0.020712
0.020703
0.020776
0.020562
0.020738
0.020715
0.020701
0.020701
0.020668
0.020664
0.020735
0.020735
0.020768
0.020721
0.020726
0.020728
0.020637
0.020712
0.020724
0.020622
0.020831
0.020586
0.020789
0.020805
0.020695
0.020691
0.020727
0.020758
0.020777
0.020700
0.020772
0.020834
0.021044
0.021057
0.021164
0.021019
0.021038
0.020885
0.020957
0.020847
0.021040
0.020982
0.021015
0.020886
0.021040
0.020984
0.021125
0.021205
0.021005
0.021035
0.021107
0.020895
0.021061
0.021004
0.021048
0.020841
0.020966
0.021033
0.021076
0.021014
0.020984
0.021041
0.020989
0.021095
0.021018
0.020919
0.021004
0.021038
0.021088
0.021178
0.021075
0.020975
0.020927
0.020998
0.021038
0.021101
0.020983
0.020821
0.021015
0.020992
0.021052
0.020963
0.021054
0.021005
0.024979
0.024943
0.016953
0.018866
0.025029
0.018871
0.018986
0.028768
0.015451
0.018563
0.028558
0.015244
0.018646
0.027229
0.014834
0.023162
0.026489
0.015211
0.026753
0.020869
0.015342
0.018746
0.023385
0.018764
0.024943
0.018717
0.018982
0.023251
0.018723
0.023344
0.018760
0.025040
0.018700
0.018935
0.024873
0.018893
0.026837
0.015276
0.018681
0.024938
0.017176
0.027387
0.016968
0.027232
0.021517
0.013387
0.023464
0.023010
0.025234
0.021224
0.021477
0.013461
0.023580
0.026757
0.021507
0.013500
0.025105
0.025260
0.021379
0.021417
0.021535
0.013490
0.023298
0.026915
0.021538
0.021578
0.013588
0.023449
0.026648
0.013464
0.023457
0.026999
0.013521
0.023355
0.026799
0.021475
0.021534
0.013461
0.023302
0.026815
0.021497
0.013580
0.023282
0.027044
0.013533
0.023464
0.026769
0.013558
0.023549
0.022865
0.032801
0.017618
0.032831
0.017538
0.032919
0.017537
0.033013
0.017441
0.033039
0.017565
0.033057
0.017518
0.032895
0.017522
0.032916
0.017619
0.032884
0.017591
0.032891
0.017540
0.032845
0.017580
0.032693
0.017522
0.032976
0.017562
0.032913
0.017554
0.032695
0.017509
0.032956
0.017614
0.032709
0.017617
0.032815
0.017511
0.032838
0.017584
0.032903
0.017473
0.032992
0.017505
0.033099
0.017656
0.032892
0.017521
0.032857
0.017644
0.032900
0.017547
0.032820
0.017583
0.033091
0.017597
0.032909
0.017536
0.032786
0.017589
0.032760
0.017678
0.032693
0.017562
0.032713
0.017502
0.032741
0.017615
0.032880
0.017623
0.032964
0.017540
0.032909
0.017487
0.032859
0.017622
0.032931
0.017550
0.032791
0.017646
0.033011
0.017513
0.032835
0.017517
0.032988
0.017582
0.033075
0.017719
0.032813
0.017591
0.024637
0.015274
0.026913
0.015251
0.026871
0.015177
0.018753
0.027225
0.016645
0.026877
0.015151
0.026791
0.011239
0.016973
0.016860
0.016811
0.016934
0.016953
0.018317
0.020834
0.011115
0.018532
0.020623
0.010864
0.018578
0.020665
0.010994
0.018541
0.020643
0.012693
0.017014
0.020615
0.010924
0.018651
0.020521
0.012688
0.020692
0.012768
0.020694
0.012725
0.020702
0.012790
0.020626
0.010943
0.018564
0.020957
0.013132
0.020983
0.011411
0.018702
0.014988
0.018905
0.020980
0.011559
0.018790
0.020810
0.012983
0.020933
0.013051
0.020996
0.013148
0.017338
0.017325
0.017292
0.017305
0.017404
0.017241
0.017280
0.017362
0.019486
0.012877
0.016987
0.017545
0.017448
0.017376
0.017417
0.017416
0.017453
0.017286
0.019501
0.017322
0.017292
0.017298
0.017386
0.019596
0.013140
0.017621
0.017187
0.017362
0.017345
0.017403
0.020423
0.021109
0.020979
0.021043
0.021113
0.020985
0.021050
0.020947
0.021052
0.020910
0.021124
0.021064
0.021178
0.021159
0.021001
0.020937
0.021059
0.020933
0.020967
0.021008
0.025129
0.025113
0.025085
0.025052
0.025148
0.024969
0.025126
0.025182
0.024980
0.025100
0.025031
0.025111
0.025180
0.025002
0.025083
0.024895
0.024996
0.025043
0.024975
0.025065
0.025114
0.024912
0.025033
0.025084
0.024922
0.025033
0.024987
0.025220
0.025091
0.024915
0.025065
0.025036
0.025021
0.024914
0.024905
0.025014
0.024916
0.024907
0.024975
0.025046
0.025107
0.025002
0.025078
0.025065
0.025137
0.025013
0.025150
0.025026
0.025096
0.025012
0.025161
0.024813
0.025086
0.024991
0.025027
0.025120
0.025092
0.025032
0.025082
0.024967
0.025035
0.025185
0.025180
0.025058
0.024961
0.024989
0.025087
0.025180
0.024988
0.025038
0.025093
0.025201
0.025022
0.024860
0.025030
0.025029
0.025024
0.025069
0.025102
0.024901
0.025075
0.025089
0.024970
0.024922
0.025178
0.025050
0.025214
0.024868
0.024951
0.025029
0.024995
0.025079
0.024976
0.025016
0.024947
0.024954
0.025044
0.025026
0.025088
0.024952
0.024933
0.025131
0.025050
0.025061
0.024954
0.025073
0.025109
0.024914
0.025095
0.025097
0.025052
0.024976
0.024965
0.024900
0.024971
0.024882
0.025021
0.025018
0.025199
0.025009
0.024916
0.025099
0.025194
0.025015
0.025049
0.025075
0.025038
0.025072
0.025060
0.025148
0.024991
0.024876
0.025109
0.025033
0.025046
0.025153
0.025210
0.025057
0.025034
0.025120
0.025082
0.025057
0.025041
0.025038
0.025176
0.025076
0.025097
0.025157
0.025106
0.024943
0.025012
0.024997
0.024948
0.025007
0.025047
0.024859
0.025037
0.025020
0.025031
0.024940
0.024916
0.024964
0.025178
0.025155
0.025042
0.024889
0.025088
0.025093
0.025006
0.024845
0.025077
0.025103
0.025167
0.024951
0.025029
0.024982
0.025010
0.024912
0.024930
0.025071
0.025085
0.025198
0.025113
0.025166
0.025202
0.025093
0.025166
0.025043
0.025050
0.025116
0.025078
0.025124
0.024943
0.025073
0.025117
0.024989
0.024993
0.025053
0.025054
0.025015
0.024993
0.025131
0.025145
0.025034
0.024951
0.024954
0.025066
0.024967
0.025016
0.025084
0.025090
0.025085
0.025063
0.024982
0.025265
0.025156
0.025049
0.024971
0.024961
0.024997
0.025096
0.025101
0.025074
0.024839
0.025040
0.025003
0.025046
0.024997
0.024872
0.024960
0.025164
0.025135
0.024962
0.025061
0.025102
0.025014
0.025019
0.025060
0.025069
0.024993
0.025123
0.024972
0.024936
0.025014
0.025111
0.025069
0.025086
0.025030
0.025030
0.024849
0.025055
0.025189
0.025039
0.025036
0.025065
0.025127
0.025135
0.025065
0.025133
0.024992
0.025058
0.025251
0.025196
0.025214
0.025176
0.025115
0.024998
0.024997
0.025181
0.025042
0.025042
0.025091
0.024947
0.025000
0.025002
0.024944
0.025031
0.024983
0.025150
0.025105
0.025156
0.025009
0.025069
0.025021
0.025117
0.024988
0.025207
0.025226
0.025134
0.025058
0.025143
0.025136
0.025127
0.025022
0.025072
0.025036
0.025040
0.025036
0.025082
0.025011
0.025084
0.025051
0.024958
0.025062
0.025119
0.025137
0.025151
0.025163
0.025174
0.025044
0.025018
0.025131
0.025260
0.024977
0.025027
0.025115
0.025187
0.025049
0.025223
0.025036
0.025108
0.025000
0.024936
0.024922
0.025130
0.025177
0.025012
0.024922
0.025123
0.024940
0.025039
0.025030
0.025160
0.025092
0.025114
0.024948
0.025032
0.024954
0.025048
0.025057
0.025073
0.024915
0.025097
0.024994
0.025053
0.024916
0.025095
0.024865
0.024974
0.025185
0.025012
0.024894
0.025064
0.025042
0.025006
0.025050
0.025002
0.025068
0.024940
0.024904
0.025091
0.025015
0.025036
0.025005
0.024925
0.025104
0.025007
0.024933
0.025054
0.025040
0.025029
0.024992
0.025097
0.025193
0.025043
0.025043
0.025055
0.025090
0.025097
0.025018
0.024974
0.025065
0.024986
0.025172
0.024947
0.024953
0.025053
0.025138
0.025031
0.024986
0.025030
0.024942
0.025009
0.025008
0.025095
0.025183
0.024910
0.025084
0.025061
0.024986
0.024966
0.025003
0.025007
0.025047
0.024921
0.024971
0.024941
0.024983
0.025071
0.024985
0.025040
0.025181
0.025097
0.024991
0.024997
0.024884
0.024994
0.024885
0.024962
0.025001
0.025091
0.025035
0.025031
0.025015
0.025022
0.025157
0.024995
