0.006217
0.020466
0.025043
0.025142
0.025005
0.025182
0.025042
0.024923
0.025248
0.025028
0.025038
0.025156
0.025023
0.025202
0.025079
0.025115
0.024933
0.024984
0.024965
0.025067
0.024945
0.025172
0.024918
0.025007
0.025078
0.025041
0.024922
0.024986
0.025104
0.025096
0.024928
0.024984
0.025022
0.025062
0.024950
0.024899
0.024919
0.025015
0.024857
0.024939
0.025075
0.025077
0.025041
0.025082
0.025017
0.025169
0.024945
0.025220
0.025074
0.025048
0.025090
0.025156
0.024919
0.024976
0.025069
0.025010
0.024992
0.025178
0.025016
0.025067
0.024991
0.025027
0.025208
0.025089
0.025050
0.025041
0.024979
0.025069
0.025196
0.024962
0.025155
0.024834
0.025269
0.025110
0.024830
0.025105
0.024911
0.025102
0.024956
0.025134
0.025007
0.025043
0.025046
0.025093
0.024909
0.025024
0.025141
0.025148
0.025113
0.024873
0.025023
0.024994
0.024980
0.025036
0.024951
0.024969
0.024946
0.025053
0.024948
0.025063
0.025014
0.024870
0.025067
0.024965
0.025145
0.025037
0.025145
0.025005
0.025038
0.024979
0.025051
0.025086
0.024995
0.024979
0.025012
0.024927
0.024952
0.024973
0.024956
0.025232
0.025061
0.024907
0.025093
0.025084
0.025115
0.024977
0.025030
0.025126
0.025032
0.025106
0.025060
0.025092
0.024813
0.025021
0.025158
0.025005
0.025033
0.025254
0.025089
0.025001
0.025033
0.025218
0.025066
0.025026
0.024984
0.025123
0.025094
0.025179
0.025023
0.025115
0.024954
0.024997
0.025023
0.024915
0.024909
0.025150
0.024962
0.024917
0.025081
0.025007
0.024893
0.025021
0.024841
0.025072
0.025110
0.025114
0.024959
0.024981
0.025147
0.025160
0.024826
0.024976
0.025098
0.025100
0.025108
0.024973
0.024994
0.025056
0.024899
0.024889
0.025088
0.024961
0.025114
0.025192
0.025070
0.025160
0.025109
0.025167
0.025014
0.025063
0.025093
0.025091
0.025169
0.025010
0.025034
0.025108
0.025053
0.024903
0.025043
0.025066
0.024976
0.025015
0.024922
0.025194
0.025054
0.025114
0.024874
0.025025
0.025017
0.024946
0.024996
0.025229
0.024931
0.025155
0.024928
0.025197
0.025199
0.025132
0.024962
0.024985
0.024923
0.024997
0.025151
0.025105
0.024954
0.024889
0.025018
0.025100
0.025025
0.024914
0.024852
0.025017
0.025214
0.025073
0.024977
0.025140
0.024994
0.025007
0.024953
0.025218
0.024976
0.025116
0.025068
0.025015
0.024855
0.025066
0.025004
0.025104
0.025073
0.024993
0.024962
0.024897
0.025082
0.025230
0.024973
0.024975
0.025061
0.025193
0.025023
0.025104
0.024985
0.025131
0.025069
0.025170
0.025170
0.025174
0.025128
0.025071
0.024937
0.025227
0.024940
0.025140
0.025037
0.025000
0.024907
0.025050
0.025004
0.024853
0.024962
0.025124
0.025148
0.025073
0.025123
0.025023
0.024939
0.025109
0.025012
0.025052
0.025238
0.025189
0.025157
0.024995
0.025160
0.025186
0.025039
0.025064
0.025053
0.025005
0.025050
0.025055
0.024998
0.025068
0.025021
0.025026
0.024886
0.025123
0.025098
0.025220
0.025060
0.025250
0.025114
0.024894
0.025128
0.025195
0.025088
0.024971
0.025013
0.025232
0.025112
0.025192
0.024944
0.025207
0.024950
0.025009
0.024902
0.025136
0.025125
0.025122
0.024984
0.025012
0.025107
0.024817
0.025104
0.025075
0.025219
0.025046
0.025035
0.024997
0.024955
0.025043
0.024959
0.025163
0.024891
0.025015
0.025004
0.025138
0.024903
0.025045
0.024988
0.025035
0.025106
0.025153
0.024841
0.025123
0.024904
0.025018
0.024984
0.025106
0.025046
0.024959
0.024890
0.025016
0.025011
0.025104
0.024970
0.024919
0.024981
0.025193
0.024870
0.025006
0.024968
0.025175
0.025015
0.024946
0.025218
0.025173
0.025001
0.025089
0.025019
0.025091
0.025121
0.024925
0.024970
0.025057
0.025022
0.025147
0.024904
0.025067
0.025142
0.025094
0.024942
0.025109
0.024932
0.025100
0.024869
0.025197
0.024998
0.025184
0.024902
0.025146
0.025033
0.024910
0.025042
0.025021
0.024944
0.024948
0.025009
0.024913
0.024991
0.025129
0.024925
0.025097
0.025136
0.025157
0.024995
0.025048
0.024893
0.024906
0.024911
0.025014
0.024913
0.025130
0.024906
0.025064
0.025007
0.025042
0.025055
0.025029
0.024928
0.020783
0.020784
0.020844
0.020536
0.020684
0.020653
0.020720
0.020679
0.020571
0.020725
0.020701
0.020606
0.020518
0.020679
0.020667
0.020610
0.020575
0.020592
0.020783
0.020608
0.020538
0.020485
0.020675
0.020625
0.020552
0.020584
0.020666
0.020674
0.020732
0.020820
0.020518
0.020787
0.020636
0.020859
0.020552
0.020688
0.020630
0.020448
0.020658
0.020936
0.021023
0.021099
0.020872
0.021082
0.021066
0.021095
0.021029
0.020891
0.021049
0.021069
0.021139
0.020802
0.020933
0.020894
0.021054
0.021087
0.020924
0.021027
0.021053
0.021045
0.021075
0.020978
0.021072
0.020870
0.020754
0.020894
0.021050
0.020994
0.020935
0.020827
0.020907
0.020894
0.020787
0.020868
0.020912
0.020858
0.020809
0.020940
0.021007
0.020965
0.020976
0.020902
0.020970
0.020804
0.020885
0.020847
0.020853
0.020876
0.020865
0.020900
0.021088
0.020953
0.024984
0.024996
0.025167
0.025108
0.024981
0.024920
0.025240
0.025028
0.025114
0.025294
0.025119
0.024946
0.025126
0.024951
0.025076
0.025194
0.024962
0.025045
0.025102
0.025142
0.024972
0.025005
0.025231
0.024982
0.024976
0.025162
0.025103
0.024991
0.024926
0.024977
0.025021
0.024899
0.024963
0.024968
0.024962
0.025124
0.025116
0.024936
0.025120
0.024918
0.025056
0.025123
0.025168
0.024890
0.025059
0.025007
0.024920
0.024777
0.024991
0.025131
0.024954
0.024977
0.025115
0.025076
0.024980
0.024991
0.025030
0.025123
0.025047
0.024913
0.025096
0.025042
0.025093
0.024959
0.024998
0.025062
0.024950
0.024820
0.025101
0.025064
0.025072
0.024956
0.025133
0.025170
0.025228
0.025166
0.025191
0.025016
0.025048
0.025018
0.025049
0.025198
0.025115
0.025081
0.025036
0.024839
0.025021
0.025112
0.025148
0.025021
0.025142
0.025009
0.025112
0.025123
0.025091
0.025042
0.025052
0.024949
0.025091
0.025065
0.025159
0.025172
0.025077
0.025096
0.025219
0.024940
0.020890
0.020740
0.020606
0.020706
0.020743
0.020672
0.020724
0.020747
0.020582
0.020797
0.020881
0.020806
0.020804
0.020727
0.020769
0.020715
0.020741
0.020700
0.020900
0.020735
0.020778
0.020730
0.020657
0.020833
0.020707
0.020718
0.020687
0.020665
0.020632
0.020627
0.020591
0.020582
0.020931
0.020719
0.020721
0.020650
0.020710
0.020833
0.020742
0.020642
0.021127
0.020893
0.020990
0.021132
0.020977
0.020951
0.020985
0.020989
0.020940
0.020853
0.020944
0.020957
0.020899
0.021089
0.020893
0.021006
0.020941
0.021132
0.020998
0.021026
0.021048
0.020948
0.021076
0.021071
0.021196
0.021028
0.020956
0.021122
0.020977
0.020973
0.020975
0.020825
0.020953
0.020993
0.020919
0.020988
0.021030
0.021104
0.020940
0.021079
0.020997
0.020945
0.020947
0.021053
0.021144
0.016696
0.016582
0.016618
0.016611
0.016638
0.016623
0.016645
0.016728
0.020602
0.020667
0.020706
0.020528
0.020688
0.020617
0.020775
0.020673
0.020612
0.020664
0.020838
0.020754
0.020624
0.020744
0.020505
0.020755
0.020700
0.020588
0.020551
0.020685
0.020723
0.020729
0.020518
0.020648
0.020791
0.020715
0.020493
0.020861
0.020655
0.020586
0.020581
0.020704
0.020682
0.021055
0.021038
0.021064
0.020986
0.021089
0.021024
0.021043
0.021154
0.021149
0.020980
0.021079
0.020907
0.021047
0.021034
0.020987
0.021162
0.021102
0.020963
0.021103
0.021009
0.021075
0.021009
0.020954
0.020955
0.021095
0.021034
0.020888
0.020958
0.021039
0.020974
0.021028
0.021150
0.021075
0.021026
0.021123
0.020872
0.020941
0.020885
0.021029
0.020924
0.020951
0.020969
0.021111
0.020926
0.020954
0.020954
0.021108
0.021049
0.021762
0.017040
0.023021
0.020931
0.017402
0.024740
0.019110
0.014929
0.027083
0.015001
0.026797
0.015013
0.028784
0.017356
0.017065
0.028600
0.019107
0.014910
0.028732
0.019057
0.022746
0.017398
0.016768
0.026968
0.022754
0.019160
0.014921
0.027035
0.014987
0.027068
0.014925
0.027100
0.014977
0.028794
0.019166
0.014988
0.028813
0.017383
0.020746
0.025227
0.013634
0.027317
0.023257
0.017605
0.023393
0.019269
0.023460
0.021631
0.021534
0.021508
0.019216
0.023260
0.021410
0.021476
0.021504
0.019197
0.023333
0.019255
0.023394
0.021030
0.021684
0.021020
0.019304
0.023338
0.021483
0.021457
0.021404
0.021414
0.021480
0.019056
0.023317
0.023236
0.017511
0.023270
0.023266
0.017607
0.023266
0.021528
0.023094
0.015968
0.018667
0.025842
0.023279
0.023132
0.017453
0.023223
0.023247
0.021554
0.027483
0.021278
0.029106
0.021330
0.029116
0.021288
0.029294
0.021226
0.029169
0.021408
0.029222
0.021380
0.029212
0.021172
0.029076
0.021396
0.029161
0.021328
0.029291
0.021297
0.029244
0.021220
0.029264
0.021365
0.029116
0.021371
0.029182
0.021250
0.029187
0.021242
0.029115
0.021332
0.029240
0.021264
0.029205
0.021450
0.029225
0.021358
0.029185
0.021249
0.029196
0.021268
0.029120
0.021208
0.029123
0.021468
0.029158
0.021256
0.029243
0.021418
0.029205
0.021328
0.029169
0.021223
0.029202
0.021289
0.029226
0.021295
0.029139
0.021306
0.029186
0.021196
0.029230
0.021299
0.029230
0.021380
0.029189
0.021372
0.029187
0.021345
0.029187
0.021272
0.029206
0.021275
0.029192
0.021311
0.029138
0.021404
0.027655
0.018913
0.033063
0.021383
0.029214
0.021327
0.029071
0.021319
0.029190
0.021215
0.029094
0.021230
0.029069
0.020984
0.014995
0.028892
0.019165
0.018871
0.024908
0.019169
0.022728
0.017374
0.024585
0.017282
0.024646
0.017460
0.023182
0.022686
0.017523
0.023082
0.022738
0.017334
0.024842
