0.012226
0.019229
0.021408
0.023208
0.023030
0.017386
0.023283
0.023133
0.017437
0.023194
0.023103
0.017416
0.021293
0.023607
0.023076
0.017490
0.021287
0.023605
0.015059
0.027250
0.023123
0.017536
0.023245
0.023145
0.013429
0.027222
0.021118
0.029082
0.021438
0.029200
0.021281
0.029088
0.021289
0.029139
0.021334
0.029154
0.021242
0.029142
0.021164
0.029110
0.021285
0.028953
0.021215
0.029105
0.021077
0.029023
0.021382
0.029058
0.021223
0.029017
0.021306
0.029213
0.021253
0.028942
0.021365
0.029149
0.021156
0.029065
0.021256
0.029093
0.021209
0.029090
0.021222
0.029080
0.021312
0.029185
0.021366
0.029085
0.021151
0.029055
0.021301
0.029218
0.021390
0.029068
0.021229
0.029211
0.021313
0.029134
0.021367
0.029055
0.021328
0.029027
0.021156
0.028963
0.021211
0.029029
0.021171
0.029070
0.021176
0.029057
0.021190
0.029211
0.021220
0.029100
0.021374
0.029114
0.021319
0.029169
0.021296
0.028935
0.021199
0.029079
0.021221
0.029062
0.021247
0.029031
0.021272
0.029058
0.021329
0.029149
0.021181
0.029105
0.021257
0.028972
0.021206
0.028991
0.021152
0.029119
0.021253
0.029029
0.021212
0.029069
0.021306
0.029062
0.021229
0.029130
0.021255
0.028995
0.021228
0.029066
0.021110
0.028935
0.021236
0.029039
0.021318
0.029015
0.021338
0.029048
0.021194
0.029062
0.021337
0.029179
0.021281
0.029038
0.021208
0.029225
0.021194
0.029069
0.021227
0.029172
0.021120
0.029146
0.021152
0.029027
0.021256
0.029057
0.021151
0.029113
0.021291
0.028980
0.021184
0.029055
0.021224
0.029012
0.021216
0.029121
0.021287
0.029102
0.021239
0.029063
0.021334
0.029086
0.021363
0.028927
0.021129
0.029087
0.021294
0.029213
0.021281
0.029162
0.021387
0.029119
0.021266
0.029130
0.021399
0.029054
0.021281
0.029174
0.021228
0.029161
0.021216
0.029032
0.021319
0.029174
0.021307
0.029131
0.021408
0.029117
0.021301
0.029123
0.021260
0.029035
0.021101
0.029042
0.021280
0.029035
0.021236
0.029112
0.021297
0.029100
0.021344
0.029060
0.021366
0.025028
0.018733
0.024857
0.019062
0.014809
0.028673
0.017227
0.024578
0.019120
0.014806
0.028491
0.019103
0.014926
0.028540
0.019034
0.022761
0.019162
0.014828
0.026877
0.022704
0.019125
0.022784
0.019165
0.022814
0.019045
0.014839
0.028629
0.017263
0.020645
0.024818
0.019150
0.014883
0.028585
0.017224
0.024487
0.019475
0.022780
0.017230
0.024690
0.021070
0.021348
0.021427
0.021381
0.017450
0.021106
0.021414
0.021419
0.021435
0.021348
0.021407
0.021367
0.021452
0.021407
0.021446
0.021482
0.021447
0.021382
0.021401
0.021473
0.021443
0.021377
0.021698
0.021120
0.023495
0.023059
0.013388
0.027139
0.023224
0.017400
0.023176
0.022968
0.017441
0.023124
0.022842
0.017415
0.023249
0.023034
0.017300
0.023180
0.023085
0.017490
0.023221
0.022884
0.017365
0.023089
0.023042
0.017338
0.023364
0.029458
0.021252
0.029001
0.021240
0.029165
0.021174
0.029111
0.021143
0.029135
0.021086
0.028980
0.021210
0.029030
0.021199
0.029062
0.021199
0.029020
0.021252
0.029186
0.021238
0.029139
0.021249
0.029091
0.021244
0.029009
0.021327
0.028980
0.021162
0.029142
0.021328
0.029088
0.021176
0.029176
0.021186
0.029088
0.021198
0.029093
0.021345
0.029061
0.021314
0.029164
0.021366
0.029170
0.021293
0.029100
0.021238
0.029074
0.021329
0.029085
0.021255
0.029088
0.021316
0.029171
0.021310
0.029113
0.021273
0.029166
0.021337
0.029134
0.021286
0.029161
0.021223
0.029148
0.021260
0.029104
0.021258
0.029097
0.021235
0.029089
0.021291
0.029048
0.021245
0.029061
0.021237
0.029259
0.021203
0.029172
0.021204
0.029022
0.021329
0.029114
0.021302
0.029017
0.021273
0.029067
0.021292
0.029074
0.021394
0.029161
0.021276
0.029043
0.021332
0.029164
0.021322
0.029113
0.021271
0.029119
0.021255
0.029249
0.021349
0.029147
0.021185
0.029135
0.021251
0.029074
0.021467
0.029269
0.021297
0.029091
0.021244
0.029057
0.021283
0.029083
0.021255
0.029123
0.021333
0.029153
0.021325
0.029168
0.021257
0.029130
0.021242
0.029239
0.021168
0.029205
0.021302
0.029177
0.021321
0.029118
0.021244
0.029255
0.021368
0.029139
0.021205
0.029286
0.021238
0.029109
0.021333
0.029019
0.021218
0.029010
0.021237
0.029165
0.021397
0.029100
0.021384
0.029224
0.021327
0.029067
0.021279
0.029140
0.021324
0.029112
0.021316
0.029208
0.021344
0.029098
0.021350
0.029294
0.021312
0.029064
0.021287
0.029188
0.021220
0.029008
0.021213
0.029012
0.021356
0.029190
0.021180
0.029136
0.021394
0.029179
0.021172
0.029101
0.021220
0.029003
0.021279
0.029153
0.021215
0.029078
0.021287
0.029092
0.021228
0.029183
0.021382
0.029139
0.021405
0.029277
0.021493
0.029178
0.021329
0.029078
0.021168
0.029074
0.021254
0.029122
0.021358
0.029103
0.021137
0.029136
0.021206
0.029159
0.021359
0.029087
0.021252
0.029212
0.021221
0.029218
0.021235
0.029119
0.021325
0.029277
0.021282
0.028979
0.021164
0.029124
0.021357
0.029119
0.021229
0.029153
0.021234
0.029108
0.021185
0.029092
0.021257
0.029130
0.021361
0.029144
0.021393
0.029150
0.021187
0.029080
0.021211
0.029082
0.021213
0.029249
0.021432
0.029212
0.021381
0.029068
0.021287
0.029160
0.021250
0.029177
0.021234
0.029319
0.021196
0.029084
0.021317
0.028991
0.021303
0.029104
0.021352
0.029221
0.021469
0.029078
0.021279
0.029147
0.021405
0.029112
0.021144
0.029122
0.021270
0.029056
0.021267
0.029132
0.021318
0.029042
0.021347
0.029028
0.021271
0.029166
0.021400
0.029230
0.021254
0.029241
0.021224
0.029067
0.021351
0.029171
0.021333
0.029298
0.021246
0.029094
0.021185
0.029102
0.021277
0.029089
0.021146
0.029208
0.021290
0.029147
0.021178
0.029099
0.021111
0.029094
0.021285
0.029039
0.021253
0.029136
0.021327
0.029037
0.021373
0.029079
0.021297
0.029157
0.021176
0.029057
0.021212
0.029086
0.021338
0.029082
0.021243
0.029168
0.021322
0.029104
0.021352
0.029109
0.021291
0.029049
0.021297
0.029150
0.021346
0.029152
0.021258
0.029114
0.021242
0.029150
0.021185
0.029125
0.021240
0.029067
0.021307
0.029076
0.021287
0.029201
0.021380
0.029164
0.021261
0.029165
0.021331
0.028998
0.021334
0.029152
0.021322
0.029203
0.021080
0.018966
0.016797
0.028619
0.019096
0.014887
0.028565
0.019018
0.015152
0.028623
0.019105
0.014938
0.027086
0.022841
0.019039
0.022922
0.017592
0.024485
0.019075
0.022869
0.019120
0.022705
0.017165
0.024772
0.019140
0.022780
0.019178
0.022800
0.017394
0.020736
0.017045
0.027137
0.014955
0.028612
0.019099
0.014883
0.026901
0.022780
0.017195
0.024721
0.017538
0.024858
0.013500
0.020912
0.021504
0.025375
0.021429
0.023046
0.023112
0.019481
0.015067
0.025452
0.023154
0.023259
0.017578
0.023161
0.021309
0.022853
0.013475
0.025346
0.023072
0.023094
0.017503
0.023257
0.023199
0.017553
0.023194
0.023098
0.017387
0.023281
0.023060
0.017401
0.023247
0.023124
0.017400
0.023156
0.019123
0.023299
0.022960
0.017469
0.023235
0.023000
0.017338
0.023126
0.023155
0.015306
0.017121
0.018664
0.011131
0.028895
0.015126
0.028714
0.019080
0.018861
0.024633
0.019170
0.018996
0.016915
0.028656
0.017310
0.020654
0.024873
0.019152
0.022690
0.019153
0.022731
0.019132
0.022824
0.019247
0.014898
0.028855
0.017334
0.016771
0.028625
0.019177
0.014902
0.027072
0.022880
0.019138
0.014925
0.026967
0.014933
0.028569
0.019064
0.014893
0.027303
0.021401
0.021373
0.021215
0.021271
0.021156
0.021472
0.021455
0.021442
0.022955
0.017466
0.023322
0.021371
0.021310
0.021214
0.021624
0.021448
0.021443
0.021350
0.021367
0.021407
0.021394
0.021310
0.021348
0.023199
0.013552
0.025574
0.023022
0.022940
0.017365
0.023224
0.023092
0.017378
0.023196
0.015112
0.027205
0.023131
0.017493
0.023337
0.023144
0.017534
0.023172
0.023144
0.017507
0.019103
0.017116
0.016981
0.018670
0.020720
0.020675
0.020730
0.020864
0.020725
0.020826
0.020636
0.020914
0.020876
0.020615
0.020801
0.020745
0.020731
0.020756
0.020692
0.020633
0.020789
0.020702
0.020804
0.020849
0.020705
0.020778
0.020670
0.020704
0.020723
0.020684
0.020766
0.020723
0.020771
0.020622
0.020728
0.020828
0.020720
0.020779
0.020804
0.020843
0.020983
0.021028
0.021066
0.021012
0.021064
0.021014
0.020937
0.020997
0.021098
0.020896
0.021081
0.020968
0.021064
0.021076
0.021076
0.021070
0.021003
0.021007
0.021168
0.021182
0.021101
0.020966
0.021164
0.021130
0.020946
0.020995
0.020983
0.020965
0.021054
0.021028
0.020925
0.021038
0.021010
0.020967
0.021082
0.020958
0.021055
0.021008
0.020946
0.020980
0.020962
0.020889
0.021059
0.021047
0.021010
0.020977
0.020918
0.021024
0.020976
0.020974
0.021011
0.021018
0.021168
0.025000
0.025199
0.025019
0.025021
0.024830
0.025130
0.025080
0.025003
0.025131
0.025226
0.025078
0.024920
0.025145
0.025105
0.025196
0.025154
0.025057
0.025137
0.025206
0.025037
0.025075
0.024990
0.025097
0.025117
0.025098
0.025089
0.025201
0.025060
0.024854
0.025107
0.024991
0.025026
0.025153
0.025037
0.025112
0.025073
0.025019
0.025034
0.025016
0.024998
0.024972
0.024985
0.025000
0.025178
0.024888
0.025022
0.025032
0.025073
0.025009
0.024999
0.024946
0.024988
0.024945
0.025138
0.024988
0.025199
0.025170
0.025144
0.025202
0.025077
0.025069
0.024983
0.024970
0.025021
0.025092
0.025032
0.025066
0.025058
0.025005
0.024952
0.025108
0.025157
0.024960
0.025007
0.025081
0.025141
0.024994
0.025028
0.024905
0.025001
0.024970
0.024903
0.024912
0.024950
0.024960
0.025008
0.025084
0.025053
0.025030
0.025144
