0.008181
0.018370
0.024720
0.024941
0.024863
0.025023
0.024864
0.024937
0.024941
0.025019
0.024964
0.024961
0.025027
0.025068
0.024877
0.025082
0.024840
0.024960
0.024911
0.024975
0.024816
0.025013
0.024715
0.025041
0.024858
0.025054
0.024874
0.025100
0.024885
0.025056
0.024760
0.024833
0.024841
0.024892
0.024861
0.024954
0.024942
0.024972
0.024947
0.020641
0.020495
0.020485
0.020665
0.020624
0.020698
0.020563
0.020604
0.020748
0.020647
0.020561
0.020575
0.020556
0.020661
0.020514
0.020663
0.020660
0.020635
0.020664
0.020611
0.020674
0.020753
0.020707
0.020643
0.020661
0.020568
0.020558
0.020570
0.020651
0.020656
0.020589
0.020531
0.020676
0.020647
0.020584
0.020537
0.020605
0.020551
0.020706
0.020822
0.020818
0.020729
0.020801
0.020815
0.020788
0.020936
0.020948
0.020753
0.020915
0.020803
0.020988
0.020833
0.020941
0.020782
0.020860
0.020859
0.021022
0.020765
0.020984
0.020852
0.020768
0.020653
0.020870
0.020805
0.020982
0.020846
0.020772
0.020707
0.020988
0.021030
0.020871
0.020704
0.020954
0.020805
0.020787
0.020757
0.020826
0.020766
0.020744
0.020729
0.020927
0.020818
0.020853
0.020692
0.020777
0.020860
0.020737
0.020808
0.020960
0.020970
0.021091
0.022892
0.024945
0.024763
0.024924
0.025065
0.024805
0.025019
0.024865
0.024898
0.024801
0.024962
0.024807
0.024922
0.024870
0.024786
0.024947
0.024842
0.024886
0.024973
0.025069
0.024902
0.024989
0.025055
0.025046
0.024931
0.024994
0.025024
0.024940
0.024962
0.024961
0.025110
0.025047
0.024998
0.025081
0.024733
0.025089
0.024949
0.025001
0.025166
0.024985
0.025059
0.025001
0.024974
0.024918
0.024987
0.025020
0.024814
0.024943
0.024839
0.024918
0.024865
0.024922
0.025031
0.024849
0.024980
0.024980
0.025008
0.025118
0.025083
0.024953
0.024982
0.024884
0.024918
0.024925
0.025008
0.024978
0.024888
0.025081
0.024896
0.024934
0.025046
0.025051
0.024986
0.024993
0.025001
0.024978
0.024945
0.024979
0.024911
0.024950
0.024836
0.024956
0.024943
0.025055
0.024955
0.025028
0.024930
0.024968
0.025000
0.024951
0.024882
0.024801
0.024848
0.025031
0.024968
0.025081
0.024991
0.025013
0.024991
0.025012
0.025163
0.024992
0.024985
0.025008
0.024989
0.025085
0.024858
0.024989
0.024863
0.024860
0.025080
0.024887
0.024912
0.024826
0.024940
0.025078
0.025068
0.025036
0.024740
0.025080
0.024979
0.025074
0.024965
0.025053
0.024987
0.025036
0.025160
0.024984
0.024788
0.024939
0.025027
0.025151
0.025039
0.025040
0.024822
0.025025
0.025052
0.024978
0.024923
0.025128
0.024919
0.024988
0.024999
0.025030
0.025007
0.025013
0.025060
0.025047
0.025063
0.025095
0.024915
0.025023
0.025031
0.025142
0.025037
0.025207
0.024891
0.025033
0.024925
0.024985
0.024962
0.024861
0.024848
0.025007
0.024905
0.025101
0.025002
0.025013
0.024910
0.025028
0.024965
0.025151
0.024976
0.025051
0.024939
0.024840
0.024812
0.024948
0.024993
0.025013
0.024895
0.025168
0.025064
0.024865
0.024892
0.024798
0.024957
0.024993
0.025132
0.024960
0.024993
0.025090
0.024883
0.025026
0.024959
0.025006
0.025110
0.024944
0.024904
0.024977
0.024862
0.025056
0.024878
0.024956
0.024818
0.024947
0.024868
0.024917
0.024996
0.025082
0.024903
0.024903
0.024777
0.024939
0.024857
0.025017
0.024855
0.024936
0.024947
0.024991
0.025018
0.025097
0.024795
0.024927
0.024974
0.024883
0.025033
0.024979
0.024865
0.024848
0.024860
0.025043
0.024965
0.025005
0.025122
0.025027
0.025019
0.024892
0.025023
0.025090
0.024969
0.025014
0.024955
0.025114
0.024910
0.020795
0.020448
0.020777
0.020472
0.020629
0.020718
0.020700
0.020746
0.020708
0.020604
0.020573
0.020561
0.020605
0.020544
0.020567
0.020535
0.020555
0.020576
0.018510
0.010941
0.018395
0.020621
0.011047
0.018425
0.020674
0.011051
0.018309
0.020617
0.012809
0.014508
0.018602
0.020525
0.011216
0.018366
0.020654
0.012719
0.020581
0.011185
0.018332
0.014496
0.018602
0.020457
0.011109
0.018405
0.020829
0.011358
0.022342
0.011414
0.022471
0.013001
0.020801
0.012890
0.020885
0.011471
0.022407
0.012935
0.014780
0.022797
0.012784
0.020918
0.012820
0.020905
0.012897
0.020964
0.012854
0.020965
0.013359
0.017161
0.021066
0.017337
0.017329
0.017226
0.017353
0.017233
0.013155
0.017123
0.017277
0.020974
0.017343
0.017276
0.017249
0.017228
0.017195
0.017289
0.017204
0.017343
0.017307
0.017249
0.017292
0.017211
0.011320
0.017574
0.023540
0.026970
0.023058
0.013672
0.027125
0.022903
0.013742
0.026986
0.022970
0.013656
0.023051
0.025294
0.022996
0.013746
0.027091
0.022964
0.013868
0.026832
0.023100
0.021465
0.015322
0.027174
0.013547
0.033225
0.029018
0.021389
0.028874
0.021297
0.029096
0.021583
0.028904
0.021539
0.028982
0.021599
0.028851
0.021499
0.028947
0.021255
0.028855
0.021516
0.029080
0.021644
0.029059
0.021498
0.029004
0.021644
0.029110
0.021596
0.029138
0.021570
0.028925
0.021553
0.029061
0.021661
0.028994
0.021684
0.029055
0.021793
0.028914
0.021442
0.028769
0.021394
0.028892
0.021424
0.028939
0.021474
0.028981
0.021337
0.028845
0.021484
0.028918
0.021378
0.028901
0.021397
0.028796
0.019327
0.014811
0.024968
0.017087
0.024769
0.018893
0.018982
0.024981
0.014717
0.018524
0.020570
0.012746
0.020445
0.012672
0.020556
0.012612
0.020468
0.012737
0.020504
0.012733
0.020554
0.011139
0.018357
0.020530
0.016861
0.011101
0.018295
0.020692
0.010847
0.016993
0.018337
0.020606
0.010867
0.018653
0.020519
0.011015
0.018485
0.020587
0.011059
0.018388
0.020586
0.012619
0.020624
0.011187
0.018232
0.020770
0.011097
0.018716
0.014935
0.019000
0.020882
0.011434
0.018724
0.020854
0.012947
0.020822
0.012871
0.017014
0.017411
0.016974
0.017138
0.017280
0.017121
0.017306
0.017262
0.017257
0.017232
0.017182
0.017146
0.017308
0.017216
0.017503
0.017268
0.017215
0.016884
0.017489
0.017170
0.017318
0.017224
0.017332
0.017272
0.021088
0.017309
0.017508
0.017400
0.017382
0.017205
0.011353
0.017179
0.017540
0.017297
0.017292
0.017166
0.017606
0.026538
0.021539
0.021379
0.013497
0.024848
0.017222
0.024899
0.017311
0.023416
0.026794
0.013304
0.032809
0.017367
0.032911
0.017497
0.032827
0.017546
0.032915
0.017404
0.032790
0.017527
0.032761
0.017475
0.032804
0.017443
0.032897
0.017388
0.032860
0.017340
0.032903
0.017466
0.032935
0.017418
0.032889
0.017495
0.032862
0.017459
0.032880
0.017491
0.033061
0.017478
0.033033
0.017332
0.032882
0.017511
0.032807
0.017376
0.032932
0.017558
0.032946
0.017453
0.032890
0.017491
0.032981
0.017445
0.032838
0.017417
0.032955
0.017441
0.032915
0.017482
0.032954
0.017560
0.032952
0.017481
0.032986
0.017503
0.032873
0.017430
0.033001
0.017466
0.033065
0.017534
0.032881
0.017483
0.032840
0.017423
0.032978
0.017532
0.033073
0.017399
0.032983
0.017514
0.032881
0.017427
0.032823
0.017495
0.032882
0.017432
0.032937
0.017466
0.032910
0.017449
0.032900
0.017512
0.033004
0.017395
0.033064
0.017475
0.032907
0.017428
0.033063
0.017371
0.033164
0.017520
0.033005
0.017436
0.032993
0.017419
0.033015
0.017523
0.032949
0.019122
0.021204
0.030952
0.021331
0.032942
0.017559
0.032852
0.017534
0.032760
0.017508
0.032833
0.017584
0.032906
0.017502
0.032773
0.017440
0.033081
0.017449
0.033042
0.017519
0.032823
0.017469
0.032839
0.017420
0.032894
0.017462
0.032919
0.017481
0.032953
0.017485
0.032788
0.017511
0.032842
0.017565
0.032964
0.017636
0.032713
0.017608
0.032805
0.017570
0.032762
0.017507
0.032700
0.017602
0.032874
0.017741
0.032778
0.017608
0.032972
0.017510
0.032869
0.017621
0.032768
0.017489
0.032785
0.017564
0.032886
0.017573
0.032890
0.017559
0.032859
0.017562
0.032905
0.025657
0.017439
0.032986
0.017508
0.033219
0.017495
0.032957
0.017465
0.032958
0.025556
0.017540
0.032991
0.017578
0.032922
0.017397
0.032837
0.017535
0.032888
0.017435
0.033009
0.017410
0.032900
0.017515
0.032874
0.017487
0.032946
0.017422
0.032795
0.017402
0.032890
0.017463
0.032980
0.017458
0.032893
0.017473
0.033035
0.017408
0.032886
0.017405
0.032979
0.017383
0.032922
0.017507
0.032960
0.017422
0.032875
0.017463
0.032911
0.017527
0.032841
0.017625
0.032933
0.017546
0.032883
0.017591
0.032840
0.017577
0.032845
0.017682
0.032869
0.017453
0.032833
0.017628
0.032874
0.017637
0.032856
0.017496
0.032722
0.017501
0.032904
0.017577
0.032721
0.017595
0.032703
0.017563
0.032757
0.017614
0.032895
0.017461
0.032810
0.017540
0.032981
0.017650
0.032917
0.017574
0.032762
0.017491
0.032915
0.017574
0.032856
0.017585
0.032914
0.019249
0.021158
0.031015
0.021183
0.032939
0.017459
0.032877
0.017508
0.033152
0.017859
0.032639
0.017681
0.032707
0.017474
0.032862
0.017492
0.032938
0.017548
0.032883
0.017626
0.032783
0.017626
0.032856
0.017485
0.032857
0.017569
0.032844
0.017558
0.032923
0.017471
0.032894
0.017447
0.032904
0.017487
0.032945
0.017415
0.033101
0.017627
0.032812
0.017599
0.032858
0.017466
0.032860
0.017408
0.032879
0.017480
0.032985
0.017429
0.032882
0.017496
0.032906
0.017455
0.032932
0.017614
0.032804
0.017601
0.032990
0.017464
0.032944
0.017427
0.033002
0.017573
0.032916
0.017375
0.032973
0.017420
0.033067
0.017479
0.032906
0.017565
0.032754
0.017520
0.032956
0.017560
0.033037
0.017458
0.033012
0.017444
0.032985
0.017515
0.032932
0.017529
0.032851
0.017556
0.032833
0.017736
0.032630
0.017431
0.032862
0.017534
0.032727
0.017451
0.033147
0.017613
0.032794
0.017787
0.032686
