0.012406
0.017126
0.025436
0.023020
0.015354
0.026882
0.013832
0.025346
0.018625
0.027263
0.013816
0.026821
0.023118
0.013618
0.022935
0.025099
0.019325
0.031021
0.018962
0.032698
0.021416
0.028801
0.021486
0.028895
0.021438
0.028832
0.021413
0.028805
0.021452
0.028775
0.021445
0.028906
0.021576
0.028986
0.021137
0.015091
0.018878
0.028779
0.015233
0.018761
0.028864
0.015030
0.018836
0.028751
0.015191
0.018767
0.028633
0.015010
0.026711
0.015092
0.018875
0.026956
0.014842
0.027073
0.015074
0.026685
0.014982
0.028589
0.013423
0.026760
0.015018
0.026689
0.015150
0.028335
0.015014
0.026723
0.015146
0.026659
0.015119
0.018789
0.027090
0.015183
0.026879
0.015095
0.025511
0.016753
0.025774
0.016680
0.027281
0.023150
0.021444
0.021354
0.021369
0.021390
0.021392
0.021410
0.021482
0.021353
0.021251
0.021459
0.021417
0.021500
0.021571
0.021406
0.021353
0.021436
0.021532
0.021456
0.013782
0.026830
0.023031
0.021348
0.021339
0.021312
0.021294
0.021351
0.013696
0.026894
0.023110
0.015232
0.026959
0.015258
0.026880
0.015356
0.027079
0.015130
0.026881
0.015185
0.026960
0.015345
0.026897
0.013742
0.027031
0.021175
0.030905
0.021168
0.033069
0.017424
0.032764
0.017537
0.032822
0.017479
0.032836
0.017516
0.032876
0.017448
0.032897
0.017484
0.032807
0.017521
0.032766
0.017648
0.032696
0.017456
0.032878
0.017523
0.032910
0.017534
0.032762
0.017416
0.032808
0.017631
0.032862
0.017370
0.032938
0.017456
0.032942
0.017504
0.032829
0.017443
0.032819
0.017548
0.032929
0.017391
0.032742
0.017496
0.032901
0.017592
0.032996
0.017485
0.032760
0.017499
0.032718
0.017503
0.032721
0.017424
0.032830
0.017455
0.032822
0.017531
0.032867
0.017394
0.032807
0.017590
0.032888
0.017580
0.033000
0.017507
0.032880
0.017456
0.032813
0.017473
0.032822
0.017474
0.032781
0.017571
0.032959
0.017582
0.032789
0.017472
0.032806
0.017569
0.032955
0.017504
0.032868
0.017491
0.032895
0.017544
0.033131
0.017503
0.033023
0.017581
0.032844
0.017515
0.032827
0.017560
0.032804
0.017476
0.032931
0.015751
0.031037
0.021286
0.033074
0.017533
0.032936
0.017556
0.032931
0.017407
0.033046
0.017503
0.032999
0.017440
0.032790
0.017513
0.032919
0.017489
0.032832
0.017473
0.032784
0.017472
0.032965
0.017575
0.032752
0.017577
0.032844
0.017541
0.032841
0.017461
0.032736
0.017495
0.032967
0.017441
0.032916
0.017550
0.032965
0.017479
0.032907
0.017565
0.033035
0.015681
0.029578
0.020960
0.031125
0.021215
0.033008
0.017562
0.032920
0.017616
0.032956
0.017602
0.032924
0.017596
0.032784
0.017640
0.032807
0.017639
0.032945
0.017537
0.032947
0.017617
0.032853
0.017557
0.032914
0.017638
0.032940
0.017493
0.032950
0.017548
0.032964
0.017564
0.032892
0.017560
0.033061
0.017581
0.032898
0.017541
0.033063
0.017569
0.032893
0.017509
0.032952
0.017665
0.032998
0.017517
0.032990
0.017597
0.033044
0.017586
0.032881
0.017473
0.032874
0.017572
0.033071
0.017509
0.032970
0.017526
0.032763
0.017629
0.032799
0.017649
0.032941
0.017495
0.032925
0.017615
0.032953
0.017623
0.032984
0.017515
0.032968
0.017703
0.033100
0.017604
0.032921
0.017541
0.032984
0.017620
0.032968
0.017556
0.032921
0.017509
0.033093
0.017527
0.032975
0.017599
0.032970
0.017457
0.032769
0.017531
0.032874
0.017546
0.032739
0.017682
0.033106
0.017608
0.032922
0.017487
0.032901
0.017613
0.032805
0.017608
0.032887
0.017586
0.032877
0.017617
0.032923
0.017407
0.032986
0.017647
0.032993
0.017465
0.032950
0.017579
0.032913
0.017645
0.032970
0.017603
0.032921
0.017542
0.032934
0.017639
0.033106
0.017500
0.032885
0.017589
0.032992
0.017604
0.032733
0.017539
0.032876
0.017480
0.032839
0.017534
0.032965
0.017487
0.032730
0.017441
0.032912
0.013439
0.024605
0.018916
0.018903
0.024935
0.018868
0.018936
0.024774
0.019010
0.018914
0.024737
0.019167
0.018740
0.023397
0.026396
0.017324
0.018702
0.018840
0.023149
0.018696
0.023373
0.018620
0.023094
0.026485
0.013519
0.022841
0.026511
0.015074
0.018796
0.023201
0.018584
0.023162
0.018737
0.023252
0.026396
0.020953
0.015194
0.018650
0.024735
0.025209
0.013505
0.024841
0.017172
0.025107
0.017234
0.025022
0.017289
0.025199
0.017235
0.025080
0.017254
0.025058
0.017176
0.023470
0.022944
0.025052
0.013450
0.025029
0.017246
0.025076
0.017236
0.025071
0.017170
0.023569
0.022912
0.017224
0.023550
0.022932
0.017141
0.021719
0.023153
0.026767
0.013445
0.023357
0.026721
0.021132
0.013561
0.023474
0.026878
0.013529
0.023328
0.026721
0.013409
0.023470
0.026912
0.013487
0.023421
0.021425
0.024421
0.024883
0.024905
0.025056
0.024902
0.024998
0.025064
0.025017
0.025003
0.025098
0.025020
0.025097
0.024935
0.024997
0.024992
0.024979
0.024910
0.025020
0.024938
0.025059
0.025117
0.024981
0.025027
0.024911
0.025102
0.025022
0.024981
0.025004
0.025010
0.025098
0.024940
0.025089
0.024994
0.024968
0.025123
0.025039
0.024956
0.025093
0.025058
0.025058
0.025016
0.024991
0.025018
0.025043
0.025118
0.025037
0.025028
0.024948
0.025015
0.025010
0.025055
0.024992
0.025040
0.025041
0.025015
0.025133
0.024987
0.025021
0.024929
0.025082
0.024972
0.025112
0.025052
0.025117
0.025020
0.025033
0.024880
0.025066
0.025164
0.025047
0.025049
0.025069
0.025058
0.025027
0.024994
0.025062
0.025110
0.025162
0.024939
0.024993
0.025098
0.024995
0.024993
0.025031
0.025014
0.025106
0.025041
0.025028
0.024919
0.024997
0.025021
0.025168
0.024980
0.025091
0.025108
0.025131
0.024916
0.025017
0.025097
0.025050
0.024879
0.025089
0.024917
0.025077
0.024940
0.024939
0.024947
0.025123
0.025015
0.024987
0.024982
0.024998
0.018674
0.019016
0.018979
0.024980
0.018759
0.019069
0.024881
0.018795
0.018872
0.024846
0.018753
0.018993
0.023356
0.018650
0.023361
0.018576
0.024886
0.016927
0.023277
0.018620
0.024791
0.018723
0.026815
0.019274
0.014673
0.024645
0.016889
0.024848
0.018693
0.018991
0.024701
0.017015
0.023102
0.018676
0.023382
0.026493
0.015022
0.026695
0.017023
0.021146
0.021331
0.025127
0.021272
0.021256
0.021360
0.021421
0.021438
0.021365
0.021404
0.021395
0.021251
0.021485
0.021369
0.021385
0.021406
0.021404
0.021402
0.021205
0.021428
0.021375
0.021383
0.021299
0.021509
0.013546
0.023360
0.026765
0.013413
0.023339
0.026933
0.013521
0.023190
0.026781
0.013493
0.023439
0.026627
0.013489
0.023510
0.016811
0.019016
0.014988
0.022961
0.017101
0.016974
0.011014
0.022734
0.012883
0.020261
0.020638
0.020658
0.020748
0.020484
0.020677
0.020643
0.020652
0.020653
0.020587
0.020531
0.020702
0.020610
0.020693
0.020717
0.020625
0.020676
0.020582
0.020577
0.020720
0.020543
0.020817
0.020485
0.020658
0.020730
0.020597
0.020643
0.020676
0.020701
0.020665
0.020612
0.020748
0.020800
0.020987
0.021036
0.021034
0.020904
0.021050
0.020776
0.020959
0.020750
0.020914
0.020871
0.020975
0.020788
0.021001
0.020918
0.021175
0.021104
0.020923
0.020983
0.021036
0.020859
0.020953
0.020963
0.020958
0.020827
0.020965
0.020954
0.021002
0.020889
0.020938
0.020993
0.020940
0.020965
0.020977
0.020766
0.020950
0.021032
0.021008
0.021138
0.020965
0.020840
0.020924
0.020905
0.020953
0.021073
0.020942
0.020695
0.020911
0.020925
0.021036
0.020873
0.021026
0.020878
0.024935
0.024864
0.016905
0.018674
0.024692
0.018996
0.018893
0.018866
0.025085
0.018647
0.018698
0.024798
0.018759
0.026910
0.014991
0.022922
0.016789
0.024829
0.016994
0.020626
0.025043
0.018847
0.023139
0.018784
0.024690
0.018888
0.018935
0.022936
0.018773
0.023025
0.018869
0.024670
0.018979
0.018848
0.024634
0.019082
0.016986
0.024764
0.018821
0.024660
0.017339
0.027026
0.017197
0.017257
0.021524
0.023070
0.023285
0.022909
0.015573
0.020836
0.021701
0.023172
0.023351
0.017048
0.021476
0.023154
0.024912
0.015614
0.021314
0.021379
0.021450
0.023022
0.023106
0.017196
0.021557
0.021119
0.023571
0.023255
0.017009
0.023155
0.023277
0.017322
0.023254
0.023124
0.017156
0.021166
0.021444
0.023406
0.023072
0.017083
0.021230
0.023533
0.023252
0.017215
0.023237
0.023208
0.017064
0.023246
0.023308
0.022978
0.021047
0.029186
0.021089
0.029103
0.021081
0.029255
0.021242
0.029086
0.021249
0.029272
0.021199
0.029264
0.021161
0.029119
0.021197
0.029207
0.021215
0.029159
0.021132
0.029199
0.021139
0.029154
0.021027
0.029045
0.021222
0.029188
0.021206
0.029114
0.021053
0.029025
0.021202
0.029250
0.021068
0.029103
0.021091
0.029067
0.021167
0.029128
0.021129
0.029166
0.021193
0.029160
0.021257
0.029355
0.021189
0.029118
0.021114
0.029224
0.021201
0.029186
0.021064
0.029195
0.021311
0.029268
0.021103
0.029191
0.021095
0.029175
0.021090
0.029175
0.021010
0.029104
0.021044
0.029046
0.021080
0.029132
0.021177
0.029171
0.021182
0.029195
0.021194
0.029124
0.021081
0.029311
0.021156
0.029147
0.021089
0.029230
0.021279
0.029124
0.021069
0.029093
0.021053
0.029262
0.021230
0.029299
0.021042
0.029137
0.014823
0.024889
0.017132
0.024829
0.017085
0.024776
0.018744
0.026797
0.016748
0.017063
0.024800
0.016956
