0.009619
0.016623
0.017410
0.025011
0.018843
0.024728
0.017341
0.024665
0.017152
0.024676
0.019300
0.017064
0.026826
0.019074
0.018941
0.024743
0.019208
0.018788
0.023028
0.017106
0.026585
0.017284
0.022937
0.018899
0.024724
0.017370
0.024615
0.017379
0.024669
0.017322
0.024579
0.019227
0.018992
0.024722
0.019144
0.017126
0.020815
0.025514
0.023111
0.017610
0.023376
0.017391
0.023450
0.019209
0.023494
0.021595
0.021473
0.021503
0.019124
0.023292
0.021325
0.021546
0.021491
0.019087
0.023353
0.019122
0.023544
0.020964
0.021665
0.020910
0.019345
0.023363
0.021478
0.021439
0.021340
0.021441
0.021513
0.018955
0.023332
0.023485
0.017196
0.023299
0.023282
0.017450
0.023323
0.021499
0.023238
0.025318
0.019159
0.015669
0.023320
0.023342
0.017156
0.023253
0.023300
0.021401
0.027491
0.021110
0.029258
0.021205
0.029155
0.021195
0.029340
0.021168
0.029178
0.021273
0.029307
0.021248
0.029260
0.021111
0.029093
0.021326
0.029208
0.021215
0.029343
0.021222
0.029305
0.021178
0.029285
0.021246
0.029186
0.021276
0.029299
0.021091
0.029275
0.021170
0.029153
0.021245
0.029245
0.021245
0.029218
0.021327
0.029323
0.021256
0.029175
0.021160
0.029251
0.021167
0.029254
0.021069
0.029197
0.021275
0.029269
0.021187
0.029265
0.021295
0.029240
0.021224
0.029183
0.021168
0.029239
0.021162
0.029246
0.021190
0.029231
0.021251
0.029190
0.021155
0.029274
0.021202
0.029274
0.021292
0.029272
0.021253
0.029192
0.021210
0.029315
0.021232
0.029204
0.021170
0.029204
0.021152
0.029202
0.021326
0.027694
0.030552
0.021391
0.021217
0.029211
0.021220
0.029086
0.021207
0.029252
0.021122
0.029147
0.021130
0.029149
0.020912
0.024675
0.019433
0.018880
0.018926
0.025142
0.018911
0.023001
0.017021
0.024796
0.017010
0.024809
0.017190
0.023438
0.022688
0.017263
0.023280
0.022768
0.017080
0.025058
0.014911
0.020417
0.012995
0.020365
0.013107
0.020562
0.013037
0.020263
0.013002
0.020387
0.013107
0.020607
0.013097
0.018616
0.016990
0.018384
0.013050
0.018667
0.016878
0.017016
0.016798
0.016908
0.016746
0.018516
0.013301
0.020553
0.013398
0.020509
0.013428
0.020601
0.015187
0.018820
0.015137
0.018833
0.013392
0.020746
0.015133
0.018907
0.015058
0.017205
0.017051
0.017007
0.017023
0.017183
0.016992
0.018872
0.013307
0.020473
0.017356
0.017378
0.017370
0.013479
0.019151
0.017202
0.017371
0.017319
0.017144
0.017369
0.017199
0.017537
0.017321
0.017184
0.017471
0.017299
0.017130
0.017344
0.017299
0.017271
0.017515
0.017229
0.017344
0.017475
0.021187
0.023228
0.023251
0.017107
0.023267
0.023346
0.017147
0.023249
0.023312
0.017066
0.021200
0.023691
0.023295
0.017167
0.021274
0.023674
0.024769
0.017419
0.023341
0.017183
0.023349
0.023384
0.022995
0.017365
0.018988
0.029283
0.033144
0.017574
0.032810
0.017476
0.032871
0.017564
0.032873
0.017526
0.032892
0.017453
0.032702
0.017484
0.032911
0.017385
0.032825
0.017496
0.032687
0.017423
0.032972
0.017394
0.032786
0.017458
0.032820
0.017529
0.032811
0.017367
0.032905
0.017514
0.032763
0.017490
0.032817
0.017493
0.032806
0.017445
0.032836
0.017375
0.032959
0.017507
0.032886
0.017509
0.032660
0.017492
0.032889
0.017552
0.033007
0.017417
0.032819
0.017525
0.032968
0.017480
0.032908
0.017422
0.032989
0.017530
0.032723
0.017398
0.032796
0.017375
0.032793
0.017464
0.032769
0.017380
0.032883
0.017599
0.032745
0.017514
0.033033
0.017495
0.032837
0.017523
0.032881
0.017406
0.032816
0.017510
0.032773
0.017468
0.032859
0.017501
0.032874
0.017437
0.032915
0.017541
0.032768
0.017441
0.032869
0.017406
0.032753
0.017421
0.032742
0.017506
0.032864
0.017476
0.032804
0.017390
0.032892
0.017443
0.032911
0.017443
0.032862
0.017399
0.032799
0.017491
0.032689
0.017417
0.032805
0.017390
0.032955
0.017460
0.032893
0.017446
0.032785
0.017446
0.032989
0.017568
0.032936
0.017378
0.032914
0.017586
0.032767
0.017412
0.032852
0.017581
0.032778
0.017496
0.032794
0.017451
0.032889
0.017436
0.032736
0.017469
0.032903
0.017392
0.032760
0.017484
0.032842
0.017395
0.032833
0.017533
0.032926
0.017507
0.032832
0.017452
0.032889
0.017454
0.032987
0.017476
0.032659
0.017520
0.032950
0.017557
0.032946
0.017533
0.032932
0.017503
0.032899
0.017468
0.033040
0.017432
0.032928
0.017526
0.032906
0.017491
0.032855
0.017481
0.032898
0.017551
0.032933
0.017465
0.032970
0.017551
0.032864
0.017545
0.032799
0.017509
0.032725
0.017476
0.032835
0.017395
0.032890
0.017490
0.032848
0.017521
0.032951
0.017452
0.033012
0.015325
0.018772
0.025203
0.018787
0.024565
0.019180
0.016943
0.024900
0.018818
0.024603
0.019016
0.018928
0.024638
0.019104
0.018786
0.023140
0.018826
0.024632
0.017220
0.022972
0.018818
0.023141
0.018802
0.023183
0.018800
0.024652
0.019061
0.017088
0.020759
0.025050
0.018913
0.024715
0.019002
0.017115
0.024771
0.019218
0.023172
0.016949
0.024923
0.021148
0.021087
0.021382
0.021704
0.017212
0.021171
0.021432
0.021394
0.021453
0.021414
0.021422
0.021374
0.021428
0.021432
0.021428
0.021458
0.021485
0.021391
0.021466
0.021466
0.021495
0.021404
0.021770
0.021056
0.023680
0.023163
0.022978
0.017386
0.023518
0.017099
0.023291
0.023261
0.017097
0.023222
0.023052
0.017159
0.023314
0.023269
0.017056
0.023164
0.023384
0.017141
0.023316
0.023122
0.017088
0.023201
0.023298
0.017079
0.021222
0.029800
0.032885
0.017483
0.032790
0.017618
0.032747
0.017436
0.032806
0.017497
0.032660
0.017381
0.032796
0.017406
0.032730
0.017502
0.032802
0.017465
0.032894
0.017485
0.032881
0.017482
0.032875
0.017453
0.032852
0.017412
0.032872
0.017426
0.032687
0.017536
0.032914
0.017485
0.032716
0.017549
0.032775
0.017520
0.032825
0.017418
0.032968
0.017450
0.032833
0.017519
0.033017
0.017463
0.032854
0.017514
0.032888
0.017397
0.032904
0.017472
0.032908
0.017432
0.032887
0.017600
0.032803
0.017501
0.032892
0.017536
0.032975
0.017510
0.032910
0.017522
0.032737
0.017558
0.032787
0.017518
0.032810
0.017508
0.032847
0.017501
0.032916
0.017423
0.032828
0.017419
0.032912
0.017568
0.032812
0.017500
0.032780
0.017472
0.032911
0.017548
0.032882
0.017416
0.032823
0.017374
0.032898
0.017390
0.033046
0.017455
0.032927
0.017409
0.033007
0.017501
0.032859
0.017529
0.032876
0.017429
0.032857
0.017583
0.032959
0.017479
0.032781
0.017531
0.032833
0.017520
0.033103
0.017605
0.032899
0.017384
0.032760
0.017485
0.032850
0.017444
0.032757
0.017517
0.032974
0.017559
0.032954
0.017495
0.032766
0.017498
0.032830
0.017565
0.032743
0.017521
0.032899
0.017524
0.032877
0.017544
0.032833
0.017586
0.032874
0.017498
0.032763
0.017566
0.032752
0.017507
0.032988
0.017459
0.032753
0.017416
0.032841
0.017562
0.032981
0.017448
0.033003
0.017510
0.032825
0.017431
0.032905
0.017445
0.032876
0.017481
0.032928
0.017453
0.032955
0.017467
0.032865
0.017525
0.032901
0.017403
0.032868
0.017471
0.032748
0.017431
0.032774
0.017399
0.032846
0.017498
0.032676
0.017507
0.033010
0.017497
0.032648
0.017493
0.032746
0.017395
0.032826
0.017514
0.032768
0.017466
0.032803
0.017425
0.032801
0.017506
0.032938
0.017449
0.032956
0.017670
0.033084
0.017507
0.032970
0.017386
0.032758
0.017431
0.032893
0.017375
0.033000
0.017507
0.032819
0.017549
0.032821
0.017462
0.033019
0.017475
0.032804
0.017554
0.032884
0.017580
0.032816
0.017553
0.033040
0.017670
0.032939
0.017460
0.032729
0.017505
0.033042
0.017500
0.032822
0.017601
0.032802
0.017492
0.032839
0.017555
0.032877
0.017527
0.032998
0.017548
0.032987
0.017465
0.032788
0.017515
0.032881
0.017455
0.032873
0.017628
0.033042
0.017624
0.032993
0.017395
0.032997
0.017544
0.032821
0.017577
0.032952
0.017608
0.032762
0.017511
0.033003
0.017430
0.032887
0.017482
0.032913
0.017581
0.033141
0.017479
0.032884
0.017528
0.033072
0.017470
0.032756
0.017470
0.032963
0.017505
0.032850
0.017507
0.032868
0.017505
0.032892
0.017533
0.032837
0.017515
0.033137
0.017630
0.032850
0.017632
0.032872
0.017478
0.032944
0.017541
0.033050
0.017587
0.032866
0.017489
0.032767
0.017538
0.032886
0.017405
0.032880
0.017510
0.032913
0.017542
0.032722
0.017544
0.032732
0.017575
0.032871
0.017503
0.032876
0.017515
0.032927
0.017445
0.032934
0.017547
0.032919
0.017517
0.032802
0.017484
0.032807
0.017527
0.032888
0.017552
0.032866
0.017521
0.032930
0.017546
0.032960
0.017456
0.032948
0.017502
0.032866
0.017576
0.032969
0.017499
0.032942
0.017523
0.032835
0.017599
0.032799
0.017542
0.032798
0.017547
0.032904
0.017452
0.032856
0.017544
0.032970
0.017541
0.032774
0.017521
0.032960
0.017441
0.032984
0.017487
0.032969
0.017538
0.020928
0.028743
0.017025
0.018736
0.018957
0.024892
0.018827
0.018830
0.025047
0.019075
0.018748
0.024924
0.017051
0.023334
0.018615
0.023343
0.026664
0.015378
0.018596
0.023419
0.018631
0.023308
0.026390
0.015375
0.018794
0.023279
0.018663
0.023331
0.026647
0.021010
0.017065
0.017051
0.024863
0.018841
0.019004
0.024924
0.017032
0.023249
0.026448
0.015361
0.026983
0.015585
0.022906
0.021105
0.021445
0.025200
0.021328
0.013432
0.023479
0.018989
0.025224
0.025202
0.013380
0.023535
0.026932
0.013507
0.021435
0.023044
0.022991
0.025121
0.013359
0.023430
0.026810
0.013524
0.023497
0.026866
0.013431
0.023467
0.026756
0.013520
0.023494
0.026600
0.013481
0.023439
0.026712
0.013377
0.028887
0.013489
0.023279
0.026777
0.013410
0.023408
0.026596
0.013347
0.023384
