0.018546
0.023326
0.017164
0.033096
0.017338
0.032924
0.017410
0.033102
0.017285
0.032931
0.017421
0.032973
0.017353
0.033032
0.017311
0.033085
0.017255
0.033067
0.017216
0.033070
0.017361
0.033102
0.017301
0.033110
0.017365
0.033026
0.017330
0.033003
0.017366
0.033193
0.017368
0.033161
0.017251
0.033035
0.017416
0.032968
0.017310
0.033104
0.017348
0.033130
0.017310
0.033063
0.017340
0.033177
0.017312
0.033079
0.017313
0.033080
0.017294
0.033048
0.017278
0.033084
0.017331
0.033143
0.017266
0.033106
0.017294
0.033018
0.017200
0.033095
0.017297
0.033180
0.017300
0.033013
0.017215
0.032982
0.017219
0.033026
0.017294
0.033209
0.017184
0.033122
0.017308
0.033020
0.017331
0.032997
0.017284
0.033079
0.017195
0.033079
0.017295
0.033027
0.017280
0.033036
0.017340
0.033154
0.017222
0.033188
0.017284
0.033057
0.017283
0.033161
0.017217
0.033291
0.017344
0.033162
0.017304
0.033083
0.017229
0.033180
0.017319
0.033071
0.018944
0.032882
0.019221
0.021186
0.033178
0.017271
0.033086
0.017248
0.032978
0.017210
0.033004
0.017307
0.033100
0.017219
0.033007
0.017222
0.033127
0.017309
0.033231
0.017267
0.033009
0.017223
0.033023
0.017221
0.033002
0.017219
0.033036
0.017323
0.033103
0.017227
0.033008
0.017233
0.033056
0.017213
0.033143
0.017315
0.032962
0.017251
0.033029
0.017270
0.033006
0.017245
0.032924
0.017278
0.033102
0.017338
0.033051
0.017265
0.033200
0.017267
0.033013
0.017287
0.033046
0.017163
0.033018
0.017293
0.033093
0.017245
0.033029
0.017282
0.033037
0.017246
0.033082
0.025354
0.017539
0.033082
0.017348
0.033319
0.017318
0.033112
0.017254
0.033072
0.025287
0.017443
0.033207
0.017259
0.033125
0.017265
0.033013
0.017365
0.032928
0.017269
0.033097
0.017230
0.033022
0.017245
0.033035
0.017323
0.033056
0.017269
0.032973
0.017212
0.033023
0.017238
0.033097
0.017246
0.032983
0.017318
0.033185
0.017254
0.032998
0.017236
0.033094
0.017220
0.032985
0.017336
0.033101
0.017266
0.033018
0.017248
0.033045
0.017284
0.033037
0.017244
0.033174
0.017277
0.033056
0.017277
0.033075
0.017313
0.033069
0.017366
0.033101
0.017229
0.033018
0.017325
0.033112
0.017411
0.033165
0.017215
0.032952
0.017228
0.033128
0.017245
0.032948
0.017322
0.032877
0.017257
0.032980
0.017341
0.033090
0.017225
0.033015
0.017258
0.033151
0.017404
0.033119
0.017283
0.033032
0.017179
0.033122
0.017262
0.033028
0.017349
0.033137
0.018942
0.032861
0.019284
0.021149
0.033112
0.017218
0.033000
0.017301
0.033314
0.017637
0.032934
0.017423
0.032938
0.017211
0.033070
0.017227
0.033184
0.017290
0.033083
0.017290
0.033028
0.017345
0.033051
0.017238
0.033065
0.017318
0.033123
0.017286
0.033113
0.017283
0.033047
0.017266
0.033083
0.017225
0.033122
0.017210
0.033211
0.017355
0.033000
0.017346
0.033037
0.017289
0.032952
0.017274
0.032999
0.017227
0.033117
0.017295
0.033022
0.017354
0.033059
0.017281
0.033049
0.017358
0.032981
0.017444
0.033091
0.017302
0.033073
0.017255
0.033116
0.017356
0.033095
0.017232
0.033112
0.017282
0.033155
0.017410
0.032996
0.017395
0.032902
0.017303
0.033172
0.017300
0.033190
0.017290
0.033125
0.017323
0.033102
0.017326
0.033075
0.017328
0.033101
0.017345
0.033054
0.017556
0.032795
0.017258
0.032994
0.017341
0.032874
0.017287
0.033214
0.017460
0.033003
0.017573
0.032884
0.018736
0.020593
0.020852
0.019143
0.018895
0.024804
0.017324
0.024712
0.018880
0.026796
0.015007
0.026838
0.016927
0.016957
0.023114
0.022804
0.016995
0.023315
0.026394
0.015282
0.026518
0.015023
0.026752
0.020911
0.015383
0.026640
0.015231
0.026504
0.015333
0.026524
0.015351
0.026597
0.015258
0.026701
0.015307
0.026420
0.015396
0.026479
0.015185
0.026813
0.015498
0.025219
0.017023
0.027019
0.013477
0.023084
0.025428
0.017006
0.027143
0.013592
0.021510
0.020717
0.029289
0.013516
0.021477
0.023184
0.027068
0.013566
0.021402
0.021374
0.028898
0.016964
0.017255
0.021412
0.023474
0.026883
0.013426
0.024862
0.017193
0.023303
0.027027
0.013505
0.024872
0.017267
0.025027
0.017267
0.021412
0.025041
0.017187
0.024998
0.017290
0.025015
0.017097
0.025028
0.017167
0.024976
0.017092
0.024987
0.017196
0.032928
0.015770
0.033082
0.017312
0.033084
0.017314
0.033315
0.017422
0.032956
0.017287
0.033161
0.017248
0.032940
0.017348
0.033020
0.017297
0.033126
0.017385
0.033194
0.017358
0.033103
0.017373
0.033100
0.017595
0.033074
0.017434
0.033350
0.017385
0.033365
0.027350
0.019426
0.021194
0.033197
0.017410
0.033057
0.017295
0.033182
0.017266
0.033222
0.017394
0.030546
0.015077
0.026667
0.015009
0.026813
0.015139
0.026613
0.014960
0.018988
0.028770
0.015016
0.018887
0.027163
0.015011
0.026732
0.015018
0.026827
0.015052
0.028590
0.013546
0.026598
0.015022
0.028656
0.015143
0.026852
0.013560
0.028489
0.015014
0.026630
0.015018
0.018758
0.027034
0.015139
0.026745
0.014991
0.026608
0.015121
0.026658
0.014967
0.023041
0.025353
0.021235
0.021413
0.021367
0.021343
0.021526
0.021235
0.021481
0.021345
0.021496
0.021478
0.021391
0.021385
0.021425
0.021401
0.021437
0.021399
0.021412
0.021401
0.021453
0.021372
0.021331
0.021239
0.021339
0.021426
0.021283
0.021457
0.021485
0.021626
0.017077
0.026883
0.021377
0.013559
0.026899
0.021338
0.021585
0.021425
0.021562
0.023019
0.013391
0.025723
0.017115
0.027218
0.021407
0.021384
0.021451
0.017213
0.024649
0.024962
0.024984
0.024898
0.024991
0.024856
0.024956
0.024913
0.024949
0.024804
0.024823
0.024845
0.024900
0.024846
0.024940
0.024828
0.025087
0.024996
0.024964
0.025012
0.024940
0.025035
0.024913
0.024968
0.024814
0.025061
0.025051
0.024916
0.024894
0.024943
0.024945
0.024948
0.024850
0.024891
0.025034
0.024927
0.024884
0.024958
0.025001
0.025023
0.024917
0.024966
0.024980
0.025089
0.024934
0.024935
0.024966
0.025093
0.024930
0.024830
0.025022
0.025016
0.024856
0.024816
0.024956
0.024982
0.024937
0.025065
0.024994
0.024982
0.024891
0.024904
0.024904
0.024937
0.025037
0.025018
0.025019
0.024989
0.024886
0.025091
0.024934
0.024994
0.024838
0.024842
0.024944
0.024887
0.024894
0.024939
0.024951
0.025010
0.024919
0.025014
0.024899
0.024918
0.024915
0.024945
0.024935
0.024925
0.025031
0.025005
0.024912
0.024905
0.025074
0.024962
0.024950
0.024984
0.024951
0.024973
0.024855
0.025020
0.024945
0.024899
0.024822
0.024979
0.024975
0.024957
0.025067
0.024910
0.024948
0.024961
0.024980
0.024914
0.024806
0.024978
0.024980
0.024833
0.024908
0.025014
0.024890
0.024912
0.024913
0.025044
0.024956
0.025017
0.024745
0.024835
0.024860
0.025033
0.025010
0.024857
0.024885
0.024947
0.024842
0.024809
0.024991
0.024968
0.025056
0.025039
0.025021
0.025062
0.024926
0.024857
0.024749
0.025040
0.024846
0.024995
0.024919
0.025020
0.024982
0.025038
0.025134
0.025038
0.025139
0.025039
0.024985
0.024970
0.024833
0.024989
0.024976
0.025057
0.024872
0.024920
0.025060
0.024866
0.024907
0.024953
0.025047
0.024970
0.025086
0.025067
0.024823
0.024888
0.024916
0.024855
0.024849
0.024888
0.025039
0.025180
0.024939
0.025052
0.024890
0.025046
0.025034
0.025002
0.025001
0.025066
0.025003
0.024880
0.024946
0.024966
0.025032
0.025024
0.024982
0.025083
0.024842
0.024879
0.024948
0.024977
0.025050
0.024983
0.025077
0.025065
0.025048
0.024915
0.024928
0.024933
0.025011
0.025016
0.025056
0.024997
0.024861
0.024971
0.024842
0.024964
0.025006
0.025044
0.025047
0.025066
0.024840
0.024965
0.024906
0.024862
0.024756
0.024945
0.024924
0.024774
0.024832
0.024900
0.024749
0.025044
0.025029
0.025063
0.024871
0.024961
0.024980
0.024871
0.024989
0.024877
0.024889
0.024921
0.024901
0.024957
0.024925
0.025002
0.024962
0.024890
0.024992
0.025031
0.024917
0.022718
0.020493
0.020569
0.020559
0.020740
0.020536
0.020518
0.020576
0.020698
0.020492
0.020673
0.020672
0.020773
0.020676
0.020491
0.020531
0.020614
0.020558
0.020638
0.020528
0.020595
0.020564
0.020722
0.020470
0.010777
0.018439
0.018476
0.012896
0.018702
0.018173
0.013119
0.018695
0.018363
0.012983
0.020317
0.012897
0.020176
0.012915
0.018698
0.018277
0.012951
0.018625
0.018311
0.013022
0.018789
0.018554
0.013299
0.018943
0.018605
0.015040
0.018747
0.015048
0.018781
0.013488
0.020488
0.014978
0.018699
0.013284
0.018754
0.018753
0.013182
0.020485
0.013272
0.018797
0.018650
0.013206
0.020794
0.015029
0.016944
0.019003
0.013194
0.020727
0.015347
0.017072
0.017292
0.017377
0.017166
0.017278
0.017238
0.017163
0.017380
0.017263
0.017421
0.017155
0.017246
0.017245
0.017110
0.017292
0.017397
0.019004
0.013465
0.022906
0.023664
0.023008
0.017166
0.023215
0.026811
0.016951
0.017138
0.024920
0.017070
0.023318
0.027004
0.017002
0.017153
0.023168
0.023098
0.017277
0.023528
0.026912
0.021245
0.021339
0.013391
0.020896
0.023599
0.027014
0.013444
0.023275
0.026810
0.013416
0.025005
0.023036
0.021107
0.030925
0.021268
0.033091
0.017387
0.032816
0.017555
0.032717
0.017611
0.032991
0.017373
0.032747
0.017389
0.032885
0.017395
0.032864
0.017505
0.032842
0.017419
0.032718
0.017440
0.033004
0.017442
0.032949
0.017450
0.032875
0.017498
0.032776
0.017357
0.032775
0.017365
0.032869
0.017409
0.032873
0.017457
0.032600
0.017423
0.032845
0.017467
0.032743
0.017524
0.032723
0.017319
0.032922
0.017399
0.033051
0.017437
0.032954
0.013678
0.024444
0.017076
0.024724
0.018704
0.018853
0.024937
0.018734
0.019012
0.027241
0.014786
