0.002100
0.024397
0.025126
0.025184
0.025012
0.025406
0.024995
0.025370
0.025066
0.025275
0.024964
0.025338
0.025033
0.025005
0.025411
0.024986
0.025375
0.025063
0.025406
0.024991
0.025428
0.025093
0.025403
0.025081
0.025439
0.025184
0.025409
0.025010
0.025333
0.025246
0.025394
0.025136
0.025409
0.025037
0.025452
0.025070
0.025558
0.025078
0.025443
0.025174
0.025528
0.025132
0.025448
0.025034
0.025507
0.024969
0.025368
0.025044
0.025462
0.024987
0.025300
0.025054
0.025488
0.024951
0.025437
0.024924
0.025424
0.024929
0.025455
0.025107
0.025401
0.025006
0.025368
0.025056
0.025407
0.025077
0.025452
0.024958
0.025588
0.025080
0.025307
0.025042
0.025422
0.024992
0.025342
0.025041
0.025575
0.025032
0.025511
0.025003
0.025332
0.024915
0.025448
0.024976
0.025487
0.024999
0.025592
0.025259
0.025493
0.025230
0.025491
0.025070
0.025405
0.025009
0.025462
0.025059
0.021250
0.021110
0.020730
0.021139
0.020894
0.020797
0.020891
0.021110
0.020938
0.021063
0.020855
0.021162
0.016607
0.017013
0.016863
0.016510
0.016919
0.016885
0.016637
0.016804
0.016609
0.016907
0.016848
0.016620
0.016834
0.016823
0.016771
0.016715
0.016674
0.016883
0.016674
0.016562
0.016835
0.016769
0.016654
0.016817
0.016824
0.016846
0.016866
0.016928
0.016846
0.016894
0.016648
0.016979
0.016812
0.016876
0.017227
0.016928
0.017129
0.016882
0.017153
0.016928
0.017141
0.016885
0.017042
0.016800
0.017033
0.016696
0.017246
0.017079
0.017474
0.017214
0.017215
0.017287
0.017194
0.017176
0.017291
0.017315
0.017431
0.017304
0.017357
0.017367
0.017296
0.017394
0.017393
0.017396
0.017326
0.017349
0.017295
0.017428
0.017246
0.017248
0.017299
0.017356
0.017404
0.017378
0.017311
0.017388
0.017335
0.017408
0.017349
0.016956
0.017521
0.021338
0.021081
0.021459
0.021369
0.020928
0.021453
0.021087
0.021642
0.021026
0.021443
0.020983
0.021465
0.021270
0.021273
0.020925
0.025288
0.025053
0.025273
0.024902
0.025063
0.025288
0.025033
0.025420
0.024994
0.025377
0.025000
0.025404
0.025050
0.025335
0.025103
0.025462
0.025177
0.025468
0.021197
0.021045
0.020951
0.020851
0.021134
0.020908
0.020959
0.021003
0.020939
0.020828
0.021165
0.020737
0.020800
0.021082
0.020861
0.021169
0.020793
0.020815
0.021128
0.020885
0.021108
0.020731
0.021086
0.020930
0.021113
0.020917
0.021035
0.020818
0.021002
0.020772
0.021013
0.020864
0.021088
0.020771
0.021057
0.020853
0.020875
0.021097
0.021057
0.021118
0.021173
0.021541
0.021039
0.021518
0.021046
0.021455
0.021484
0.021399
0.021436
0.021412
0.021429
0.021413
0.021519
0.021366
0.021289
0.021292
0.021374
0.021453
0.021495
0.021446
0.021349
0.021488
0.021583
0.021473
0.021323
0.021034
0.021434
0.021377
0.021349
0.021471
0.021314
0.021448
0.021342
0.021126
0.021383
0.021345
0.020936
0.021266
0.020998
0.021397
0.021035
0.021239
0.020962
0.021287
0.020987
0.021270
0.020831
0.021508
0.023159
0.023283
0.019000
0.032952
0.021617
0.028888
0.021461
0.028987
0.021482
0.028994
0.021476
0.028947
0.021538
0.028900
0.021556
0.028943
0.021468
0.029007
0.021435
0.029004
0.021435
0.028976
0.021377
0.028963
0.021479
0.028989
0.021397
0.028957
0.021481
0.029083
0.021502
0.028884
0.021596
0.029004
0.021564
0.029042
0.021443
0.029023
0.021459
0.028980
0.021583
0.028868
0.021417
0.028955
0.021533
0.029096
0.021621
0.028860
0.021481
0.028997
0.021421
0.028960
0.021426
0.028872
0.021522
0.028962
0.021468
0.028982
0.021451
0.028822
0.021399
0.029104
0.021539
0.029013
0.021681
0.028972
0.021501
0.028919
0.021509
0.028992
0.021391
0.028997
0.021425
0.029060
0.021651
0.029031
0.021471
0.028926
0.021481
0.029114
0.021593
0.028982
0.021459
0.028972
0.021509
0.029076
0.021688
0.029016
0.021646
0.029104
0.021485
0.028933
0.021546
0.029070
0.021415
0.028974
0.021569
0.027467
0.019226
0.033120
0.021567
0.029052
0.021534
0.029020
0.021569
0.028951
0.021633
0.029065
0.021575
0.028886
0.021477
0.028959
0.021621
0.028999
0.021423
0.028868
0.021542
0.028794
0.021525
0.029032
0.021406
0.029040
0.021561
0.029070
0.021466
0.028943
0.021442
0.029039
0.021533
0.028857
0.021630
0.028927
0.021613
0.028888
0.021463
0.029144
0.021492
0.027439
0.017635
0.032995
0.019135
0.033034
0.021465
0.028985
0.021533
0.029105
0.021557
0.029067
0.021549
0.028996
0.021447
0.029043
0.021411
0.028984
0.021477
0.028951
0.021559
0.029002
0.021412
0.028990
0.021524
0.029038
0.021556
0.028916
0.021510
0.029040
0.021526
0.028959
0.021444
0.029016
0.021633
0.029079
0.021539
0.028918
0.021673
0.029053
0.021467
0.028909
0.021416
0.029001
0.021602
0.028962
0.021581
0.029033
0.021617
0.029013
0.021446
0.028869
0.021498
0.028980
0.021608
0.028981
0.021528
0.028837
0.021430
0.028837
0.021335
0.029043
0.021524
0.028930
0.021585
0.029021
0.021517
0.029043
0.021496
0.028955
0.021607
0.029096
0.021654
0.029118
0.021488
0.028922
0.021467
0.028990
0.021446
0.028969
0.021417
0.028938
0.021594
0.028916
0.021530
0.029005
0.021496
0.028813
0.021384
0.028885
0.021433
0.028887
0.021357
0.029151
0.021573
0.029004
0.021600
0.028907
0.021591
0.029021
0.021320
0.029141
0.021508
0.028978
0.021452
0.029038
0.021491
0.028889
0.021619
0.029031
0.021604
0.028901
0.021494
0.028930
0.021516
0.029016
0.021549
0.029004
0.021507
0.028946
0.021458
0.029047
0.021723
0.028850
0.021508
0.029001
0.021557
0.028986
0.021425
0.029005
0.021535
0.029006
0.021407
0.028896
0.021573
0.028800
0.021374
0.028898
0.021495
0.024692
0.015208
0.018788
0.028738
0.015233
0.018803
0.028728
0.015065
0.018875
0.028706
0.015063
0.019091
0.028589
0.013620
0.026591
0.017167
0.018802
0.028646
0.013455
0.028447
0.013615
0.028338
0.013368
0.026686
0.022846
0.013371
0.026668
0.014834
0.028646
0.013468
0.028351
0.013471
0.028512
0.013469
0.026558
0.020755
0.015225
0.028501
0.015042
0.025316
0.023020
0.015182
0.026941
0.015332
0.026989
0.015208
0.027147
0.015286
0.026957
0.015342
0.026978
0.015240
0.026922
0.013676
0.022973
0.025272
0.022931
0.015303
0.027012
0.015325
0.027033
0.015342
0.026977
0.013777
0.023008
0.027027
0.013794
0.022994
0.026899
0.021380
0.013705
0.026899
0.023020
0.013707
0.026885
0.020982
0.023445
0.013683
0.027081
0.023007
0.013704
0.026862
0.023100
0.013641
0.027034
0.023011
0.013758
0.021459
0.024379
0.024972
0.024949
0.025111
0.024880
0.024999
0.025137
0.024951
0.025069
0.025117
0.025025
0.025161
0.025039
0.024987
0.025016
0.025009
0.024948
0.025062
0.024978
0.025026
0.025113
0.025077
0.025052
0.024999
0.025151
0.025015
0.025038
0.025005
0.025071
0.025070
0.024929
0.025129
0.025079
0.024997
0.025164
0.025089
0.025003
0.025037
0.025148
0.025121
0.025042
0.025024
0.025046
0.025027
0.025170
0.025080
0.025029
0.025015
0.025094
0.025002
0.025082
0.025058
0.025023
0.025103
0.025064
0.025094
0.024989
0.025101
0.024947
0.025092
0.025076
0.025121
0.025088
0.025183
0.025035
0.025084
0.024954
0.025053
0.025117
0.025121
0.025071
0.025079
0.025108
0.025038
0.024989
0.025110
0.025114
0.025194
0.025059
0.024969
0.025104
0.025074
0.025051
0.025057
0.025082
0.025120
0.025058
0.025083
0.025021
0.024957
0.025127
0.025186
0.025040
0.025077
0.025162
0.025145
0.025061
0.025062
0.025138
0.025046
0.024972
0.025123
0.025047
0.025034
0.025001
0.025014
0.025033
0.025142
0.025084
0.025063
0.025036
0.025023
0.017059
0.028713
0.019276
0.014953
0.028588
0.019244
0.014893
0.028584
0.019171
0.014912
0.028553
0.019237
0.022822
0.019226
0.022887
0.019146
0.014895
0.026937
0.022798
0.019171
0.014874
0.028565
0.017288
0.019087
0.024578
0.014808
0.026952
0.014908
0.028476
0.019195
0.014858
0.026886
0.022741
0.019208
0.022909
0.017218
0.024523
0.017246
0.016907
0.021243
0.021371
0.025346
0.020996
0.021352
0.021392
0.021508
0.021457
0.021363
0.021500
0.021449
0.021314
0.021417
0.021434
0.021385
0.021436
0.021504
0.021404
0.021296
0.021379
0.021382
0.021454
0.021433
0.021458
0.023571
0.023096
0.017429
0.023196
0.023040
0.017540
0.023242
0.022909
0.017449
0.023240
0.023110
0.017372
0.023269
0.023173
