0.013849
0.015272
0.027530
0.032796
0.017481
0.032873
0.017434
0.032803
0.017632
0.032780
0.017534
0.032965
0.017570
0.032965
0.017496
0.032713
0.017410
0.032879
0.017525
0.032931
0.017549
0.032945
0.017508
0.032838
0.017600
0.032914
0.017493
0.032897
0.017591
0.032717
0.017592
0.032755
0.017506
0.032894
0.017548
0.032829
0.017589
0.033056
0.017545
0.032890
0.017534
0.032846
0.017538
0.032787
0.017569
0.032707
0.017503
0.032987
0.017523
0.032883
0.017534
0.032966
0.017515
0.032907
0.017474
0.032779
0.017598
0.032909
0.017488
0.032934
0.017462
0.032907
0.017558
0.032778
0.017628
0.032925
0.017544
0.032911
0.017606
0.032975
0.017470
0.032922
0.017605
0.032815
0.017604
0.032807
0.017542
0.032811
0.017519
0.032938
0.016041
0.030611
0.021202
0.032960
0.017545
0.032840
0.017493
0.032891
0.017534
0.032759
0.017479
0.032777
0.017453
0.020837
0.024921
0.019164
0.018872
0.028710
0.015486
0.018671
0.023184
0.026520
0.015198
0.026558
0.015255
0.026755
0.013641
0.022810
0.026789
0.013532
0.022851
0.026674
0.015374
0.022504
0.012774
0.020542
0.012851
0.020590
0.012962
0.020603
0.012748
0.020609
0.012793
0.020615
0.012945
0.020657
0.011054
0.016940
0.018401
0.020629
0.011086
0.016851
0.016996
0.016780
0.016911
0.016717
0.018493
0.020939
0.012979
0.020959
0.012947
0.020952
0.013121
0.014860
0.019145
0.014785
0.019118
0.020946
0.013198
0.014842
0.019181
0.014854
0.017369
0.017032
0.017025
0.016990
0.017185
0.016971
0.018907
0.020914
0.012941
0.017119
0.017508
0.017263
0.021294
0.011343
0.017252
0.017326
0.017276
0.017084
0.017586
0.017044
0.017728
0.017286
0.017063
0.017610
0.017330
0.016993
0.017558
0.017292
0.017123
0.017560
0.017234
0.017390
0.026970
0.021414
0.013473
0.023419
0.026776
0.013492
0.023512
0.026813
0.013566
0.023417
0.026807
0.021599
0.013513
0.023481
0.026965
0.021595
0.013555
0.024956
0.017248
0.023595
0.026944
0.013512
0.023565
0.023026
0.017257
0.030952
0.017358
0.033360
0.017431
0.033071
0.017359
0.033084
0.017365
0.033174
0.017348
0.033117
0.017344
0.032956
0.017334
0.033164
0.017264
0.033027
0.017336
0.032942
0.017340
0.033239
0.017267
0.033031
0.017313
0.033088
0.017326
0.033079
0.017260
0.033156
0.017300
0.033034
0.017323
0.033110
0.017285
0.033042
0.017302
0.033031
0.017261
0.033171
0.017323
0.033171
0.017295
0.032927
0.017323
0.033151
0.017403
0.033190
0.017323
0.033002
0.017351
0.033253
0.017340
0.033190
0.017302
0.033168
0.017329
0.032980
0.017267
0.033003
0.017281
0.032978
0.017339
0.033035
0.017259
0.033101
0.017439
0.032996
0.017355
0.033251
0.017384
0.033062
0.017456
0.033109
0.017246
0.033004
0.017356
0.033051
0.017343
0.033128
0.017363
0.033135
0.017333
0.033123
0.017397
0.033008
0.017277
0.033096
0.017257
0.032948
0.017291
0.032973
0.017368
0.033094
0.017299
0.033045
0.017284
0.033097
0.017304
0.033136
0.017345
0.033082
0.017283
0.033011
0.017340
0.032928
0.017292
0.033028
0.017262
0.033171
0.017312
0.033158
0.017300
0.033033
0.017272
0.033251
0.017358
0.033193
0.017291
0.033061
0.017434
0.033003
0.017332
0.033029
0.017404
0.032977
0.017350
0.033042
0.017319
0.033120
0.017357
0.032924
0.017357
0.033146
0.017260
0.032975
0.017339
0.033098
0.017268
0.033036
0.017396
0.033180
0.017362
0.033026
0.017316
0.033161
0.017327
0.033173
0.017280
0.032911
0.017375
0.033168
0.017432
0.033206
0.017364
0.033223
0.017354
0.033158
0.017331
0.033285
0.017368
0.033107
0.017409
0.033144
0.017434
0.033107
0.017330
0.033181
0.017412
0.033186
0.017333
0.033267
0.017388
0.033153
0.017401
0.033055
0.017327
0.033008
0.017323
0.033079
0.017293
0.033110
0.017368
0.033089
0.017364
0.033204
0.017296
0.033198
0.015138
0.028619
0.015511
0.018641
0.024850
0.019020
0.026648
0.015421
0.018730
0.024785
0.018826
0.018935
0.024924
0.018840
0.018898
0.023305
0.018682
0.024832
0.017026
0.023228
0.018642
0.023341
0.018642
0.023391
0.018594
0.024863
0.018901
0.026818
0.020935
0.015296
0.018725
0.024918
0.018813
0.026876
0.015262
0.018957
0.023446
0.026562
0.015352
0.021169
0.020980
0.021416
0.021896
0.026814
0.021561
0.021433
0.021470
0.021443
0.021472
0.021389
0.021510
0.021470
0.021461
0.021485
0.021557
0.021412
0.021402
0.021482
0.021502
0.021480
0.021462
0.021373
0.021543
0.013466
0.023219
0.023186
0.017162
0.023685
0.026812
0.013488
0.023463
0.026752
0.013496
0.023263
0.026864
0.013539
0.023447
0.026644
0.013486
0.023551
0.026860
0.013510
0.023312
0.026704
0.013491
0.023454
0.026733
0.023696
0.017517
0.033073
0.017334
0.033023
0.017467
0.033019
0.017290
0.033010
0.017311
0.032938
0.017282
0.032977
0.017295
0.032971
0.017281
0.033012
0.017333
0.033077
0.017301
0.033149
0.017348
0.033100
0.017294
0.033098
0.017245
0.033110
0.017230
0.032919
0.017380
0.033166
0.017310
0.032944
0.017435
0.032977
0.017367
0.033052
0.017316
0.033170
0.017325
0.033104
0.017387
0.033202
0.017355
0.033128
0.017315
0.033161
0.017266
0.033121
0.017325
0.033135
0.017326
0.033110
0.017457
0.033038
0.017309
0.033151
0.017324
0.033266
0.017313
0.033185
0.017379
0.032997
0.017385
0.033048
0.017350
0.033066
0.017346
0.033087
0.017313
0.033141
0.017360
0.033041
0.017332
0.033076
0.017431
0.033023
0.017397
0.032999
0.017288
0.033115
0.017394
0.033165
0.017290
0.033047
0.017258
0.033117
0.017285
0.033240
0.017308
0.033171
0.017249
0.033179
0.017393
0.033084
0.017362
0.033137
0.017311
0.033091
0.017406
0.033198
0.017352
0.033027
0.017380
0.033058
0.017276
0.033339
0.017466
0.033100
0.017319
0.033026
0.017334
0.033089
0.017304
0.033047
0.017318
0.033180
0.017434
0.033173
0.017337
0.033025
0.017355
0.033085
0.017418
0.033039
0.017374
0.033140
0.017391
0.033167
0.017358
0.033090
0.017442
0.033176
0.017316
0.033051
0.017418
0.033038
0.017326
0.033216
0.017329
0.033009
0.017293
0.033072
0.017400
0.033240
0.017306
0.033231
0.017389
0.033077
0.017285
0.033103
0.017315
0.033108
0.017347
0.033185
0.017298
0.033211
0.017377
0.033081
0.017414
0.033162
0.017336
0.033112
0.017334
0.032994
0.017347
0.032944
0.017300
0.033102
0.017337
0.033031
0.017357
0.033217
0.017361
0.032917
0.017343
0.033004
0.017292
0.033033
0.017350
0.033036
0.017354
0.033023
0.017302
0.033034
0.017360
0.033225
0.017302
0.033235
0.017508
0.033350
0.017381
0.033222
0.017279
0.032975
0.017330
0.033098
0.017310
0.033206
0.017318
0.033015
0.017398
0.033072
0.017315
0.033238
0.017334
0.033038
0.017374
0.033132
0.017393
0.033064
0.017406
0.033203
0.017476
0.033124
0.017304
0.032929
0.017354
0.033253
0.017323
0.033066
0.017398
0.033047
0.017306
0.033077
0.017406
0.033054
0.017319
0.033190
0.017393
0.033214
0.017323
0.032993
0.017327
0.033066
0.017320
0.033080
0.017420
0.033280
0.017427
0.033178
0.017302
0.033160
0.017378
0.033020
0.017392
0.033123
0.017464
0.032997
0.017359
0.033172
0.017266
0.033093
0.017320
0.033093
0.017391
0.033363
0.017329
0.033040
0.017326
0.033267
0.017321
0.032974
0.017316
0.033060
0.017289
0.033051
0.017347
0.033074
0.017303
0.033115
0.017292
0.033099
0.017381
0.033297
0.017439
0.033102
0.017376
0.033081
0.017293
0.033162
0.017328
0.033218
0.017479
0.033092
0.017329
0.032961
0.017366
0.033109
0.017304
0.032909
0.017458
0.033122
0.017350
0.032924
0.017359
0.032950
0.017370
0.033077
0.017316
0.033107
0.017340
0.033068
0.017313
0.033134
0.017311
0.033113
0.017357
0.032998
0.017328
0.032990
0.017321
0.033113
0.017376
0.033068
0.017296
0.033147
0.017313
0.033185
0.017284
0.033150
0.017305
0.032995
0.017361
0.033182
0.017341
0.033072
0.017304
0.032966
0.017412
0.033019
0.017340
0.033025
0.017372
0.033086
0.017339
0.033061
0.017379
0.033200
0.017353
0.033035
0.017320
0.033164
0.017360
0.033118
0.017349
0.033184
0.017404
0.030777
0.019156
0.016808
0.018856
0.028674
0.015197
0.018744
0.028669
0.015311
0.019010
0.028595
0.015221
0.026803
0.013631
0.028334
0.013660
0.026932
0.015091
0.028480
0.013692
0.028397
0.013528
0.026514
0.015184
0.028672
0.013527
0.028478
0.013557
0.026757
0.020814
0.017067
0.026929
0.015192
0.018802
0.028798
0.015117
0.026757
0.013530
0.026602
0.015160
0.027204
0.015369
0.023042
0.021021
0.021492
0.025356
0.021380
0.023062
0.013658
0.028847
0.015334
0.025416
0.023026
0.013857
0.027091
0.023163
0.021241
0.013520
0.023051
0.025333
0.022881
0.013867
0.026963
0.023216
0.013686
0.027103
0.023029
0.013771
0.026913
0.023138
0.013839
0.026862
0.023072
0.013841
0.026908
0.023058
0.019395
0.023108
0.013664
0.026995
0.023047
0.013788
0.026782
0.023014
0.013638
0.024779
0.017128
0.011248
0.020932
0.018962
0.024910
0.019053
0.018875
0.028818
0.015199
0.018749
0.028917
0.017153
0.018879
0.026912
0.020889
0.015319
0.018756
0.023265
0.018759
0.023287
0.018650
0.023425
0.018730
0.025004
0.019118
0.026934
0.017040
0.018800
0.019051
0.025013
0.017157
0.023410
0.018703
0.024978
0.017059
0.024880
0.018819
0.018896
0.024865
0.017385
0.021459
0.021507
0.021216
0.021402
0.021176
0.021582
0.021417
0.021493
0.023141
0.027088
0.013597
0.021422
0.021365
0.021055
0.021771
0.021537
0.021410
0.021458
0.021350
0.021450
0.021430
0.021409
0.021308
0.023569
0.023148
0.025216
0.013438
0.023434
0.026774
0.013515
0.023482
0.026723
0.013499
0.025100
0.017199
0.023608
0.026904
0.013599
0.023479
0.026958
0.013461
0.023491
0.026892
