0.012468
0.016733
0.025055
0.025217
0.024969
0.024907
0.024934
0.025225
0.025052
0.025136
0.025188
0.025211
0.025031
0.025107
0.025168
0.025197
0.025229
0.025173
0.025135
0.025196
0.025179
0.025130
0.025096
0.025059
0.025114
0.025138
0.025155
0.025267
0.025075
0.025044
0.025003
0.025097
0.025147
0.025013
0.025292
0.025008
0.025129
0.025136
0.025084
0.025104
0.024996
0.024957
0.025008
0.024937
0.025090
0.025131
0.024984
0.025000
0.025098
0.025072
0.025008
0.025041
0.024934
0.025086
0.024952
0.025136
0.025067
0.025199
0.025182
0.025211
0.025213
0.025031
0.025096
0.025044
0.024920
0.025131
0.025099
0.025034
0.025110
0.024955
0.025073
0.025026
0.025196
0.025080
0.025063
0.024945
0.025210
0.025043
0.025096
0.024938
0.025040
0.024997
0.025042
0.024801
0.025071
0.024954
0.024947
0.025021
0.025088
0.025107
0.025062
0.025086
0.020672
0.020646
0.020766
0.020648
0.020899
0.020634
0.020738
0.020709
0.020705
0.020760
0.020873
0.020773
0.020559
0.020775
0.020776
0.020735
0.020854
0.020717
0.020573
0.020726
0.020705
0.020728
0.020760
0.020683
0.020704
0.018793
0.016825
0.016792
0.016866
0.016740
0.016771
0.016775
0.016793
0.016885
0.016806
0.016782
0.016783
0.016797
0.016733
0.016778
0.016807
0.016788
0.016905
0.019301
0.017196
0.017121
0.017127
0.017164
0.017178
0.017150
0.017140
0.017223
0.017238
0.017170
0.017222
0.017188
0.017164
0.017170
0.017161
0.017158
0.017153
0.017170
0.017176
0.017186
0.017195
0.017111
0.017127
0.012899
0.017246
0.017143
0.017231
0.021321
0.017485
0.017373
0.017483
0.013044
0.022183
0.017092
0.017397
0.017401
0.017384
0.017458
0.018474
0.021499
0.017458
0.021194
0.021885
0.021158
0.021635
0.021379
0.021666
0.021645
0.021533
0.021471
0.021608
0.021412
0.021631
0.021805
0.021147
0.021796
0.021536
0.021591
0.025141
0.017352
0.021250
0.021945
0.021196
0.021896
0.021575
0.021486
0.021555
0.021522
0.021590
0.021590
0.021524
0.021466
0.021534
0.021492
0.021178
0.021856
0.027564
0.029243
0.021187
0.033312
0.017444
0.029216
0.021163
0.029273
0.021209
0.029313
0.021179
0.029330
0.021185
0.029229
0.021275
0.029358
0.021331
0.029265
0.021333
0.029477
0.020989
0.032903
0.017415
0.029031
0.021180
0.029275
0.021222
0.029319
0.021306
0.033168
0.017444
0.029185
0.021192
0.029305
0.029602
0.017348
0.029165
0.021226
0.029259
0.021162
0.029293
0.021284
0.033234
0.017318
0.033121
0.017264
0.033271
0.017364
0.033202
0.017273
0.033227
0.017300
0.033224
0.017318
0.033016
0.017279
0.033259
0.017286
0.033107
0.017400
0.033287
0.017337
0.033221
0.017329
0.033251
0.017342
0.033318
0.017372
0.033238
0.017428
0.033275
0.017239
0.033080
0.017300
0.033171
0.017313
0.033131
0.017285
0.033217
0.017447
0.033181
0.017313
0.033161
0.017313
0.033109
0.017278
0.033133
0.017227
0.033097
0.017318
0.033113
0.017272
0.033097
0.017272
0.033207
0.017324
0.033148
0.017504
0.033095
0.017400
0.033115
0.017378
0.033083
0.017386
0.033244
0.017404
0.033149
0.017344
0.032976
0.017239
0.033068
0.017321
0.033024
0.017258
0.033082
0.017289
0.033164
0.017269
0.033084
0.017220
0.033178
0.017374
0.033189
0.017237
0.033260
0.017386
0.033148
0.017290
0.033030
0.017254
0.033211
0.017374
0.033220
0.017257
0.033179
0.017316
0.032933
0.017341
0.033189
0.017344
0.033245
0.017217
0.033099
0.017333
0.033091
0.017252
0.033119
0.017254
0.033041
0.017297
0.033158
0.017245
0.033262
0.017253
0.033122
0.017321
0.033194
0.017392
0.032861
0.017251
0.033150
0.017345
0.033122
0.017291
0.033267
0.017293
0.033073
0.017325
0.033195
0.017355
0.033141
0.017340
0.033152
0.017264
0.033159
0.017374
0.033179
0.017223
0.025115
0.018649
0.024879
0.016966
0.024889
0.018928
0.019037
0.024888
0.018799
0.018948
0.025015
0.018848
0.026911
0.015153
0.018773
0.024923
0.017119
0.024753
0.018841
0.026898
0.015294
0.018705
0.024876
0.016998
0.024890
0.017031
0.024716
0.017062
0.024831
0.016981
0.024863
0.017056
0.024744
0.017010
0.024776
0.018919
0.026870
0.015202
0.026625
