0.012102
0.018625
0.025026
0.024798
0.025056
0.025195
0.024944
0.025119
0.024956
0.024960
0.024908
0.025048
0.024960
0.025012
0.024982
0.024933
0.024977
0.025066
0.024889
0.025085
0.025052
0.024965
0.025085
0.025092
0.024996
0.025132
0.024985
0.025138
0.024911
0.025015
0.025066
0.025147
0.025058
0.025136
0.025014
0.024881
0.025061
0.025036
0.025077
0.025173
0.025033
0.025153
0.024936
0.025137
0.024879
0.025107
0.025010
0.024969
0.024877
0.025041
0.024900
0.024885
0.024877
0.025093
0.024772
0.025013
0.025069
0.024943
0.025131
0.025105
0.024984
0.025133
0.024831
0.024948
0.024948
0.025110
0.024910
0.025026
0.025095
0.024934
0.024942
0.025061
0.025059
0.025050
0.025012
0.025057
0.024924
0.025079
0.024975
0.024966
0.024943
0.024827
0.025007
0.025042
0.024997
0.025071
0.025012
0.024976
0.024951
0.025089
0.024919
0.024904
0.024754
0.025004
0.024920
0.025086
0.025087
0.025052
0.025019
0.025043
0.025044
0.025157
0.024981
0.025079
0.024981
0.025053
0.025020
0.024966
0.025030
0.024912
0.024862
0.025142
0.024930
0.024953
0.024773
0.025041
0.025015
0.025199
0.024971
0.024897
0.024998
0.025171
0.025030
0.025012
0.025087
0.024957
0.025115
0.025245
0.024899
0.024908
0.024908
0.025107
0.025155
0.025185
0.024927
0.024949
0.025001
0.025057
0.025051
0.024910
0.025132
0.025035
0.024980
0.025032
0.025016
0.025103
0.025066
0.025161
0.024974
0.025139
0.025086
0.024951
0.025016
0.025041
0.025168
0.025108
0.025181
0.024910
0.024967
0.025066
0.024919
0.025023
0.024851
0.024933
0.025007
0.024997
0.025100
0.025010
0.025074
0.024958
0.025030
0.025039
0.025071
0.025053
0.025007
0.025048
0.024778
0.024875
0.025044
0.024963
0.025006
0.025006
0.025225
0.025008
0.024875
0.024976
0.024842
0.024993
0.025053
0.025166
0.024943
0.025114
0.025040
0.024997
0.025027
0.024976
0.024997
0.025161
0.024916
0.025026
0.024979
0.024943
0.025076
0.024916
0.024963
0.024942
0.024902
0.024975
0.024835
0.025086
0.025060
0.024947
0.024902
0.024914
0.024878
0.024890
0.025004
0.024945
0.024921
0.024997
0.025027
0.025074
0.025028
0.024869
0.024908
0.025042
0.024971
0.025111
0.024931
0.024934
0.024833
0.024914
0.025036
0.024995
0.025077
0.025184
0.024936
0.025076
0.024894
0.025070
0.025122
0.025107
0.024928
0.025052
0.025116
0.024958
0.020731
0.020559
0.020676
0.020557
0.020621
0.020661
0.020674
0.020791
0.020713
0.020678
0.020581
0.020678
0.020582
0.020589
0.020563
0.020552
0.020648
0.018494
0.010916
0.018420
0.018394
0.013081
0.018580
0.018450
0.013184
0.018646
0.018261
0.013033
0.020334
0.014878
0.018380
0.013054
0.018807
0.018335
0.013097
0.020325
0.013069
0.018804
0.018334
0.014767
0.018385
0.012947
0.018713
0.018540
0.013241
0.018965
0.014612
0.019132
0.014801
0.020675
0.013231
0.020608
0.013464
0.018920
0.014667
0.020734
0.015039
0.014773
0.020572
0.013391
0.020389
0.013317
0.020517
0.013422
0.020468
0.013332
0.021006
0.017301
0.013306
0.017364
0.017320
0.017313
0.017313
0.017319
0.020843
0.017253
0.017231
0.013396
0.017262
0.017422
0.017235
0.017216
0.017242
0.017264
0.017224
0.017318
0.016974
0.017665
0.017319
0.017265
0.019157
0.019702
0.023265
0.017179
0.023287
0.023342
0.017217
0.023351
0.023283
0.017218
0.023220
0.023339
0.022858
0.015835
0.023007
0.023436
0.017258
0.023238
0.023366
0.017094
0.023277
0.021492
0.024893
0.017622
0.025456
0.021255
0.029171
0.021198
0.029114
0.021110
0.029211
0.021334
0.029383
0.021216
0.029364
0.021248
0.029207
0.021292
0.029206
0.021071
0.029131
0.021179
0.029418
0.021393
0.029374
0.021285
0.029294
0.021417
0.029505
0.021353
0.029415
0.021369
0.029365
0.021206
0.029435
0.021412
0.029361
0.021293
0.029498
0.021417
0.029325
0.021200
0.029187
0.021144
0.029122
0.021228
0.029235
0.021249
0.029407
0.021103
0.029020
0.021296
0.029242
0.021184
0.029185
0.021249
0.029046
0.021208
0.024950
0.015063
0.027022
0.014914
0.028772
0.019222
0.014976
0.024485
0.010777
0.020771
0.012531
0.020807
0.012477
0.020844
0.012427
0.020729
0.012549
0.020706
0.012530
0.020758
0.018528
0.010867
0.020653
0.016992
0.018337
0.010820
0.020813
0.018501
0.016820
0.010818
0.020739
0.018499
0.010890
0.020605
0.018440
0.010909
0.020683
0.018422
0.010889
0.020716
0.012425
0.020861
0.018425
0.010860
0.020866
0.018442
0.011165
0.022847
0.011192
0.021069
0.018880
0.011140
0.021091
0.012666
0.021166
0.012545
0.016901
0.017525
0.016869
0.017119
0.017205
0.017176
0.017259
0.017331
0.017223
0.017268
0.017191
0.017241
0.017244
0.017169
0.017642
0.017300
0.017240
0.016816
0.017511
0.017230
0.017177
0.017384
0.017236
0.017299
0.021190
0.017233
0.017361
0.017412
0.017416
0.017218
0.019221
0.017414
0.017438
0.017322
0.017303
0.017247
0.017207
0.017604
0.021302
0.021350
0.023139
0.014974
0.027122
0.015007
0.027234
0.022990
0.017442
0.023106
0.021408
0.028728
0.021190
0.029103
0.021262
0.029233
0.021237
0.029089
0.021199
0.029055
0.021213
0.029063
0.021264
0.029117
0.021197
0.028990
0.021149
0.029058
0.021260
0.029119
0.021236
0.029066
0.021255
0.029166
0.021196
0.029151
0.021271
0.029164
0.021401
0.029168
0.021319
0.029091
0.021194
0.029107
0.021236
0.029074
0.021292
0.029193
0.021259
0.029080
0.021207
0.029190
0.021382
0.029137
0.021221
0.029059
0.021266
0.029124
0.021277
0.029076
0.021268
0.029179
0.021311
0.029064
0.021310
0.029055
0.021173
0.029018
0.021270
0.029159
0.021290
0.029150
0.021239
0.029011
0.021224
0.029032
0.021263
0.029159
0.021258
0.029132
0.021339
0.029048
0.021225
0.029127
0.021274
0.029024
0.021315
0.029076
0.021239
0.029118
0.021248
0.029042
0.021275
0.029138
0.021327
0.029073
0.021361
0.029110
0.021258
0.029102
0.021374
0.029078
0.021373
0.029179
0.021366
0.029099
0.021279
0.029109
0.021312
0.029182
0.021231
0.030651
0.021490
0.018975
0.033203
0.021383
0.029058
0.021340
0.028963
0.021310
0.028999
0.021259
0.029128
0.021329
0.029038
0.021267
0.029000
0.021426
0.029139
0.021397
0.029108
0.021253
0.029069
0.021254
0.029004
0.021290
0.029106
0.021260
0.029179
0.021298
0.029079
0.021269
0.028941
0.021359
0.029127
0.021311
0.029185
0.021243
0.029063
0.021346
0.029046
0.021332
0.029055
0.021216
0.029158
0.021327
0.029216
0.021259
0.029090
0.021413
0.029148
0.021277
0.029162
0.021218
0.028999
0.021272
0.029128
0.021333
0.029041
0.021333
0.029124
0.021293
0.029108
0.021340
0.025239
0.029555
0.021343
0.029159
0.021465
0.029181
0.021322
0.029127
0.021276
0.025181
0.029481
0.021403
0.029117
0.021319
0.029094
0.021255
0.029227
0.021227
0.029014
0.021357
0.029070
0.021286
0.029183
0.021239
0.029177
0.021296
0.029027
0.021295
0.028951
0.021344
0.029060
0.021338
0.029015
0.021284
0.029154
0.021348
0.029095
0.021260
0.029072
0.021351
0.029018
0.021277
0.029121
0.021372
0.029048
0.021269
0.029056
0.021283
0.029086
0.021246
0.029107
0.021387
0.029180
0.021266
0.029171
0.021303
0.029162
0.021318
0.029196
0.021322
0.029129
0.021284
0.029182
0.021324
0.029302
0.021314
0.029050
0.021174
0.029081
0.021367
0.029125
0.021249
0.029059
0.021229
0.029096
0.021265
0.029152
0.021324
0.029081
0.021258
0.029145
0.021340
0.029282
0.021360
0.029108
0.021289
0.029025
0.021376
0.029111
0.021289
0.029105
0.021363
0.030669
0.021448
0.019063
0.033095
0.021256
0.029104
0.021291
0.029156
0.021482
0.029389
0.021204
0.029257
0.021209
0.029025
0.021238
0.029132
0.021412
0.029112
0.021359
0.029169
0.021278
0.029173
0.021299
0.029036
0.021312
0.029197
0.021322
0.029118
0.021255
0.029191
0.021307
0.029180
0.021258
0.029146
0.021272
0.029093
0.021386
0.029255
0.021266
0.029207
0.021237
0.029074
0.021195
0.029082
0.021236
0.029127
0.021294
0.029135
0.021327
0.029145
0.021288
0.029081
0.021283
0.029241
0.021246
0.029273
0.021266
0.029165
0.021280
0.029103
0.021312
0.029322
0.021258
0.029025
0.021324
0.029119
0.021419
0.029173
0.021275
0.029075
0.021233
0.029180
0.021303
0.029193
0.021262
0.029122
0.021322
0.029144
0.021314
0.029123
0.021323
0.029253
0.021255
0.029084
0.021253
0.029382
0.021133
0.029119
0.021193
0.029080
0.021237
0.029105
0.021396
0.029258
0.021250
0.029329
0.021165
0.018701
0.020606
0.020995
0.028948
0.019163
0.014952
0.027154
0.014918
0.028658
0.017298
0.024631
0.017299
0.016736
0.026932
0.022772
0.013352
0.026880
0.022810
0.017181
0.024531
0.017322
0.024558
0.017275
0.020725
0.024971
0.017419
0.024500
0.017341
0.024664
0.017304
0.024665
0.017349
0.024797
0.017287
0.024545
0.017321
0.024658
0.017313
0.024688
0.017437
0.024838
0.015988
0.026679
0.017459
0.023139
0.023011
0.015933
0.026685
0.017531
0.023400
0.021335
0.021086
0.019366
0.023357
0.021477
0.023124
0.017511
0.023322
0.021374
0.021381
0.019334
0.016723
0.027296
0.021326
0.023138
0.017570
0.023186
0.014983
0.027186
0.023062
0.017565
0.023287
0.015057
0.027254
0.015115
0.027265
0.021388
0.015172
0.027123
0.015086
0.027276
0.015064
0.027143
0.015037
0.027205
0.015112
0.027092
0.015048
0.027258
0.022942
0.027574
0.021249
0.029212
0.021333
0.029206
0.021425
0.029251
0.021238
0.029102
0.021312
0.029142
0.021213
0.029113
0.021255
0.029126
0.021345
0.029235
0.021250
0.029207
0.021299
0.029149
0.021276
0.029465
0.021323
0.029327
0.021392
0.029353
0.021492
0.027675
0.019077
0.033207
0.021347
0.029211
0.021382
0.029155
0.021346
0.029217
0.021405
0.029227
