0.015585
0.024778
0.025448
0.025000
0.025391
0.024971
0.025271
0.024989
0.025267
0.025115
0.025377
0.025020
0.025333
0.024864
0.025409
0.024929
0.025252
0.024964
0.025387
0.024804
0.025350
0.025100
0.025304
0.024896
0.025305
0.025075
0.025429
0.024904
0.025235
0.025178
0.025386
0.024944
0.025337
0.024995
0.025289
0.024993
0.025312
0.024973
0.025367
0.025055
0.025427
0.025011
0.025360
0.024800
0.025405
0.025076
0.025434
0.025108
0.025331
0.024955
0.025539
0.025041
0.025442
0.025029
0.025359
0.025003
0.025355
0.024860
0.025271
0.024951
0.025290
0.024914
0.025304
0.024925
0.025306
0.024974
0.025466
0.024908
0.025413
0.025165
0.025331
0.024996
0.025481
0.025007
0.025250
0.024982
0.025348
0.024988
0.025396
0.024955
0.025364
0.025096
0.025365
0.024968
0.025466
0.024870
0.025473
0.024905
0.025252
0.024950
0.025294
0.024910
0.025382
0.025015
0.025319
0.025015
0.025391
0.025015
0.025426
0.025009
0.025342
0.025033
0.025308
0.024994
0.025362
0.024849
0.025262
0.024962
0.025387
0.025090
0.025313
0.025169
0.025323
0.024962
0.025385
0.025175
0.025398
0.025042
0.025337
0.025033
0.025461
0.024997
0.025274
0.025054
0.025410
0.024985
0.025471
0.024866
0.025386
0.025020
0.025290
0.024930
0.025447
0.025016
0.025227
0.024977
0.025340
0.024989
0.025254
0.024981
0.025435
0.025079
0.025339
0.025020
0.025331
0.025088
0.025388
0.025017
0.025289
0.024967
0.025371
0.025180
0.025439
0.025084
0.025455
0.025060
0.025386
0.025067
0.025414
0.025220
0.025270
0.025151
0.025372
0.025072
0.025431
0.024902
0.025366
0.025156
0.025432
0.025122
0.025401
0.025163
0.025320
0.025044
0.025400
0.024958
0.025359
0.024913
0.025330
0.025031
0.025379
0.025009
0.025373
0.024964
0.025389
0.025147
0.025294
0.025171
0.021144
0.020669
0.021225
0.020704
0.020947
0.020788
0.020700
0.021079
0.020838
0.020995
0.020679
0.020842
0.021001
0.020736
0.020730
0.021066
0.020886
0.020941
0.020765
0.021006
0.020815
0.021082
0.020911
0.021096
0.020711
0.021088
0.020676
0.020780
0.020944
0.021068
0.020908
0.020944
0.020815
0.020730
0.021064
0.021132
0.021110
0.020751
0.021193
0.021015
0.021379
0.021515
0.021318
0.021044
0.021430
0.021353
0.021442
0.021409
0.021387
0.021370
0.021471
0.021457
0.021386
0.021425
0.021538
0.021318
0.021367
0.021489
0.021470
0.021442
0.021367
0.021399
0.021511
0.021271
0.021382
0.021272
0.021069
0.021430
0.020978
0.021274
0.021317
0.020957
0.021316
0.021248
0.021013
0.021396
0.021298
0.020837
0.021353
0.021388
0.021093
0.021311
0.021183
0.020888
0.021240
0.021363
0.020950
0.025504
0.025418
0.024905
0.025368
0.025029
0.025432
0.024937
0.025304
0.024931
0.025316
0.024791
0.025287
0.024879
0.025271
0.024954
0.025388
0.024930
0.025241
0.025052
0.025409
0.024981
0.025422
0.024901
0.025397
0.024916
0.025376
0.025009
0.025282
0.024940
0.025339
0.025094
0.025269
0.024961
0.025401
0.024841
0.025404
0.024945
0.025399
0.025073
0.025311
0.025086
0.025347
0.025153
0.025326
0.025085
0.025332
0.025030
0.025259
0.025105
0.025314
0.025072
0.025331
0.025067
0.025398
0.024984
0.025403
0.025011
0.025414
0.025089
0.025398
0.025032
0.025453
0.024937
0.025408
0.024990
0.025337
0.025018
0.025342
0.025048
0.025376
0.025089
0.025259
0.025036
0.025267
0.025079
0.025520
0.024898
0.025446
0.024901
0.025413
0.025030
0.025462
0.024995
0.025308
0.024979
0.025396
0.024963
0.025365
0.025090
0.025419
0.025005
0.025235
0.025149
0.025293
0.025066
0.025420
0.024937
0.025372
0.024990
0.025468
0.025080
0.025372
0.024943
0.025386
0.024973
0.025480
0.025223
0.025481
0.025036
0.025382
0.024905
0.025388
0.024961
0.025291
0.024936
0.025428
0.025034
0.025492
0.025005
0.025438
0.024922
0.025363
0.025011
0.025446
0.024976
0.025397
0.025038
0.025431
0.025050
0.025414
0.024931
0.025516
0.025050
0.025402
0.024926
0.025474
0.024929
0.025453
0.025011
0.025303
0.024933
0.025269
0.024986
0.025542
0.025031
0.025354
0.025153
0.025357
0.025075
0.025285
0.025073
0.025323
0.025045
0.025328
0.025144
0.025440
0.024989
0.025396
0.025078
0.025533
0.025011
0.025311
0.025070
0.025329
0.025000
0.025209
0.024928
0.025279
0.025089
0.025419
0.024900
0.025417
0.025146
0.025307
0.024900
0.025391
0.024923
0.025285
0.025067
0.025523
0.024818
0.025412
0.024952
0.025342
0.024972
0.025451
0.025075
0.025438
0.025059
0.025646
0.025150
0.025379
0.025108
0.025229
0.024949
0.025284
0.025012
0.025386
0.025104
0.025337
0.024931
0.025411
0.024965
0.025346
0.025156
0.025259
0.025043
0.025391
0.025038
0.025415
0.024981
0.025379
0.025191
0.025529
0.024973
0.025250
0.024885
0.025476
0.025124
0.025391
0.025000
0.025399
0.024944
0.025412
0.024947
0.025333
0.024997
0.025471
0.025113
0.025428
0.025095
0.025399
0.024820
0.025385
0.025012
0.025316
0.024983
0.025561
0.025079
0.025468
0.025020
0.025356
0.025000
0.025350
0.024977
0.025424
0.025100
0.025391
0.024961
0.025303
0.025085
0.025197
0.025104
0.025246
0.025126
0.025493
0.025160
0.025292
0.025035
0.025398
0.025099
0.025330
0.024904
0.025326
0.024930
0.025301
0.024974
0.025338
0.025032
0.025357
0.024976
0.025328
0.025008
0.025414
0.025149
0.025437
0.024956
0.025461
0.024949
0.025235
0.025112
0.025370
0.025192
0.025384
0.025009
0.025308
0.024953
0.025355
0.024993
0.025400
0.024897
0.025371
0.025043
0.025285
0.024936
0.025382
0.024927
0.025297
0.025015
0.025327
0.025011
0.025354
0.025101
0.025362
0.025012
0.025438
0.025026
0.025416
0.024901
0.025351
0.024876
0.025433
0.024980
0.025351
0.024944
0.025458
0.024948
0.025338
0.025179
0.025243
0.025131
0.025252
0.025026
0.025577
0.024968
0.025471
0.024987
0.025281
0.024938
0.025428
0.025017
0.025269
0.024978
0.025337
0.025092
0.025233
0.025043
0.025504
0.025014
0.025351
0.024932
0.025462
0.024967
0.025327
0.025138
0.025331
0.025057
0.025443
0.020904
0.020839
0.021088
0.020729
0.020783
0.021020
0.020724
0.020708
0.021074
0.020948
0.020698
0.021098
0.020804
0.021142
0.020764
0.021193
0.020908
0.021127
0.020710
0.021194
0.020857
0.021008
0.020618
0.021319
0.020740
0.021060
0.020943
0.021037
0.020890
0.020960
0.021151
0.020833
0.021069
0.020848
0.020760
0.020959
0.020790
0.021048
0.020746
0.021203
0.021070
0.021321
0.021298
0.021248
0.021299
0.020946
0.021333
0.021378
0.021271
0.021186
0.021313
0.021060
0.021380
0.021494
0.021010
0.021409
0.021235
0.021141
0.021229
0.021014
0.021168
0.021479
0.021034
0.021455
0.021397
0.020986
0.021348
0.021329
0.020934
0.021385
0.021393
0.020933
0.021376
0.021436
0.020983
0.021263
0.021068
0.021405
0.021244
0.021007
0.021347
0.021337
0.020841
0.021251
0.021485
0.016837
0.017113
0.016989
0.021010
0.020952
0.020962
0.020990
0.020777
0.020748
0.020984
0.021012
0.020830
0.021269
0.020736
0.020900
0.020907
0.021131
0.020843
0.021011
0.020869
0.021025
0.020858
0.021127
0.020952
0.021164
0.020932
0.020880
0.021118
0.020854
0.020882
0.021140
0.020922
0.021183
0.020889
0.021094
0.020890
0.021105
0.020765
0.020787
0.021199
0.021166
0.021393
0.021375
0.021267
0.021353
0.021307
0.021364
0.021520
0.021393
0.021369
0.021105
0.021456
0.021389
0.021425
0.021346
0.021458
0.021475
0.021368
0.021326
0.021430
0.021363
0.021389
0.021369
0.021433
0.021581
0.021405
0.021055
0.021470
0.021191
0.021011
0.021356
0.021316
0.020972
0.021347
0.021393
0.021094
0.021443
0.021102
0.021336
0.021493
0.021047
0.021322
0.021503
0.021049
0.017154
0.017116
0.017021
0.017019
0.020755
0.020618
0.020760
0.020900
0.020688
0.020854
0.020744
0.020901
0.020891
0.020615
0.020833
0.020780
0.020748
0.020717
0.020723
0.020655
0.020756
0.020730
0.020853
0.020858
0.020723
0.020825
0.020634
0.020679
0.020799
0.020733
0.020786
0.020822
0.020754
0.020639
0.020733
0.020769
0.020745
0.020842
0.020805
0.020854
0.020988
0.021208
0.021066
0.021063
0.021074
0.021088
0.020983
0.021083
0.021143
0.020915
0.021194
0.020989
0.021099
0.021210
0.021064
0.021121
0.021073
0.021124
0.021086
0.021256
0.021119
0.021033
0.021214
0.021178
0.020933
0.021021
0.021034
0.020991
0.021164
0.021059
0.021006
0.021034
0.021006
0.021045
0.021099
0.020965
0.021041
0.021124
0.020949
0.020970
0.021019
0.020906
0.021150
0.021013
0.021160
0.020996
0.020948
0.021063
0.021040
0.020995
0.021109
0.021067
0.021250
0.024905
0.025278
0.024975
0.025037
0.024882
0.025120
0.025187
0.024989
0.025120
0.025291
0.025041
0.025009
0.025169
0.025116
0.025253
0.025204
0.025093
0.025120
0.025253
0.025079
0.025092
0.025071
0.025141
0.025099
0.025091
0.025181
0.025153
0.025089
0.024915
0.025134
0.025076
0.025035
0.025226
0.025063
0.025114
0.025121
0.025062
0.025015
0.025049
0.025066
0.024938
0.025021
0.024980
0.025299
0.024900
0.025028
0.025080
0.025129
0.024958
0.025090
0.024930
0.025073
0.024927
0.025209
0.025053
0.025299
0.025149
0.025163
0.025177
0.025101
0.025120
0.025069
0.024940
0.025130
0.025061
0.025082
0.025099
0.025062
0.025082
0.024982
0.025198
0.025134
0.024992
0.025032
0.025072
0.025191
0.025100
0.025096
0.024967
0.025002
0.024992
0.024951
0.024980
0.024919
0.025006
0.025044
0.025064
0.025032
0.025090
0.025158
0.020877
0.020623
0.020782
0.020720
0.020719
0.020854
0.020643
0.020649
0.020739
0.020724
0.020855
0.020801
0.020690
0.020635
0.020752
0.020656
0.020804
0.020738
0.020519
0.020744
0.020703
0.020704
0.020794
0.020679
0.020742
