0.011777
0.020776
0.024928
0.024750
0.024946
0.024985
0.025084
0.025084
0.025001
0.025020
0.024870
0.025064
0.025139
0.025139
0.024828
0.024984
0.024853
0.024980
0.025008
0.024780
0.024941
0.025045
0.024859
0.024847
0.024994
0.024994
0.024881
0.024887
0.025010
0.025025
0.024998
0.024955
0.024912
0.025061
0.024908
0.024859
0.024980
0.024939
0.024915
0.024874
0.025057
0.025084
0.024920
0.024993
0.024821
0.024980
0.024936
0.024870
0.024954
0.024853
0.024841
0.025037
0.024913
0.024950
0.024945
0.025108
0.024963
0.025044
0.024762
0.025090
0.025034
0.025023
0.025074
0.024925
0.025029
0.025009
0.024977
0.025009
0.024920
0.024918
0.024899
0.025193
0.025063
0.024864
0.024985
0.024989
0.025135
0.024867
0.024987
0.024957
0.025074
0.025107
0.025052
0.024854
0.025014
0.025151
0.025002
0.024945
0.024865
0.024946
0.025011
0.025008
0.025010
0.024987
0.024789
0.025062
0.025132
0.024789
0.025023
0.024874
0.024925
0.024862
0.024945
0.024961
0.024919
0.024911
0.024925
0.024928
0.024945
0.024978
0.024971
0.024936
0.025177
0.024991
0.024915
0.024854
0.025002
0.025054
0.025012
0.024892
0.025016
0.024941
0.024938
0.024925
0.024978
0.024933
0.024803
0.024943
0.024909
0.024988
0.025036
0.025080
0.025103
0.024933
0.024962
0.025007
0.025038
0.024918
0.024981
0.024984
0.025050
0.024929
0.024991
0.025000
0.025061
0.025053
0.024982
0.024980
0.025099
0.025071
0.025066
0.024896
0.025101
0.024957
0.024976
0.024898
0.024992
0.025128
0.024972
0.024945
0.024911
0.024925
0.024831
0.024974
0.024908
0.024955
0.024953
0.024869
0.025026
0.024937
0.024966
0.025037
0.025047
0.024885
0.024908
0.025058
0.024880
0.024999
0.025057
0.024998
0.024976
0.025035
0.024895
0.025122
0.024939
0.025015
0.024938
0.024879
0.025062
0.025005
0.024963
0.025034
0.024927
0.025142
0.025005
0.025017
0.024945
0.025115
0.024986
0.024922
0.025028
0.024935
0.024815
0.024962
0.025100
0.025057
0.025069
0.024935
0.025167
0.025105
0.024767
0.024889
0.024983
0.025064
0.025046
0.024906
0.025043
0.025101
0.024940
0.025054
0.024938
0.025065
0.025025
0.024796
0.025007
0.025161
0.025061
0.025027
0.024946
0.025017
0.025054
0.024930
0.025108
0.025071
0.024830
0.025001
0.025076
0.024796
0.024980
0.025038
0.024984
0.024977
0.025130
0.025021
0.025009
0.025004
0.025131
0.025045
0.025032
0.025098
0.025061
0.025068
0.024917
0.025016
0.025064
0.025097
0.025072
0.025067
0.024976
0.025083
0.025006
0.024889
0.024828
0.024969
0.025200
0.025127
0.024993
0.025029
0.024896
0.025062
0.025002
0.025054
0.025016
0.025032
0.025047
0.025045
0.025019
0.025056
0.024904
0.025017
0.025089
0.025052
0.024950
0.025020
0.025002
0.024946
0.025102
0.025123
0.024858
0.024778
0.025124
0.024966
0.025062
0.024984
0.025063
0.024947
0.024931
0.025079
0.024924
0.025095
0.025100
0.024938
0.025025
0.024986
0.024986
0.024933
0.024960
0.025005
0.025010
0.024862
0.024951
0.025090
0.025035
0.025037
0.024904
0.025057
0.024815
0.024943
0.024981
0.024930
0.025106
0.025095
0.025083
0.025011
0.024918
0.024928
0.025097
0.025031
0.025004
0.025076
0.024944
0.024950
0.025069
0.025049
0.025030
0.025049
0.024944
0.025036
0.024992
0.024917
0.024999
0.024987
0.025031
0.024951
0.024877
0.025021
0.024962
0.024999
0.025014
0.025028
0.024843
0.025093
0.024841
0.024964
0.024910
0.024947
0.025063
0.024960
0.024780
0.024990
0.024950
0.024859
0.025020
0.020658
0.020693
0.020580
0.020681
0.020579
0.020683
0.020601
0.020742
0.020687
0.020605
0.020649
0.020677
0.020616
0.020643
0.020641
0.020598
0.020605
0.020571
0.020690
0.020668
0.020558
0.020587
0.020611
0.020442
0.020728
0.020555
0.020543
0.020549
0.020575
0.020653
0.020562
0.020696
0.020561
0.020523
0.020465
0.020479
0.020498
0.020583
0.020630
0.020736
0.020913
0.020934
0.020899
0.020907
0.020888
0.020905
0.020971
0.020853
0.020930
0.020970
0.020845
0.020921
0.020949
0.021026
0.020992
0.020833
0.020965
0.020861
0.021050
0.020927
0.021019
0.020877
0.020934
0.020931
0.020896
0.020994
0.020987
0.020870
0.020920
0.020955
0.020895
0.020841
0.020740
0.020922
0.020770
0.020881
0.020867
0.020933
0.020798
0.020940
0.020765
0.021066
0.020832
0.020885
0.020978
0.020892
0.020848
0.020936
0.020833
0.020890
0.020775
0.021050
0.023223
0.024826
0.024955
0.024867
0.025071
0.024953
0.024896
0.025003
0.025006
0.024944
0.024894
0.024848
0.024866
0.024920
0.024863
0.024972
0.025027
0.025074
0.025101
0.024881
0.024900
0.025141
0.024983
0.024966
0.024928
0.024970
0.025172
0.025033
0.024869
0.025041
0.024920
0.024956
0.024930
0.025010
0.024948
0.025115
0.025056
0.025027
0.022666
0.020721
0.020575
0.020649
0.020614
0.020627
0.020676
0.020682
0.020588
0.020715
0.020507
0.020654
0.020628
0.020671
0.020663
0.020745
0.020719
0.020673
0.020668
0.020470
0.020498
0.020605
0.020533
0.020425
0.020516
0.020543
0.020727
0.020466
0.020599
0.020515
0.020814
0.020727
0.020533
0.020602
0.020551
0.020653
0.020546
0.020480
0.020719
0.020742
0.020964
0.020908
0.020985
0.021078
0.020895
0.020985
0.020893
0.021072
0.020899
0.020918
0.020720
0.020942
0.020989
0.021030
0.021030
0.020877
0.020896
0.021019
0.020916
0.020956
0.020900
0.020952
0.020905
0.021064
0.020984
0.020846
0.020961
0.020785
0.020870
0.020779
0.020852
0.020951
0.020822
0.020856
0.020899
0.020873
0.020951
0.020816
0.020887
0.020948
0.020671
0.020797
0.020846
0.020858
0.020946
0.020824
0.020818
0.020846
0.020972
0.020970
0.020948
0.020964
0.025008
0.024908
0.025035
0.025006
0.024980
0.024922
0.024847
0.025006
0.024960
0.024919
0.025001
0.024956
0.024925
0.025034
0.024952
0.024992
0.025076
0.024976
0.024855
0.025086
0.024934
0.024882
0.024838
0.024842
0.024981
0.024934
0.025015
0.025040
0.024832
0.025066
0.024860
0.025072
0.024945
0.025078
0.024978
0.024905
0.024812
0.024880
0.024899
0.024860
0.025008
0.025003
0.024917
0.024884
0.024852
0.024796
0.024938
0.025016
0.025021
0.024941
0.024941
0.024897
0.025010
0.024899
0.024874
0.025066
0.024923
0.024885
0.024873
0.024923
0.024753
0.025034
0.025028
0.024976
0.024903
0.025054
0.024931
0.024927
0.025048
0.024770
0.025048
0.025052
0.024922
0.024937
0.024890
0.024948
0.024927
0.024995
0.025059
0.025040
0.024981
0.025102
0.024956
0.024920
0.024992
0.024980
0.024936
0.024952
0.024918
0.025137
0.024906
0.024929
0.024974
0.024891
0.024881
0.024925
0.024895
0.025068
0.024997
0.024964
0.024952
0.024907
0.025009
0.025000
0.025015
0.025040
0.024985
0.024939
0.024808
0.024906
0.024992
0.024955
0.025010
0.024935
0.024963
0.025060
0.024967
0.024964
0.024949
0.024961
0.024992
0.024909
0.024858
0.024873
0.024990
0.024929
0.024974
0.024949
0.025015
0.024830
0.024869
0.024914
0.024924
0.024962
0.024976
0.025061
0.024885
0.025039
0.025164
0.024871
0.024875
0.024887
0.024837
0.024899
0.024822
0.024930
0.024911
0.024898
0.024922
0.024983
0.024918
0.025014
0.025084
0.024982
0.024863
0.025072
0.025033
0.024885
0.024896
0.025014
0.025037
0.024927
0.024922
0.024877
0.024957
0.024953
0.024954
0.025017
0.024888
0.024900
0.025071
0.025088
0.025037
0.025040
0.025011
0.025147
0.024967
0.025064
0.025027
0.024935
0.024989
0.025048
0.024915
0.025027
0.024894
0.024942
0.024966
0.025022
0.024965
0.025123
0.025132
0.024792
0.025062
0.024970
0.024900
0.025043
0.025012
0.024946
0.024954
0.024969
0.024957
0.024934
0.025029
0.024959
0.025009
0.024962
0.024869
0.025038
0.024943
0.025012
0.024889
0.025095
0.024916
0.024918
0.025074
0.024936
0.024894
0.025000
0.024829
0.024830
0.024977
0.025018
0.024955
0.024877
0.024898
0.025086
0.024982
0.025078
0.025010
0.025078
0.024989
0.024989
0.024992
0.025095
0.024897
0.025112
0.024962
0.024986
0.024877
0.025000
0.024985
0.025020
0.025025
0.025035
0.025033
0.024974
0.024977
0.024888
0.025087
0.024918
0.024926
0.024920
0.025017
0.025002
0.024984
0.024964
0.025050
0.024989
0.024972
0.024940
0.025064
0.024887
0.020816
0.020720
0.020670
0.020691
0.020716
0.020725
0.020817
0.020721
0.020668
0.020819
0.020711
0.020740
0.020810
0.020741
0.020702
0.020680
0.020657
0.020702
0.020716
0.020699
0.020695
0.020488
0.020603
0.020699
0.020689
0.020673
0.020591
0.020715
0.020740
0.020639
0.020784
0.020724
0.020677
0.020689
0.020768
0.020664
0.020683
0.020646
0.020729
0.020739
0.020884
0.020892
0.021026
0.020955
0.021007
0.020896
0.020975
0.020905
0.020986
0.020942
0.020943
0.020920
0.020960
0.016574
0.016750
0.016733
0.016695
0.016681
0.016797
0.016648
0.016670
0.016638
0.016739
0.016709
0.016763
0.016681
0.016674
0.016638
0.016597
0.016602
0.016642
0.016619
0.016800
0.016727
0.016661
0.016662
0.016621
0.016751
0.016669
0.016584
0.016587
0.016618
0.016713
0.016566
0.016638
0.016723
0.016622
0.016570
0.016667
0.016719
0.016717
0.016649
0.020672
0.020715
0.020753
0.020837
0.020602
0.020776
0.020688
0.021001
0.021035
0.021034
0.020998
0.021082
0.021104
0.020960
0.021013
0.021013
0.021041
0.021109
0.021048
0.020999
0.020961
0.020860
0.021043
0.021042
0.020939
0.021004
0.020906
0.020945
0.021051
0.021032
0.020965
0.021022
0.021006
0.020949
0.021011
0.021034
0.021047
0.021067
0.021044
0.021071
0.020981
0.021003
0.021011
0.020962
0.020950
0.020944
0.020894
0.021033
0.020995
0.020819
0.020968
0.020874
0.020993
0.020807
0.021046
0.018749
0.012741
0.018800
0.013097
0.024346
0.017120
