0.009225
0.015885
0.025073
0.025054
0.025019
0.025033
0.024985
0.024976
0.025116
0.024891
0.024974
0.024868
0.024929
0.024900
0.024991
0.024985
0.024948
0.025027
0.025094
0.025000
0.025103
0.024967
0.025109
0.025028
0.025049
0.024954
0.024934
0.025214
0.025046
0.024947
0.025111
0.024953
0.025045
0.024976
0.024888
0.025009
0.025190
0.025005
0.024988
0.025005
0.025106
0.025047
0.025068
0.025056
0.025097
0.025093
0.025039
0.024955
0.025100
0.025094
0.024951
0.024981
0.025022
0.025086
0.024950
0.024956
0.025137
0.024900
0.025094
0.025060
0.025125
0.024994
0.024964
0.024980
0.024968
0.025112
0.025109
0.025030
0.025209
0.024868
0.025141
0.025093
0.025138
0.024931
0.024950
0.024971
0.025007
0.024934
0.025077
0.024961
0.025077
0.024988
0.025050
0.025132
0.024938
0.025058
0.024946
0.024987
0.025082
0.025058
0.025122
0.025057
0.025003
0.024963
0.025122
0.025021
0.025143
0.024986
0.024891
0.025087
0.025095
0.024941
0.025083
0.024899
0.024935
0.025101
0.025092
0.025067
0.025081
0.024880
0.025084
0.025089
0.025072
0.024866
0.025008
0.025048
0.024935
0.024965
0.025118
0.024971
0.024967
0.025013
0.024914
0.025144
0.025172
0.024915
0.024887
0.024864
0.025070
0.025025
0.025095
0.024961
0.025038
0.024872
0.024921
0.024995
0.025090
0.025012
0.025067
0.025082
0.025167
0.024977
0.025055
0.024810
0.025025
0.024935
0.025080
0.024957
0.025200
0.024988
0.025058
0.025172
0.025184
0.025143
0.025147
0.025061
0.025129
0.024912
0.024928
0.025077
0.025118
0.025040
0.024931
0.025020
0.025119
0.024922
0.025024
0.025088
0.025038
0.025001
0.025263
0.025045
0.024937
0.024976
0.024843
0.024988
0.024986
0.024926
0.025197
0.025104
0.025024
0.024997
0.025029
0.025070
0.025139
0.024995
0.025192
0.025028
0.025077
0.024952
0.025028
0.025098
0.025021
0.025003
0.025178
0.025048
0.024950
0.024999
0.025070
0.025092
0.025139
0.025036
0.025259
0.025157
0.025122
0.024963
0.025105
0.024882
0.025160
0.025104
0.025136
0.024981
0.025112
0.024885
0.025060
0.025036
0.025166
0.025051
0.025195
0.025075
0.024937
0.025064
0.025066
0.024834
0.025021
0.025000
0.025003
0.024834
0.025001
0.024936
0.024950
0.025127
0.025228
0.025069
0.024982
0.025085
0.025091
0.024847
0.025172
0.024961
0.024993
0.024875
0.025065
0.025032
0.025141
0.024982
0.025121
0.024986
0.025232
0.025031
0.025004
0.020671
0.020603
0.020641
0.020773
0.020861
0.020658
0.020597
0.020815
0.020686
0.020730
0.020666
0.020826
0.020843
0.020746
0.020559
0.020767
0.020639
0.020777
0.020717
0.020689
0.020719
0.020732
0.020739
0.025426
0.018597
0.011020
0.020748
0.018597
0.010860
0.020958
0.018574
0.011050
0.020879
0.012584
0.020927
0.012553
0.020833
0.018586
0.010959
0.020747
0.018632
0.010958
0.020925
0.018713
0.011107
0.021109
0.018811
0.011264
0.022840
0.011175
0.022905
0.011268
0.021243
0.012932
0.022786
0.011180
0.021094
0.018720
0.011263
0.021137
0.012809
0.021219
0.018727
0.011187
0.021178
0.013082
0.022849
0.017238
0.011212
0.021097
0.013057
0.023160
0.017341
0.017526
0.017373
0.017483
0.017325
0.017450
0.017338
0.017403
0.017406
0.017368
0.017392
0.017421
0.017316
0.017347
0.017417
0.017501
0.011345
0.023512
0.022917
0.023311
0.013493
0.027211
0.023009
0.017541
0.016796
0.027264
0.015051
0.027231
0.023226
0.017581
0.016890
0.027343
0.022979
0.013614
0.027386
0.023220
0.017650
0.021185
0.021694
0.023295
0.021248
0.023431
0.017535
0.023281
0.023145
0.017487
0.023248
0.015212
0.023079
0.033283
0.019135
0.033150
0.021706
0.028923
0.021558
0.029063
0.021523
0.029212
0.021584
0.028958
0.021522
0.028875
0.021570
0.028985
0.021547
0.029125
0.021599
0.028919
0.021433
0.028951
0.021654
0.029060
0.021636
0.029017
0.021570
0.029001
0.021539
0.028954
0.021442
0.029013
0.021535
0.028957
0.021574
0.029000
0.021361
0.028929
0.021603
0.029069
0.021493
0.029063
0.021411
0.029021
0.021554
0.029009
0.021724
0.029041
0.021658
0.024920
0.015281
0.026860
0.015265
0.018704
0.028704
0.015420
0.018746
0.028957
0.017723
0.024464
0.011058
0.018639
0.020802
0.012971
0.020635
0.012824
0.020763
0.012816
0.020645
0.012803
0.020589
0.011255
0.018476
0.020640
0.012841
0.020677
0.012850
0.020686
0.012887
0.020738
0.012779
0.020680
0.010943
0.017081
0.016941
0.016934
0.018427
0.020640
0.012819
0.020713
0.012792
0.020568
0.012950
0.020705
0.011282
0.016899
0.019014
0.020935
0.012970
0.020968
0.013016
0.020989
0.013024
0.020908
0.013079
0.021152
0.013123
0.021032
0.017500
0.017502
0.017428
0.017410
0.017400
0.017495
0.017360
0.017442
0.015656
0.013058
0.021654
0.012919
0.017466
0.015106
0.013167
0.013109
0.015067
0.013082
0.013163
0.011295
0.013025
0.013251
0.013056
0.013312
0.013320
0.013214
0.012837
0.013159
0.013404
0.013120
0.012846
0.016676
0.016777
0.016777
0.016782
0.016692
0.016654
0.016685
0.016809
0.016716
0.016775
0.016745
0.016694
0.016820
0.016728
0.016777
0.016745
0.016824
0.020772
0.020782
0.020704
0.020746
0.020666
0.020677
0.020781
0.020834
0.020658
0.020799
0.020718
0.020799
0.020732
0.020740
0.020961
0.021000
0.021044
0.021092
0.021010
0.021101
0.020992
0.021026
0.021011
0.021161
0.021020
0.020931
0.021147
0.021040
0.021055
0.021100
0.021129
0.020955
0.021014
0.021151
0.021170
0.021121
0.021047
0.020998
0.021099
0.021052
0.020985
0.020994
0.021125
0.021017
0.021086
0.021003
0.021028
0.021016
0.021027
0.021087
0.021054
0.021058
0.021221
0.020982
0.021010
0.020934
0.020984
0.021004
0.021043
0.021185
0.021030
0.021244
0.020972
0.021090
0.021149
0.020960
0.021053
0.024989
0.025157
0.025182
0.025011
0.025164
0.025078
0.025060
0.025091
0.025102
0.025052
0.025184
0.025142
0.025114
0.025054
0.025136
0.025172
0.025131
0.024976
0.025222
0.025125
0.025132
0.024975
0.025258
0.024996
0.025202
0.024966
0.025221
0.024999
0.025159
0.025038
0.025073
0.024913
0.025134
0.025187
0.025202
0.025131
0.025099
0.025109
0.025130
0.024941
0.025009
0.024960
0.025130
0.025031
0.025153
0.025027
0.025231
0.025175
0.025155
0.025108
0.025155
0.025122
0.025220
0.025073
0.025110
0.025088
0.025264
0.025201
0.025184
0.025030
0.025214
0.025110
0.025105
0.024942
0.025109
0.025047
0.025045
0.025158
0.025123
0.025181
0.025205
0.025004
0.025002
0.025197
0.025180
0.025008
0.025172
0.025081
0.025202
0.025169
0.025204
0.025079
0.024977
0.025123
0.025151
0.025044
0.025242
0.025119
0.025167
0.025111
0.025054
0.025257
0.025109
0.025068
0.025094
0.024981
0.025194
0.025066
0.025242
0.025083
0.025275
0.025075
0.025133
0.025235
0.025180
0.025028
0.025144
0.025147
0.025092
0.025092
0.025169
0.025227
0.025063
0.024970
0.025204
0.024972
0.025104
0.025038
0.025228
0.025010
0.025187
0.025053
0.025076
0.025106
0.025115
0.025016
0.025289
0.025098
0.025123
0.025049
0.025171
0.025098
0.025041
0.025117
0.025235
0.025057
0.025103
0.024933
0.025074
0.025096
0.025214
0.025100
0.025146
0.025003
0.025094
0.025043
0.025064
0.025132
0.025188
0.025117
0.025047
0.025104
0.025137
0.025079
0.024994
0.024960
0.025201
0.025204
0.025231
0.025096
0.025205
0.025103
0.025193
0.025089
0.025246
0.025144
0.025239
0.025177
0.025051
0.025040
0.025249
0.025230
0.025281
0.025022
0.025191
0.025160
0.025225
0.024960
0.025137
0.025012
0.025012
0.025097
0.025162
0.025296
0.025214
0.025079
0.025211
0.025007
0.025099
0.025186
0.025167
0.025309
0.025100
0.025051
0.025200
0.025141
0.025149
0.025128
0.025211
0.025252
0.025001
0.025101
0.025156
0.025100
0.025111
0.025142
0.025117
0.025067
0.025259
0.025015
0.025285
0.025097
0.025304
0.025270
0.025264
0.025111
0.025206
0.025123
0.025114
0.025177
0.025241
0.025134
0.024989
0.025089
0.025117
0.025085
0.025143
0.025100
0.025209
0.025249
0.025224
0.025099
0.025050
0.025173
0.025207
0.025175
0.025095
0.025123
0.025352
0.025081
0.025180
0.024908
0.025051
0.025092
0.025146
0.025064
0.025230
0.025129
0.025172
0.025125
0.025193
0.025136
0.025060
0.025021
0.025019
0.025180
0.025288
0.025208
0.025126
0.025052
0.025177
0.025297
0.025309
0.025163
0.025160
0.025078
0.025175
0.025045
0.025069
0.025147
0.025146
0.025079
0.025215
0.025144
0.025275
0.025101
0.025098
0.025194
0.025126
0.025194
0.025174
0.025049
0.025189
0.025055
0.025159
0.025115
0.025143
0.025128
0.025164
0.025132
0.025078
0.025171
0.025226
0.025189
0.025144
0.025148
0.025097
0.025049
0.025303
0.025046
0.025258
0.025019
0.025179
0.025058
0.025129
0.024971
0.025167
0.024940
0.025241
0.025019
0.025218
0.025131
0.025222
0.025168
0.025143
0.025223
0.025212
0.025182
0.025115
0.024964
0.025098
0.025000
0.025188
0.025084
0.025068
0.025221
0.025250
0.025075
0.025170
0.024996
0.025100
0.025121
