384	178	80	54
382	177	77	51
378	178	77	51
375	179	79	52
376	180	79	52
391	180	79	52
408	181	80	52
426	182	79	52
433	184	79	52
428	184	79	53
425	185	78	52
422	186	78	51
417	187	79	52
414	188	79	51
410	191	80	52
407	191	79	52
404	192	79	52
401	194	78	51
399	194	79	52
395	196	80	52
393	196	79	52
390	197	79	51
387	199	78	51
389	200	79	53
404	200	80	53
422	201	80	53
439	201	80	54
457	203	78	53
474	204	76	53
490	204	77	53
505	204	77	53
504	206	76	52
498	206	76	53
496	209	76	52
493	209	75	52
489	209	76	52
486	211	76	51
483	211	77	52
481	212	76	52
478	212	77	52
476	213	76	52
472	214	75	52
469	214	76	52
465	215	77	52
471	214	76	52
445	219	78	51
443	219	79	53
439	221	79	52
436	221	79	52
433	221	80	52
430	222	81	52
427	223	80	52
424	224	81	53
421	224	81	52
418	224	80	52
416	226	79	52
413	226	80	52
410	226	79	52
406	227	79	52
403	226	80	52
400	227	81	52
397	228	81	52
394	228	80	52
393	228	79	51
389	228	79	52
386	228	79	51
382	228	79	51
380	228	79	51
376	228	80	51
373	228	80	51
370	229	80	51
366	229	80	52
364	229	80	51
361	228	79	51
358	229	79	51
354	229	79	51
352	229	78	51
348	229	79	51
346	229	78	51
350	229	78	52
366	229	80	52
383	229	80	53
399	228	81	53
414	228	81	53
412	229	81	52
405	228	82	53
403	228	82	52
398	229	82	53
395	228	82	52
392	229	82	52
389	229	83	52
384	229	84	53
382	230	83	52
379	229	83	52
374	230	84	52
371	230	86	53
369	230	85	52
365	230	86	52
362	230	85	52
360	230	85	52
356	230	86	53
352	231	87	53
350	230	87	53
346	230	87	53
343	231	87	53
341	231	86	52
338	231	86	53
336	231	86	52
333	232	86	52
329	231	87	52
327	232	86	52
324	232	87	52
321	232	87	52
319	233	86	52
316	232	87	52
313	232	87	52
311	232	87	52
307	232	87	52
306	233	85	51
306	232	86	52
320	232	84	52
339	232	84	52
354	231	86	52
355	231	87	52
349	232	87	52
347	232	87	51
344	232	86	51
342	232	85	51
339	232	85	51
337	232	84	50
335	232	83	50
334	231	82	50
332	231	82	50
330	231	81	50
327	231	81	49
325	231	81	49
324	230	80	49
333	229	79	52
351	229	80	51
368	229	79	51
386	228	79	52
394	229	81	51
392	228	80	51
388	228	81	51
386	228	80	50
385	227	79	50
382	228	79	50
381	228	78	50
379	228	77	50
377	227	77	49
375	227	77	49
374	227	75	49
373	227	73	49
371	227	72	49
370	227	73	49
368	227	72	49
365	227	73	49
364	227	72	49
363	227	71	49
360	227	71	49
360	227	70	49
358	227	71	49
356	227	71	49
355	227	72	50
352	227	74	50
351	227	74	50
348	227	75	51
346	227	76	51
344	227	77	51
344	228	76	51
341	228	77	51
340	228	77	50
338	229	77	50
337	229	79	51
337	229	78	50
336	229	78	50
334	229	79	51
334	229	80	51
334	229	79	51
332	230	79	52
333	230	77	51
331	230	78	51
331	231	78	51
329	231	79	50
329	231	78	50
328	231	79	50
328	232	79	50
326	232	79	50
327	233	78	50
325	233	79	50
325	233	79	50
324	234	79	50
323	233	79	51
323	234	80	51
323	234	79	51
322	235	79	51
322	235	80	51
321	235	79	51
322	236	79	51
321	236	79	51
321	236	79	51
322	237	78	51
321	237	79	51
321	238	78	51
320	239	79	51
320	239	79	51
319	239	80	51
320	240	80	50
321	240	79	51
321	240	79	51
321	241	78	51
321	241	79	51
322	242	79	51
322	242	79	52
322	242	79	51
323	243	78	52
323	243	80	51
324	244	79	52
325	244	78	52
325	244	78	51
325	245	78	52
326	245	78	51
326	246	79	51
327	246	79	51
327	246	80	52
327	247	80	51
329	247	78	51
330	247	80	51
331	248	79	51
330	249	80	52
331	249	80	51
332	249	79	51
333	250	80	51
334	250	80	51
335	250	79	51
335	250	80	51
336	251	80	51
338	252	79	51
339	251	80	50
340	252	80	51
341	253	79	51
342	253	79	50
342	253	80	51
344	253	80	49
345	254	79	50
346	254	80	50
347	254	80	50
348	254	81	50
350	254	79	50
350	255	79	50
352	255	79	50
353	256	80	50
355	255	79	50
356	256	78	51
357	255	80	51
359	255	79	50
360	255	79	51
361	255	79	51
363	255	78	51
363	255	78	51
365	255	79	51
366	256	78	51
366	255	79	50
369	256	78	50
370	257	79	50
371	257	79	51
372	257	79	50
375	257	79	50
375	257	79	51
377	257	79	51
378	257	79	51
380	257	79	51
382	257	79	51
384	257	79	51
385	257	79	51
385	257	79	51
386	258	80	50
388	258	80	50
390	258	79	49
391	259	80	50
393	258	81	50
395	258	79	51
397	259	79	51
398	259	80	51
401	259	79	51
401	259	79	51
403	259	79	51
404	259	80	52
406	260	80	50
408	259	78	50
408	260	80	51
410	260	80	51
412	260	80	49
413	260	81	50
416	260	79	50
418	259	80	51
418	259	81	52
419	259	81	51
421	260	80	50
424	260	80	50
424	260	80	51
426	260	80	50
429	261	79	50
431	261	79	50
433	260	79	51
435	260	77	51
436	261	78	51
438	261	78	51
438	261	78	51
442	261	77	51
443	261	77	51
444	261	79	51
445	262	78	51
447	263	78	50
449	262	79	50
450	262	78	52
452	262	79	51
453	262	78	51
453	262	79	52
455	262	79	51
456	263	78	51
458	263	79	51
459	263	79	50
460	263	79	50
462	263	79	50
464	263	77	51
465	264	78	50
466	264	79	50
467	265	79	49
469	264	78	49
471	264	79	50
472	264	78	50
474	264	79	50
476	265	77	50
476	265	78	49
478	265	79	50
479	265	78	50
470	263	74	51
447	264	78	53
428	264	80	52
421	265	77	51
423	264	80	51
425	264	80	50
427	264	80	50
430	265	78	50
430	265	79	50
433	265	78	50
434	265	78	51
435	265	78	50
437	265	77	50
438	265	78	50
440	265	78	50
440	265	78	50
442	265	78	50
443	266	78	50
445	266	79	50
445	266	79	50
446	266	78	50
447	266	78	50
449	266	78	49
451	266	77	50
449	265	74	52
429	265	78	53
408	265	79	52
390	265	79	52
383	267	75	51
385	267	78	51
388	266	78	51
390	266	78	50
391	267	78	51
391	267	79	51
392	267	79	50
394	267	79	50
395	268	79	50
396	268	78	50
398	268	78	50
398	268	79	50
401	268	78	50
402	269	78	50
403	269	79	50
405	270	78	50
413	270	78	50
413	271	78	51
414	272	78	51
414	272	79	50
414	272	78	51
399	272	77	52
379	272	77	51
360	273	77	51
342	273	78	51
330	274	76	49
330	274	78	50
336	274	78	50
338	274	77	50
340	275	76	51
340	274	78	50
341	276	77	50
342	276	77	49
343	276	78	50
343	277	79	49
344	276	79	49
347	276	78	50
347	276	79	50
349	277	78	49
350	277	77	49
351	276	78	50
351	277	78	50
353	277	78	49
354	277	77	49
356	277	78	50
357	278	77	49
357	277	77	49
359	278	77	49
360	277	77	49
360	277	78	49
362	278	77	49
362	278	77	49
363	278	77	50
364	278	77	49
366	278	77	49
368	278	76	49
368	278	76	49
368	277	77	49
370	277	76	50
371	277	76	50
371	277	77	50
372	277	77	49
372	277	76	50
373	277	78	49
373	277	78	50
373	277	78	49
375	278	77	50
375	277	77	49
375	277	78	49
376	277	78	49
378	277	77	49
378	277	77	49
378	277	77	49
380	276	77	49
381	276	76	49
381	277	76	49
381	276	77	49
382	276	77	49
382	277	77	50
382	276	77	50
383	276	77	50
383	276	77	50
384	276	76	50
384	277	77	50
384	276	77	49
385	277	75	49
386	277	76	49
386	276	76	49
387	276	75	49
387	277	76	50
387	276	77	50
387	277	77	49
386	276	77	49
387	276	77	49
387	276	77	50
388	276	77	49
389	276	75	49
390	276	76	49
390	277	76	50
389	277	76	49
390	277	76	49
390	277	77	49
389	277	77	49
390	277	76	49
388	277	77	48
389	277	76	48
391	276	76	48
391	265	75	50
392	256	74	51
391	247	76	50
390	248	77	50
391	249	77	50
392	250	75	50
391	250	76	50
391	250	77	49
390	250	76	49
390	250	77	49
391	250	76	49
390	249	77	49
391	249	77	50
392	249	76	50
391	249	76	50
391	249	77	49
390	249	77	50
390	249	76	50
391	249	77	49
391	248	76	50
391	248	76	50
390	248	75	50
390	248	76	50
389	248	77	49
389	248	76	49
389	248	76	49
388	248	77	49
388	246	77	50
388	246	76	50
388	247	75	50
387	246	76	50
387	247	75	49
386	246	76	49
386	246	75	49
386	245	75	49
385	245	75	50
385	244	75	50
384	244	75	50
384	243	75	50
383	244	75	50
383	244	75	51
383	243	75	51
383	243	75	51
382	242	75	51
381	242	75	51
380	242	75	51
381	243	75	50
381	243	74	50
380	242	74	50
380	242	74	50
379	241	74	51
378	242	73	50
378	241	73	51
378	242	73	50
375	242	75	50
374	241	75	50
375	232	72	51
374	227	73	50
373	229	75	50
372	229	74	50
371	230	75	50
371	230	75	50
369	230	75	49
369	231	75	49
368	231	74	50
368	230	75	50
367	230	74	50
366	230	74	50
365	230	74	50
365	231	74	50
364	230	74	50
363	230	73	50
363	230	73	49
361	230	73	50
359	230	74	50
358	231	74	49
358	231	74	49
357	232	73	49
356	231	73	49
355	232	74	49
353	231	73	49
353	232	73	49
351	232	74	48
350	232	74	48
349	233	74	48
348	233	73	49
347	232	73	49
347	233	72	49
346	233	73	49
345	233	72	49
343	233	73	49
341	233	73	49
341	233	73	48
340	234	73	49
338	234	74	48
338	234	73	49
337	234	73	49
336	234	72	49
335	234	72	49
333	234	74	50
333	234	73	49
332	235	73	48
331	234	73	48
330	235	73	48
328	235	72	49
327	235	73	49
327	235	73	49
325	234	74	49
324	235	73	48
323	235	72	49
321	235	73	49
321	236	73	49
320	235	73	49
318	236	73	48
318	236	74	49
316	236	73	49
316	236	73	49
315	236	73	49
313	236	73	49
313	236	73	48
312	237	73	49
311	236	73	49
310	236	73	49
309	237	73	48
308	237	73	49
306	236	74	49
305	236	74	49
304	237	74	49
304	237	71	49
302	237	73	49
301	238	72	49
301	237	73	49
299	237	73	49
298	237	72	49
296	237	73	48
296	237	73	48
295	237	72	48
295	237	71	48
293	236	73	48
292	236	72	48
290	237	73	48
289	236	74	48
289	236	72	48
287	236	72	48
286	237	73	47
285	236	72	48
283	237	72	48
283	237	72	47
281	236	73	48
279	237	73	47
279	236	72	47
276	236	74	47
276	237	73	46
274	236	73	47
273	237	74	46
272	237	73	46
270	237	74	47
268	236	73	47
267	237	73	46
265	237	74	46
265	237	73	47
263	237	74	47
261	237	74	47
262	237	74	47
260	237	74	47
258	237	74	47
257	238	74	47
257	238	74	47
255	237	74	47
254	238	75	47
253	237	75	47
252	238	75	47
250	237	75	47
250	238	74	47
248	238	75	47
248	238	74	46
248	238	74	46
246	238	75	47
245	238	75	47
245	239	74	47
244	238	74	47
243	238	74	47
242	238	75	47
242	238	75	47
241	239	74	47
240	239	74	47
239	239	75	47
243	238	76	48
265	238	74	49
284	239	74	49
302	238	73	49
302	240	74	48
298	240	76	48
297	240	74	47
295	240	76	48
295	241	75	47
294	241	75	47
293	241	76	47
293	242	75	47
293	242	74	46
293	242	75	47
293	242	74	47
290	242	75	48
290	243	75	47
290	243	74	47
289	244	75	47
289	244	74	47
289	245	74	47
288	245	74	47
288	245	74	47
287	245	75	47
287	245	74	47
286	246	75	47
286	245	75	48
286	246	74	47
285	246	75	47
285	246	75	48
284	246	74	47
284	247	74	47
284	248	74	46
284	247	75	47
282	247	75	47
282	248	75	47
282	248	74	47
283	248	74	46
283	249	74	47
283	249	74	47
282	249	74	47
282	250	75	47
282	250	75	47
282	249	74	47
282	250	74	47
282	250	74	47
282	250	74	47
281	250	75	47
282	250	74	46
282	251	73	47
282	251	74	46
281	251	74	47
281	252	74	47
282	252	74	46
282	252	74	47
281	253	74	46
282	252	74	46
281	253	74	46
281	253	74	46
281	253	74	47
281	253	74	47
281	253	74	47
281	253	74	47
282	253	74	46
282	254	74	46
281	253	74	47
281	254	75	47
281	254	74	47
281	255	74	47
282	255	73	46
281	255	74	47
282	256	74	46
281	256	74	46
281	257	74	46
281	257	74	47
281	256	74	47
281	257	74	46
281	257	74	47
281	257	73	47
281	257	74	46
281	257	74	46
279	258	74	47
281	257	73	46
280	258	74	46
280	257	74	47
279	257	74	47
280	257	74	46
279	258	75	46
280	258	74	46
279	258	75	46
279	258	75	47
280	258	74	46
279	257	74	47
279	258	74	47
279	258	74	47
279	257	74	47
278	258	74	47
278	258	74	47
278	258	74	47
279	258	74	47
279	258	74	47
278	258	74	47
278	259	74	47
279	259	74	46
278	259	74	47
279	258	74	47
278	258	74	47
278	258	74	47
278	259	74	47
278	258	75	46
278	259	74	47
278	258	74	47
278	260	74	47
278	259	74	46
277	259	74	47
277	259	74	47
277	260	74	47
277	259	75	47
278	259	74	46
277	260	74	46
277	260	74	47
277	260	74	46
277	259	74	47
277	260	74	47
278	260	74	46
278	260	74	47
277	260	74	47
277	259	75	47
276	260	74	47
276	260	75	47
276	260	75	47
277	260	74	46
277	260	74	46
277	260	74	46
277	260	73	47
277	260	74	47
277	261	73	47
277	260	74	47
277	260	74	47
277	260	74	47
277	260	74	47
277	260	74	47
277	260	74	47
278	261	74	47
278	260	74	47
278	261	74	47
278	260	74	47
278	260	74	47
278	262	74	47
277	261	75	47
279	261	74	46
279	262	74	46
279	262	75	47
280	262	74	46
280	263	74	46
280	261	74	47
281	263	73	47
281	263	74	46
282	263	73	47
282	263	73	46
282	264	73	47
283	265	73	46
282	265	73	46
283	265	73	46
284	266	73	46
285	267	73	46
285	266	73	46
285	266	73	46
284	267	74	46
285	268	74	46
287	267	73	46
286	268	74	47
286	267	74	47
287	268	74	46
287	269	74	46
289	269	73	46
288	269	74	46
289	269	73	46
290	270	73	46
290	270	73	46
290	271	74	46
291	271	74	45
291	271	74	46
291	272	74	46
291	272	74	47
292	272	73	46
292	273	73	46
291	272	75	46
293	273	74	46
293	273	73	46
293	273	74	47
293	273	74	45
293	274	74	46
293	273	74	46
293	274	74	46
295	274	73	45
294	275	74	46
293	275	75	46
296	275	73	45
294	275	74	46
295	275	74	47
295	275	74	47
295	275	74	46
294	276	75	46
295	276	74	46
295	276	74	46
296	276	73	46
296	276	74	46
295	277	74	46
295	277	74	46
296	277	74	46
296	277	74	45
295	277	74	46
296	278	74	45
297	278	73	45
297	278	74	46
296	277	74	46
296	277	74	46
296	278	75	46
297	278	74	45
297	278	74	46
297	278	75	46
297	278	75	46
297	278	74	46
297	278	75	46
297	278	74	46
297	278	74	46
297	279	75	46
298	279	74	45
299	279	73	46
298	279	74	46
298	279	74	46
299	279	74	46
299	278	75	46
299	278	75	46
298	279	74	47
299	279	74	46
299	278	75	46
299	278	74	46
299	277	74	46
299	278	74	46
300	278	74	45
300	277	74	46
300	278	74	46
300	277	75	46
299	277	75	46
300	276	75	46
299	276	76	47
301	277	75	46
300	277	75	46
300	277	75	46
301	276	75	46
301	276	75	46
300	276	75	46
302	277	74	46
301	276	75	46
301	276	75	46
301	276	74	46
301	276	74	46
301	276	75	46
301	276	75	46
301	276	75	46
302	276	74	45
302	276	74	46
301	276	74	46
301	275	75	46
302	275	74	46
302	275	74	46
301	275	75	46
302	275	74	46
301	275	75	46
302	274	74	46
301	274	74	46
301	273	75	46
302	273	74	46
301	273	75	46
301	274	76	46
302	273	74	45
302	274	74	46
301	272	75	46
301	272	75	46
302	272	74	46
301	272	74	46
301	272	75	46
302	272	74	46
301	272	74	46
301	271	73	45
301	270	74	46
300	270	74	46
301	270	73	46
300	271	74	46
301	270	74	46
299	271	74	46
299	270	74	46
300	270	74	46
299	269	74	46
299	270	74	46
298	269	73	46
300	269	73	45
299	268	72	46
298	269	73	47
299	269	73	46
299	268	72	46
298	269	73	46
298	268	72	46
297	268	73	46
297	268	73	46
297	268	72	46
297	268	72	45
297	268	71	45
297	268	72	45
296	267	72	46
295	267	72	46
295	266	73	46
294	266	73	45
295	266	72	45
294	266	74	46
294	266	72	45
294	265	73	46
294	265	73	46
294	265	73	45
294	265	74	46
294	265	73	46
294	264	73	46
293	265	74	46
295	264	72	45
294	263	72	46
294	263	73	46
293	263	72	46
294	264	73	46
294	263	73	46
292	264	73	46
293	263	73	46
293	263	73	46
293	262	73	46
293	263	72	46
293	262	73	46
292	261	74	46
293	262	73	46
293	261	73	46
293	261	74	47
