0.011996
0.020932
0.024878
0.024891
0.024890
0.025109
0.024928
0.024864
0.025020
0.025028
0.024895
0.024899
0.024931
0.024864
0.024910
0.024822
0.024975
0.025023
0.025056
0.025036
0.024907
0.024865
0.025165
0.024977
0.025020
0.024917
0.024983
0.025143
0.025001
0.024826
0.025023
0.024849
0.024966
0.024931
0.024954
0.024961
0.025061
0.025052
0.024908
0.022638
0.020712
0.020564
0.020641
0.020561
0.020612
0.020653
0.020650
0.020519
0.020761
0.020469
0.020678
0.020578
0.020673
0.020596
0.020737
0.020673
0.020694
0.020575
0.020484
0.020443
0.020622
0.020499
0.020402
0.020514
0.020534
0.020674
0.020478
0.020545
0.020447
0.020796
0.020612
0.020472
0.020643
0.020521
0.020587
0.020513
0.020488
0.020598
0.020700
0.020996
0.020824
0.020919
0.021027
0.020864
0.020950
0.020815
0.021013
0.020814
0.020893
0.020709
0.020956
0.020882
0.020999
0.020954
0.020918
0.020851
0.020961
0.020877
0.020873
0.020875
0.020956
0.020850
0.021042
0.020934
0.020882
0.020914
0.020780
0.020825
0.020788
0.020762
0.020956
0.020743
0.020842
0.020899
0.020839
0.020870
0.020800
0.020867
0.020868
0.020624
0.020780
0.020792
0.020829
0.020881
0.020807
0.020771
0.020853
0.020857
0.020969
0.020908
0.020966
0.024938
0.024889
0.025013
0.025017
0.024917
0.024959
0.024777
0.025010
0.024930
0.024966
0.024957
0.024958
0.024891
0.025043
0.024909
0.024991
0.025028
0.024942
0.024938
0.025044
0.024911
0.024863
0.024846
0.024841
0.024973
0.024972
0.024988
0.024974
0.024786
0.025049
0.024829
0.025096
0.024915
0.025060
0.024954
0.024913
0.024809
0.024931
0.024846
0.024841
0.025074
0.024970
0.024942
0.024870
0.024875
0.024786
0.024927
0.025060
0.025005
0.024992
0.024909
0.024957
0.024962
0.024922
0.024908
0.025105
0.024914
0.024855
0.024950
0.024884
0.024746
0.025074
0.025026
0.024976
0.024904
0.025059
0.024931
0.024977
0.025045
0.024737
0.025080
0.025038
0.024911
0.024919
0.024941
0.024911
0.024952
0.024980
0.025058
0.024990
0.024978
0.025107
0.024914
0.024905
0.025008
0.024948
0.024963
0.024968
0.024942
0.025112
0.024872
0.024969
0.024973
0.024823
0.024947
0.024885
0.024913
0.025089
0.024984
0.024943
0.024930
0.024956
0.024992
0.025006
0.024985
0.024972
0.024950
0.024896
0.024812
0.024901
0.024938
0.024974
0.024929
0.024951
0.024934
0.025020
0.024989
0.024894
0.024971
0.024963
0.024968
0.024930
0.024841
0.024895
0.024918
0.024868
0.024966
0.024874
0.025031
0.024793
0.024812
0.024881
0.024944
0.024981
0.024964
0.025056
0.024812
0.025028
0.025120
0.024825
0.024822
0.024904
0.024817
0.024873
0.024823
0.024926
0.024920
0.024863
0.024881
0.024980
0.024826
0.024991
0.025047
0.024991
0.024767
0.025052
0.025010
0.024890
0.024889
0.024976
0.024964
0.024879
0.024896
0.024815
0.024930
0.024908
0.024827
0.024951
0.024836
0.024885
0.025005
0.025019
0.025041
0.024969
0.024924
0.025127
0.024883
0.024983
0.024988
0.024828
0.024962
0.025067
0.024820
0.024911
0.024836
0.024798
0.024937
0.024951
0.024926
0.025046
0.024993
0.025060
0.025025
0.024920
0.024843
0.025009
0.024956
0.024834
0.024976
0.024896
0.024870
0.024876
0.024979
0.024890
0.024987
0.024893
0.024768
0.024983
0.024828
0.024935
0.024765
0.024984
0.024865
0.024888
0.024916
0.024896
0.024811
0.024913
0.024760
0.024742
0.024910
0.024921
0.024868
0.024785
0.024868
0.025062
0.024808
0.025035
0.024909
0.024958
0.024938
0.024956
0.024826
0.025058
0.024862
0.025020
0.024851
0.024861
0.024804
0.024929
0.024861
0.025005
0.024924
0.024981
0.024911
0.024936
0.024858
0.024758
0.025049
0.024840
0.024796
0.024819
0.024950
0.024880
0.024955
0.024799
0.024953
0.024887
0.024936
0.024798
0.024972
0.024846
0.020766
0.020609
0.020583
0.020674
0.020655
0.020623
0.020613
0.020598
0.020580
0.020767
0.020609
0.020643
0.020701
0.020653
0.020579
0.020638
0.020552
0.020606
0.020596
0.020553
0.020567
0.020434
0.020486
0.020617
0.020586
0.020523
0.020448
0.020667
0.020642
0.020576
0.020639
0.020618
0.020610
0.020558
0.020665
0.020567
0.020614
0.020495
0.020618
0.020659
0.020776
0.020782
0.020897
0.020872
0.020850
0.020766
0.020872
0.020742
0.020877
0.020785
0.020793
0.020819
0.020854
0.016472
0.016572
0.016657
0.016531
0.016580
0.016695
0.016490
0.016590
0.016572
0.016607
0.016612
0.016665
0.016546
0.016527
0.016570
0.016452
0.016481
0.016567
0.016504
0.016604
0.016639
0.016500
0.016618
0.016471
0.016661
0.016554
0.016439
0.016540
0.016573
0.016614
0.016466
0.016531
0.016654
0.016478
0.016500
0.016550
0.016662
0.016598
0.016529
0.020582
0.020547
0.020699
0.020725
0.020524
0.020646
0.020577
0.020896
0.020958
0.020949
0.020897
0.021001
0.021016
0.020913
0.021008
0.020917
0.020966
0.021038
0.021000
0.020936
0.020905
0.020813
0.020936
0.021019
0.020842
0.020947
0.020849
0.020922
0.020947
0.020997
0.020852
0.021024
0.020897
0.020920
0.020908
0.020975
0.020949
0.020981
0.020956
0.020996
0.020923
0.020963
0.020938
0.020939
0.020891
0.020892
0.020782
0.021015
0.020875
0.020844
0.020908
0.020867
0.020882
0.020840
0.020879
0.018749
0.016889
0.016878
0.016610
0.020679
0.020647
0.016788
0.016577
0.016556
0.016729
0.016620
0.016432
0.016612
0.016738
0.016556
0.016811
0.016661
0.016390
0.016751
0.016568
0.016420
0.016725
0.016702
0.016612
0.016419
0.016696
0.016715
0.016456
0.016653
0.016590
0.016540
0.016623
0.016780
0.016645
0.016464
0.016803
0.016639
0.016489
0.016812
0.016587
0.016513
0.016741
0.016608
0.016539
0.016780
0.016667
0.016441
0.016703
0.016917
0.016771
0.016924
0.017024
0.016747
0.017096
0.017246
0.017232
0.017081
0.017144
0.017103
0.017290
0.017153
0.017206
0.017126
0.017203
0.017118
0.017176
0.017121
0.017114
0.017032
0.017181
0.016955
0.017114
0.017136
0.017217
0.017087
0.017228
0.017217
0.017208
0.017265
0.017168
0.017066
0.017294
0.017246
0.017249
0.017301
0.017138
0.017084
0.017123
0.017366
0.017064
0.017218
0.017149
0.017403
0.017394
0.017327
0.020823
0.020999
0.020841
0.020841
0.020814
0.020972
0.020982
0.024993
0.024954
0.024822
0.024959
0.024967
0.025101
0.024937
0.024905
0.025154
0.024906
0.024919
0.024974
0.025022
0.024922
0.025026
0.025100
0.024868
0.024852
0.024930
0.024734
0.024852
0.025019
0.024993
0.024892
0.024870
0.024825
0.024864
0.024826
0.024940
0.024940
0.024826
0.024968
0.024975
0.025007
0.024889
0.024991
0.024863
0.024990
0.024859
0.025020
0.024798
0.025080
0.025097
0.024894
0.025057
0.025157
0.025094
0.025105
0.025102
0.024837
0.025019
0.024921
0.024879
0.025094
0.024980
0.024951
0.024969
0.024929
0.024941
0.025000
0.025006
0.024962
0.024902
0.024923
0.024831
0.024964
0.025043
0.024864
0.025136
0.024985
0.025108
0.025072
0.024936
0.025053
0.024937
0.024885
0.025066
0.024956
0.025148
0.025009
0.024956
0.024925
0.024962
0.024983
0.025069
0.024831
0.024961
0.025013
0.025069
0.024902
0.025022
0.025048
0.025037
0.024744
0.024833
0.024822
0.025100
0.024788
0.024988
0.024808
0.025110
0.024976
0.025001
0.025061
0.025027
0.025041
0.024894
0.024983
0.025138
0.025096
0.024970
0.024983
0.025123
0.025038
0.025105
0.024949
0.024939
0.025000
0.024921
0.024904
0.024950
0.025123
0.024987
0.024883
0.024961
0.024954
0.024986
0.024858
0.025100
0.024860
0.024872
0.024886
0.024945
0.024941
0.024993
0.024989
0.024822
0.024953
0.024858
0.024947
0.025106
0.025004
0.024976
0.024989
0.024974
0.025142
0.024969
0.024843
0.025118
0.024935
0.024926
0.025059
0.024919
0.024996
0.024896
0.024939
0.024978
0.024983
0.024699
0.024961
0.024990
0.024989
0.025060
0.025095
0.024945
0.025055
0.024977
0.025019
0.024855
0.024957
0.024942
0.025081
0.024943
0.025057
0.025060
0.025090
0.025006
0.024916
0.025024
0.025082
0.025043
0.024898
0.025001
0.025028
0.025037
0.024988
0.024899
0.024937
0.024956
0.024914
0.024902
0.024859
0.025018
0.024940
0.024913
0.025004
0.024978
0.024903
0.024941
0.024855
0.024951
0.024747
0.024792
0.024978
0.024877
0.024895
0.025023
0.024875
0.024921
0.024921
0.025074
0.025134
0.024910
0.025027
0.024869
0.024973
0.024906
0.024966
0.024864
0.024815
0.024962
0.024778
0.025071
0.025007
0.025105
0.024750
0.025088
0.024901
0.024918
0.024957
0.024996
0.025030
0.025090
0.024917
0.024961
0.025076
0.025107
0.024959
0.025023
0.024952
0.024965
0.025047
0.025012
0.024830
0.024907
0.025006
0.025082
0.025025
0.025110
0.024804
0.025057
0.024855
0.025079
0.024768
0.024993
0.025128
0.024825
0.024931
0.025012
0.025058
0.024869
0.024951
0.025015
0.025003
0.024928
0.025197
0.024799
0.024954
0.024980
0.024917
0.025079
0.025005
0.025153
0.024936
0.024945
0.024881
0.024968
0.025020
0.025015
0.024949
0.025026
0.024785
0.025143
0.025083
0.025022
0.024997
0.024922
0.024783
0.024981
0.024847
0.024845
0.024907
0.024713
0.025006
0.025095
0.024993
0.024951
0.024963
0.025002
0.025094
0.024948
0.025043
0.025037
0.024826
0.024932
0.024944
0.025154
0.025070
0.025087
0.025050
0.025067
0.024952
0.024933
0.024923
0.024919
0.024981
0.024984
0.025029
0.025082
0.025147
0.024945
0.025044
0.024978
0.025031
0.025001
0.024962
0.024945
0.024965
0.024966
0.025107
0.025162
0.024931
0.025000
0.024940
0.024975
0.024964
0.025082
0.024985
0.024985
0.025013
0.024864
0.025030
0.025074
0.025019
0.025028
0.024840
0.025025
0.024997
0.024955
0.025033
0.025028
0.025158
0.025035
0.025045
0.024882
0.025012
0.024874
0.025022
