0.009487
0.023034
0.024835
0.017441
0.032722
0.017405
0.032645
0.017488
0.033018
0.017440
0.032936
0.017485
0.032853
0.017428
0.032822
0.017422
0.032620
0.017335
0.032871
0.017482
0.033048
0.017480
0.032903
0.017510
0.033099
0.017558
0.033018
0.017608
0.033008
0.017427
0.032984
0.017479
0.033098
0.017509
0.032973
0.017653
0.033129
0.017515
0.032731
0.017408
0.032694
0.017405
0.032789
0.017503
0.032849
0.017646
0.032616
0.017363
0.032983
0.017424
0.032743
0.017442
0.032789
0.017365
0.030650
0.021047
0.021090
0.020677
0.021030
0.020814
0.020815
0.021038
0.016444
0.016589
0.016571
0.016662
0.016438
0.016766
0.016448
0.016620
0.016423
0.016745
0.016461
0.016650
0.016570
0.016711
0.016683
0.016354
0.016875
0.016604
0.016675
0.016555
0.016672
0.016766
0.016658
0.016453
0.016751
0.016683
0.016472
0.016696
0.016788
0.016366
0.016756
0.016675
0.016516
0.016649
0.016510
0.016663
0.016698
0.016604
0.016679
0.017050
0.016802
0.017021
0.016690
0.017040
0.016949
0.016675
0.016945
0.016599
0.016994
0.017110
0.017089
0.017109
0.017094
0.017072
0.017149
0.017241
0.017190
0.017219
0.017166
0.017093
0.017290
0.017027
0.017215
0.017237
0.017187
0.017168
0.017064
0.017101
0.017249
0.017237
0.017156
0.017168
0.017182
0.016796
0.017325
0.017385
0.017372
0.017247
0.017169
0.017233
0.017388
0.017346
0.017166
0.017248
0.017224
0.017203
0.020764
0.021443
0.021384
0.021292
0.021104
0.020863
0.021284
0.020829
0.021323
0.020893
0.021247
0.024698
0.025239
0.024894
0.025288
0.024912
0.025418
0.024882
0.025288
0.024836
0.025393
0.024855
0.025390
0.024970
0.025391
0.024916
0.025280
0.024987
0.025366
0.024963
0.025453
0.024936
0.025423
0.025024
0.025465
0.024910
0.025444
0.024918
0.025430
0.025172
0.025350
0.025161
0.025334
0.024933
0.025360
0.025028
0.025372
0.025012
0.025496
0.025024
0.025352
0.024967
0.025503
0.025052
0.025410
0.025011
0.025305
0.025014
0.025400
0.024927
0.025402
0.024963
0.025418
0.024998
0.025394
0.024999
0.025323
0.024914
0.025364
0.025075
0.025398
0.025039
0.025357
0.024966
0.025241
0.024947
0.025350
0.024937
0.025517
0.025014
0.025348
0.025035
0.025283
0.025092
0.025252
0.025043
0.025315
0.025011
0.025394
0.024964
0.025350
0.025017
0.025329
0.024963
0.025387
0.025098
0.025335
0.025080
0.025372
0.024895
0.025396
0.025070
0.025285
0.025167
0.025444
0.025092
0.025420
0.024959
0.025384
0.025075
0.025425
0.024955
0.025162
0.024981
0.025363
0.024940
0.025126
0.025374
0.025016
0.025290
0.024959
0.025258
0.025054
0.025393
0.025035
0.025258
0.024917
0.025404
0.025125
0.025414
0.025097
0.025315
0.024991
0.025337
0.024884
0.025382
0.024914
0.025357
0.025043
0.025408
0.024965
0.025344
0.025027
0.025246
0.025064
0.025373
0.025128
0.025321
0.024928
0.025394
0.025042
0.025311
0.025020
0.025260
0.024969
0.025425
0.025037
0.025468
0.024988
0.025409
0.025158
0.025312
0.025015
0.025477
0.024857
0.025297
0.025034
0.025416
0.025028
0.025301
0.025075
0.025308
0.025013
0.025405
0.025046
0.025616
0.025418
0.025077
0.025460
0.025279
0.025307
0.025102
0.025365
0.025004
0.025537
0.025405
0.025138
0.025413
0.025053
0.025306
0.025044
0.025505
0.024889
0.025337
0.025082
0.025240
0.025106
0.025340
0.025010
0.025453
0.024973
0.025316
0.024951
0.025241
0.025039
0.025356
0.025044
0.025319
0.024963
0.025430
0.025111
0.025267
0.025040
0.025303
0.025074
0.025250
0.025051
0.025450
0.024995
0.025265
0.025021
0.025272
0.025071
0.025322
0.024975
0.025434
0.025083
0.025387
0.024985
0.025481
0.024968
0.025409
0.025006
0.025507
0.025029
0.025307
0.025073
0.025400
0.025101
0.025526
0.024985
0.025276
0.024923
0.025348
0.025105
0.025297
0.024915
0.025384
0.024875
0.025367
0.024919
0.025532
0.024981
0.025318
0.024946
0.025354
0.025130
0.025498
0.025075
0.025377
0.024969
0.025361
0.025021
0.025362
0.024951
0.025403
0.025080
0.025229
0.024929
0.025387
0.024827
0.025072
0.025260
0.025061
0.025461
0.025271
0.025450
0.025105
0.025389
0.024881
0.025300
0.025014
0.025381
0.025064
0.025419
0.024990
0.025325
0.024989
0.025476
0.024924
0.025330
0.025008
0.025480
0.024982
0.025301
0.025087
0.025428
0.024965
0.025446
0.024897
0.025415
0.024961
0.025368
0.025093
0.025369
0.025010
0.025405
0.024899
0.025313
0.024984
0.025278
0.024968
0.025333
0.025110
0.025264
0.025100
0.025327
0.025016
0.025306
0.025101
0.025321
0.025073
0.025506
0.024996
0.025335
0.024964
0.025366
0.025096
0.025460
0.024928
0.025311
0.024970
0.025370
0.025161
0.025238
0.025091
0.025209
0.025021
0.025475
0.024954
0.025433
0.025042
0.025304
0.025070
0.025278
0.025108
0.025247
0.025109
0.025400
0.024849
0.025282
0.025040
0.025397
0.024896
0.025334
0.024882
0.025259
0.024959
0.025371
0.025117
0.025392
0.024907
0.025468
0.025004
0.021038
0.020823
0.020844
0.020766
0.020938
0.020942
0.020860
0.021098
0.020767
0.020730
0.021085
0.020721
0.021018
0.020701
0.021036
0.021040
0.020830
0.021008
0.020736
0.020986
0.020713
0.020952
0.020816
0.020896
0.021150
0.020838
0.021019
0.020735
0.021108
0.020753
0.021152
0.020785
0.021214
0.020697
0.020974
0.020753
0.021110
0.020755
0.021122
0.020923
0.021308
0.020979
0.021548
0.020888
0.021245
0.021258
0.021036
0.021520
0.020992
0.021463
0.021230
0.021281
0.020998
0.021455
0.021424
0.021349
0.020963
0.021361
0.021353
0.021338
0.021000
0.021165
0.020920
0.021413
0.021352
0.021022
0.021250
0.021197
0.020845
0.021284
0.021177
0.021280
0.021172
0.021016
0.021264
0.020886
0.021369
0.021320
0.020819
0.021299
0.020931
0.021187
0.020889
0.021269
0.020786
0.021261
0.020904
0.021129
0.021118
0.024868
0.025372
0.025168
0.025353
0.024973
0.025487
0.025131
0.025411
0.024960
0.025327
0.025059
0.025218
0.024860
0.025327
0.024920
0.025242
0.025050
0.025498
0.024984
0.025299
0.024956
0.025320
0.024992
0.025483
0.025196
0.025420
0.025126
0.025527
0.025184
0.025564
0.025484
0.024879
0.025016
0.025360
0.025007
0.025346
0.024997
0.025359
0.025075
0.025379
0.020733
0.021052
0.020639
0.020880
0.020820
0.021034
0.020573
0.021020
0.020788
0.020864
0.020923
0.020875
0.020792
0.020923
0.020583
0.021070
0.020682
0.020954
0.020810
0.021037
0.020562
0.021013
0.020865
0.021032
0.020786
0.021080
0.020834
0.020946
0.020523
0.020927
0.020742
0.020815
0.020987
0.020770
0.020921
0.020643
0.021094
0.020621
0.020960
0.021263
0.021005
0.021373
0.021361
0.021364
0.021264
0.021469
0.021255
0.021529
0.021261
0.021472
0.021462
0.021234
0.021435
0.021363
0.021323
0.021489
0.021372
0.021289
0.021443
0.021443
0.021353
0.021238
0.021249
0.021399
0.021381
0.021143
0.021507
0.021510
0.021303
0.021408
0.020795
0.021371
0.021148
0.020915
0.021435
0.021483
0.021518
0.021467
0.021302
0.021258
0.021176
0.021651
0.020926
0.021337
0.021526
0.021545
0.021340
0.024853
0.025049
0.024920
0.024893
0.024927
0.024865
0.024964
0.024815
0.024921
0.024749
0.024783
0.024803
0.024868
0.024883
0.024814
0.024934
0.025005
0.024911
0.024950
0.024973
0.024989
0.024826
0.024921
0.024873
0.024813
0.025147
0.024966
0.024855
0.024988
0.024918
0.024837
0.024849
0.024763
0.024885
0.025043
0.024855
0.024859
0.024889
0.024998
0.024959
0.024902
0.024928
0.024993
0.024956
0.024893
0.024829
0.024961
0.025039
0.024814
0.024796
0.024937
0.024969
0.024768
0.024828
0.024978
0.024759
0.024905
0.024955
0.024961
0.024860
0.024801
0.024885
0.024735
0.024973
0.024992
0.024885
0.025067
0.024839
0.024873
0.025044
0.024912
0.024876
0.024783
0.024769
0.024871
0.024710
0.024884
0.024855
0.024922
0.024863
0.024933
0.024887
0.024816
0.024946
0.024736
0.024868
0.024934
0.024886
0.025015
0.024938
0.024871
0.024846
0.025012
0.024921
0.024981
0.024866
0.024828
0.024881
0.024927
0.024818
0.024941
0.024763
0.024821
0.024944
0.024891
0.024925
0.024981
0.024768
0.024941
0.024937
0.024908
0.024718
0.024876
0.024992
0.024803
0.024825
0.024992
0.024827
0.024820
0.024931
0.024803
0.025000
0.025077
0.024811
0.024748
0.024791
0.024970
0.024907
0.024958
0.024877
0.024881
0.024777
0.024823
0.024847
0.024923
0.024953
0.024894
0.024992
0.025018
0.024956
0.024918
0.024720
0.024822
0.024897
0.024893
0.024880
0.025032
0.024877
0.024868
0.025109
0.025114
0.025006
0.025065
0.024907
0.025018
0.024793
0.024824
0.024975
0.024979
0.024937
0.024795
0.024951
0.025043
0.024776
0.024901
0.024962
0.024881
0.024856
0.025193
0.024869
0.024774
0.024827
0.024823
0.024832
0.024832
0.024824
0.025048
0.025002
0.024945
0.024915
0.024861
0.024967
0.025015
0.024899
0.025074
0.024937
0.024933
0.024863
0.024904
0.024937
0.024952
0.024902
0.025037
0.024929
0.024895
0.024829
0.024943
0.024980
0.025033
0.024904
0.025096
0.025046
0.024990
0.024882
0.024957
0.024773
0.025090
0.024932
0.025001
0.024895
0.024889
0.024852
0.024835
0.024985
0.025013
0.024988
0.025106
0.024999
0.024845
0.024982
0.024920
0.024821
0.024878
0.024908
0.024973
0.024786
0.024879
0.024899
0.024862
0.025073
0.025142
0.025000
0.024898
0.024978
0.024997
0.024755
0.025092
0.024920
0.024869
0.024863
0.025006
0.024927
0.025027
0.024981
0.025030
0.024966
0.025168
0.025029
0.024939
0.020735
0.020517
0.020712
0.020712
0.020795
0.020564
0.020640
0.020757
0.020638
0.020724
0.020612
0.020797
0.020751
0.020763
0.020531
0.020739
0.020586
0.020726
0.020804
0.020602
0.020667
0.020725
0.020708
