0.012109
0.018804
0.025036
0.025124
0.025230
0.025068
0.025027
0.025024
0.025177
0.025125
0.025283
0.025203
0.025189
0.025055
0.025051
0.025033
0.025161
0.025063
0.025005
0.025094
0.025111
0.024953
0.025043
0.025089
0.025113
0.024985
0.025106
0.025141
0.025026
0.024989
0.024981
0.024935
0.025038
0.024995
0.024983
0.024955
0.025109
0.025120
0.025003
0.024963
0.024979
0.024996
0.025029
0.025143
0.025024
0.024927
0.025045
0.024945
0.024907
0.024821
0.025069
0.025006
0.025059
0.024981
0.025060
0.025085
0.025053
0.024917
0.025013
0.025126
0.024986
0.025044
0.025077
0.025005
0.025100
0.024950
0.024996
0.025069
0.024899
0.024897
0.025060
0.025169
0.025047
0.025028
0.025082
0.025253
0.025213
0.025198
0.025047
0.025018
0.025147
0.025035
0.024887
0.025249
0.025174
0.024945
0.025013
0.024879
0.025186
0.025069
0.025078
0.025118
0.025032
0.025088
0.025049
0.025199
0.025106
0.024964
0.025038
0.025021
0.025139
0.025024
0.025187
0.025127
0.025207
0.025094
0.025086
0.022819
0.020739
0.020679
0.020716
0.020700
0.020674
0.020761
0.020755
0.020670
0.020700
0.020863
0.020860
0.020880
0.020792
0.020700
0.020786
0.020778
0.020721
0.020808
0.020885
0.020719
0.020853
0.020635
0.020856
0.020825
0.020684
0.020823
0.020755
0.020752
0.020619
0.020548
0.020713
0.020739
0.020792
0.020771
0.020662
0.020704
0.020825
0.020850
0.020733
0.020900
0.021017
0.020920
0.021078
0.021134
0.020914
0.020964
0.020940
0.020885
0.020922
0.020881
0.020937
0.021045
0.020962
0.020929
0.020972
0.020985
0.021065
0.020997
0.021047
0.021041
0.021019
0.020996
0.021100
0.021097
0.021167
0.020906
0.021080
0.021103
0.020981
0.020993
0.020891
0.020987
0.020966
0.020968
0.020894
0.020980
0.021092
0.021007
0.021081
0.021137
0.020898
0.020938
0.021047
0.021063
0.018829
0.016658
0.016520
0.016660
0.016633
0.016590
0.016714
0.016609
0.020665
0.020677
0.020678
0.020625
0.020664
0.020627
0.020693
0.020713
0.020687
0.020638
0.020803
0.020913
0.020666
0.020582
0.020738
0.020684
0.020752
0.020604
0.020558
0.020713
0.020638
0.020850
0.020613
0.020517
0.020718
0.020817
0.020592
0.020701
0.020750
0.020718
0.020487
0.020773
0.020641
0.020783
0.021182
0.020980
0.021030
0.021053
0.020977
0.021029
0.021146
0.021087
0.021023
0.021114
0.020944
0.020897
0.020990
0.021115
0.021054
0.021149
0.020952
0.021021
0.021141
0.021008
0.020952
0.021138
0.021006
0.021086
0.020986
0.020941
0.020985
0.021026
0.020962
0.020957
0.021131
0.021111
0.020975
0.021134
0.020879
0.020994
0.021001
0.020929
0.020958
0.020953
0.020930
0.021007
0.021056
0.020961
0.020931
0.021109
0.021022
0.020948
0.017103
0.017209
0.016823
0.020786
0.020976
0.021149
0.020741
0.021126
0.020849
0.021022
0.020715
0.021132
0.020924
0.020853
0.021351
0.020742
0.020791
0.021078
0.020827
0.020770
0.021076
0.020813
0.021135
0.020776
0.021036
0.020856
0.021063
0.020846
0.021116
0.020885
0.021161
0.020857
0.021060
0.021002
0.020834
0.021152
0.020854
0.020902
0.021016
0.021506
0.021514
0.021144
0.021539
0.021090
0.021491
0.021095
0.021599
0.021501
0.021451
0.021421
0.021105
0.021333
0.021367
0.021473
0.021500
0.021030
0.021422
0.021122
0.021487
0.021123
0.021426
0.021238
0.020986
0.021400
0.021427
0.021410
0.021335
0.021328
0.021490
0.020954
0.021390
0.021505
0.021049
0.021472
0.021490
0.021116
0.021371
0.021418
0.021460
0.021129
0.021719
0.021149
0.021394
0.021420
0.020945
0.021330
0.021564
0.025075
0.025481
0.024997
0.025333
0.025053
0.025400
0.024989
0.025552
0.024915
0.025442
0.025103
0.025425
0.025167
0.025331
0.024868
0.025343
0.025100
0.025465
0.025078
0.025470
0.025042
0.025417
0.024979
0.025458
0.025034
0.025381
0.025062
0.025390
0.024987
0.025516
0.024948
0.025302
0.025120
0.025509
0.024970
0.025552
0.025148
0.025472
0.025001
0.025438
0.024985
0.025419
0.024949
0.025354
0.024954
0.025403
0.025143
0.025398
0.025014
0.025448
0.025076
0.025427
0.025072
0.025362
0.024943
0.025423
0.025105
0.025382
0.025054
0.025338
0.025009
0.025450
0.024826
0.025559
0.025081
0.025419
0.025044
0.025452
0.025136
0.025364
0.025070
0.025491
0.024907
0.025459
0.024976
0.025386
0.024990
0.025431
0.025092
0.025627
0.025285
0.024899
0.025143
0.025365
0.024990
0.025317
0.025084
0.025391
0.024925
0.025336
0.024933
0.025351
0.020935
0.021039
0.021076
0.020895
0.020718
0.021291
0.020782
0.021032
0.020821
0.020988
0.020794
0.021142
0.020914
0.021295
0.021050
0.020983
0.021142
0.021098
0.020934
0.021195
0.016723
0.016820
0.016546
0.016882
0.016581
0.017053
0.016488
0.016767
0.016606
0.016817
0.016577
0.016994
0.016640
0.016728
0.016952
0.016682
0.016624
0.016804
0.016897
0.016889
0.016815
0.016896
0.016814
0.016957
0.016807
0.017040
0.016915
0.017008
0.016909
0.017143
0.016874
0.017188
0.016874
0.017138
0.016886
0.017285
0.016904
0.017142
0.016783
0.017173
0.017042
0.017034
0.017047
0.017113
0.016986
0.017193
0.016776
0.017052
0.017378
0.017411
0.017252
0.017159
0.017242
0.017269
0.017348
0.017334
0.017260
0.017331
0.017400
0.017392
0.017194
0.017398
0.017332
0.017206
0.017310
0.017351
0.017189
0.017398
0.017345
0.017343
0.017285
0.021001
0.021397
0.021354
0.021381
0.020917
0.021432
0.021451
0.020944
0.021348
0.021377
0.020958
0.021663
0.021411
0.021359
0.021097
0.021576
0.021436
0.021243
0.021044
0.021380
0.021083
0.021375
0.021494
0.021382
0.020954
0.022952
0.019256
0.021415
0.029312
0.021218
0.029220
0.021205
0.029306
0.021191
0.029270
0.021270
0.029217
0.021133
0.029141
0.021308
0.029124
0.021187
0.029212
0.021091
0.029091
0.021365
0.029176
0.021241
0.029122
0.021224
0.029320
0.021220
0.029093
0.021281
0.029288
0.021216
0.029199
0.021227
0.029213
0.021176
0.029193
0.021200
0.029199
0.021322
0.029271
0.021293
0.029262
0.021119
0.029131
0.021223
0.029372
0.021308
0.029234
0.021205
0.029289
0.021297
0.029270
0.021339
0.029178
0.021325
0.029186
0.021163
0.029088
0.021185
0.029130
0.021214
0.029164
0.021132
0.029109
0.021229
0.029346
0.021169
0.029173
0.021356
0.029288
0.021222
0.029312
0.021285
0.029087
0.021153
0.029286
0.021129
0.029262
0.021235
0.029210
0.021188
0.029252
0.021288
0.029297
0.021219
0.029171
0.021308
0.029073
0.021154
0.029155
0.021157
0.029189
0.021297
0.029171
0.021159
0.029161
0.021246
0.029203
0.021252
0.029216
0.021189
0.029178
0.021213
0.029223
0.021109
0.029066
0.021203
0.029152
0.021357
0.029164
0.021282
0.029233
0.021240
0.029141
0.021303
0.029345
0.021248
0.029171
0.021263
0.029310
0.021153
0.029198
0.021129
0.029345
0.021126
0.029276
0.021186
0.029146
0.021261
0.029199
0.021176
0.029197
0.021323
0.029083
0.021152
0.029235
0.021243
0.029123
0.021237
0.029251
0.021230
0.029274
0.021185
0.029232
0.021277
0.029229
0.021323
0.029125
0.021101
0.029236
0.021292
0.029344
0.021278
0.029342
0.021299
0.029287
0.021298
0.029197
0.021387
0.029247
0.021217
0.029394
0.021176
0.029298
0.021255
0.029211
0.021194
0.029373
0.021260
0.029251
0.021339
0.029300
0.021263
0.029258
0.021235
0.029191
0.021149
0.029132
0.021234
0.029179
0.021204
0.029231
0.021247
0.029232
0.021331
0.029163
0.021332
