0.011960
0.014369
0.020750
0.020652
0.020678
0.020691
0.020674
0.020669
0.018481
0.020637
0.020672
0.020651
0.020654
0.020710
0.020663
0.020662
0.020623
0.020542
0.020529
0.020570
0.020700
0.020655
0.020560
0.020631
0.020622
0.020674
0.020572
0.020619
0.020546
0.020770
0.020736
0.020743
0.020582
0.020794
0.020745
0.020636
0.020910
0.020858
0.020998
0.021044
0.020930
0.020966
0.020815
0.021135
0.020943
0.020833
0.020898
0.021110
0.021052
0.021079
0.021038
0.020957
0.020968
0.021024
0.020993
0.021013
0.020874
0.021009
0.020947
0.021133
0.020939
0.021057
0.020895
0.020836
0.020918
0.021002
0.020967
0.021131
0.020880
0.020829
0.020977
0.020911
0.020945
0.021073
0.020933
0.021017
0.020920
0.021069
0.020837
0.020809
0.020966
0.021035
0.021050
0.021020
0.020992
0.021098
0.020982
0.021106
0.020941
0.024877
0.024940
0.024982
0.025028
0.024988
0.024961
0.024998
0.025064
0.024955
0.025093
0.025037
0.024917
0.025059
0.025071
0.024925
0.024775
0.025084
0.025070
0.024972
0.024985
0.025081
0.024928
0.024942
0.025012
0.024913
0.024850
0.024890
0.025051
0.024970
0.025084
0.024949
0.024952
0.025118
0.024993
0.024864
0.024957
0.025011
0.025049
0.025174
0.024945
0.024958
0.025031
0.025126
0.025023
0.024867
0.025131
0.025025
0.024906
0.024967
0.024989
0.025061
0.024949
0.025017
0.024928
0.025122
0.025032
0.024991
0.025028
0.024976
0.024932
0.025108
0.025016
0.025085
0.024982
0.025184
0.025067
0.025081
0.024870
0.025002
0.024921
0.025097
0.025142
0.025069
0.025048
0.024968
0.024987
0.025073
0.024988
0.025160
0.025209
0.025123
0.025060
0.025030
0.024966
0.024912
0.025040
0.025034
0.025028
0.025029
0.025059
0.025163
0.025013
0.024974
0.025078
0.025146
0.024948
0.024962
0.025160
0.025086
0.024931
0.025051
0.025059
0.025132
0.024852
0.024953
0.024931
0.024984
0.024947
0.024973
0.025151
0.025051
0.025063
0.025041
0.024928
0.024976
0.024992
0.025199
0.025088
0.024991
0.024964
0.024942
0.024836
0.025016
0.024922
0.024935
0.024859
0.025062
0.025146
0.024910
0.025057
0.025086
0.025140
0.024981
0.025059
0.025034
0.025086
0.024870
0.024823
0.024910
0.025059
0.025024
0.025001
0.024953
0.025012
0.025059
0.025027
0.025140
0.025011
0.024904
0.025082
0.024884
0.025080
0.025046
0.024976
0.025064
0.024929
0.025066
0.025097
0.024997
0.024900
0.024993
0.024917
0.025035
0.025054
0.024963
0.025081
0.025128
0.025125
0.024950
0.024809
0.024935
0.024914
0.024969
0.025169
0.025084
0.025007
0.024902
0.025129
0.024991
0.025015
0.025051
0.025026
0.025024
0.024903
0.024933
0.024966
0.025093
0.025016
0.025102
0.024977
0.024968
0.025066
0.025035
0.024901
0.024934
0.025129
0.025060
0.025097
0.025016
0.025048
0.020737
0.020731
0.020814
0.020795
0.020591
0.020680
0.020674
0.020636
0.020772
0.020797
0.020711
0.020647
0.020636
0.020554
0.020653
0.027506
0.014957
0.028587
0.017166
0.024493
0.017198
0.024407
0.019020
0.022801
0.019159
0.022693
0.018991
0.022776
0.017220
0.024612
0.017228
0.024684
0.017529
0.024474
0.019024
0.015090
0.028482
0.019060
0.018839
0.023085
0.023116
0.021174
0.021354
0.013471
0.027198
0.015114
0.027146
0.015003
0.027213
0.015035
0.027271
0.015160
0.027151
0.014960
0.027238
0.015072
0.027329
0.015049
0.024820
0.017455
0.021008
0.021462
0.021322
0.023656
0.024925
0.017369
0.023410
0.017094
0.021364
0.023410
0.024918
0.017470
0.024812
0.017426
0.024833
0.021296
0.017379
0.023307
0.017311
0.023288
0.024807
0.017507
0.023394
0.017105
0.023365
0.023404
0.017028
0.023239
0.021285
0.029058
0.021114
0.029222
0.021113
0.029320
0.021000
0.029234
0.021142
0.029210
0.021208
0.029254
0.021222
0.029364
0.021060
0.029199
0.021054
0.029310
0.021068
0.029346
0.021171
0.029189
0.021161
0.029276
0.021187
0.029385
0.021085
0.029377
0.021105
0.029338
0.021125
0.029331
0.021140
0.029257
0.021200
0.029294
0.021099
0.029211
0.021140
0.029264
0.021202
0.029204
0.021230
0.029204
0.021247
0.029293
0.021186
0.029380
0.021189
0.029204
0.021154
0.029396
0.021103
0.029287
0.021016
0.029283
0.021180
0.029463
0.021124
0.029303
0.021144
0.029313
0.021168
0.029351
0.021115
0.029399
0.021097
0.029337
0.021128
0.029241
0.021163
0.029225
0.021031
0.029194
0.021109
0.029272
0.021197
0.029365
0.021183
0.029397
0.024754
0.019388
0.018720
0.024786
0.019073
0.019026
0.024668
0.020945
0.019098
0.017089
0.020506
0.021031
0.026729
0.017091
0.024565
0.019267
0.018859
0.023127
0.016801
0.024645
0.018713
0.024614
0.019013
0.017177
0.024956
0.018872
0.024532
0.019206
0.018824
0.024787
0.019052
0.018856
0.024512
0.018982
0.018856
0.024679
0.019014
0.018893
0.023273
0.021377
0.019252
0.023339
0.021521
0.021406
0.022937
0.015813
0.022918
0.024861
0.017380
0.023474
0.022896
0.015770
0.022852
0.024879
0.017292
0.024832
0.017344
0.024926
0.015782
0.022847
0.024847
0.017442
0.025008
0.017397
0.023381
0.017085
0.023220
0.023199
0.017049
0.023368
0.024737
0.017437
0.023391
0.017092
0.023310
0.018957
0.023434
0.023294
0.017115
0.023301
0.024855
0.017321
0.023322
0.017194
0.023291
0.023219
0.016992
0.023330
0.023057
0.030691
0.021398
0.021189
0.029197
0.021246
0.029266
0.021215
0.029289
0.021134
0.029284
0.021189
0.029168
0.021157
0.029272
0.021245
0.029273
0.021150
0.029311
0.021117
0.029344
0.021101
0.029169
0.021194
0.029366
0.021165
0.029208
0.021270
0.029341
0.021165
0.029286
0.021209
0.029135
0.021228
0.027471
0.030906
0.021333
0.021173
0.029102
0.021206
0.029278
0.021147
0.029274
0.021156
0.029252
0.021152
0.029186
0.021179
0.029384
0.021203
0.029278
0.021261
0.029229
0.021240
0.029408
0.021195
0.029240
0.021166
0.029320
0.021243
0.029226
0.021213
0.029268
0.021139
0.029092
0.021244
0.029169
0.021124
0.029136
0.021205
0.029287
0.021176
0.029258
0.021239
0.029173
0.021133
0.029262
0.021189
0.029408
0.021336
0.029305
0.021174
0.029183
0.021233
0.029270
0.021163
0.029364
0.021301
0.029344
0.021197
0.029247
0.021176
0.029359
0.021112
0.029263
0.021082
0.029389
0.021105
0.029244
0.021182
0.029304
0.021088
0.029203
0.021162
0.029342
0.021233
0.029337
0.021152
0.029349
0.021051
0.029163
0.021243
0.029099
0.021143
0.029227
0.021226
0.029202
0.021146
0.029243
0.021127
0.029219
0.021137
0.029258
0.021163
0.029344
0.021103
0.029315
0.021338
0.029263
0.021049
0.029349
0.021210
0.029326
0.021224
0.029282
0.021108
0.029288
0.021083
0.029265
0.021103
0.029121
0.021252
0.029261
0.021203
0.029202
0.021209
0.029227
0.021102
0.029257
0.021116
0.029212
0.021152
0.029209
0.021163
0.029361
0.021237
0.029234
0.021123
0.029267
0.021187
0.029410
0.021086
0.029146
0.021235
0.029250
0.021151
0.029291
0.021308
0.029321
0.021189
0.029313
0.021145
0.029243
0.021183
0.029255
0.021225
0.029303
0.021182
0.029109
0.021097
0.029063
0.021180
0.029266
0.021023
0.029434
0.021127
0.029255
0.021161
0.029286
0.021262
0.029221
0.021117
0.029287
0.021093
0.029278
0.021183
0.029303
0.021194
0.029289
0.021222
0.029272
0.021159
0.029127
0.021266
0.029209
0.021210
0.029252
0.021235
0.029315
0.021133
0.029267
0.021214
0.029279
0.021202
0.029351
0.021266
0.029442
0.021205
0.029261
0.021189
0.029288
0.021207
0.029318
0.021219
0.029287
0.021156
0.029136
0.021183
0.029282
0.021215
0.029105
0.021265
0.029214
0.021223
0.029302
0.021226
0.029222
0.021136
0.029182
0.021313
0.029356
0.021194
0.029399
0.021129
0.029330
0.021246
0.029268
0.021231
0.029366
0.021231
0.029311
0.021122
0.029398
0.021273
0.029323
0.021286
0.029283
0.021072
0.029327
0.021162
0.029426
0.021266
0.029390
0.021134
0.029121
0.021330
0.029304
0.021169
0.029101
0.021135
0.029295
0.021223
0.029248
0.021231
0.029195
0.021210
0.029164
0.021239
0.029323
0.021169
0.029339
0.021144
0.029157
0.021216
0.029263
0.021138
0.029188
0.021104
0.029309
0.021126
0.029364
0.021083
0.029306
0.021128
0.029385
0.021104
0.029452
0.021251
0.029261
0.021284
0.029329
0.021158
0.029340
0.021278
0.029224
0.021204
0.029421
0.021133
0.029160
0.021214
0.029276
0.021124
0.029288
0.021193
0.029139
0.021242
0.029280
0.021342
0.029265
0.021331
0.029203
0.021123
0.029307
0.021300
0.029283
0.021166
0.029423
0.021136
0.029331
0.021240
0.029272
0.021123
0.029324
0.021073
0.029244
0.021163
0.029207
0.021071
0.029269
0.021229
0.029493
0.021237
0.029193
0.021214
0.029271
0.021154
0.029283
0.021167
0.029338
0.021235
0.029307
0.021199
0.029290
0.021229
0.029371
0.021323
0.029340
0.021130
0.029512
0.021273
0.029275
0.021207
0.029307
0.021294
0.029238
0.021175
0.029157
0.021189
0.029283
0.021112
0.029344
0.021190
0.029316
0.021286
0.029343
0.021161
0.029227
0.021109
0.029237
0.021206
0.029364
0.021131
0.029233
0.021189
0.029356
0.021252
0.029229
0.021219
0.029303
0.021199
0.029316
0.021147
0.029261
0.021120
0.029282
0.021185
0.029285
0.021267
0.029299
0.021258
0.029237
0.021141
0.029310
0.021160
0.029267
0.021186
0.029438
0.021252
0.029356
0.021270
0.029236
0.021195
0.029203
0.021169
0.029269
0.021087
0.029189
0.021252
0.029347
0.021208
0.029281
0.021258
0.029252
0.021309
0.029323
0.021152
0.029339
0.021243
0.029254
0.021165
0.029248
0.021162
0.029320
0.021249
0.029327
0.021088
0.029238
0.021271
0.029369
0.021299
0.029342
0.021307
0.029493
0.021302
0.029349
0.021245
0.029358
0.021227
0.029318
0.021139
0.029311
0.021224
0.029282
0.021178
0.029335
0.021059
0.029274
0.021084
0.029218
0.021197
0.029208
0.021237
0.029284
0.021213
0.029322
0.021272
0.029224
0.021291
0.029326
0.021333
0.029262
0.021199
0.029100
0.021260
0.029143
0.021275
0.029385
0.021219
0.029344
0.021162
0.029393
0.021213
0.029228
0.021214
0.029347
0.021152
0.029221
0.021197
0.029233
0.021175
0.029277
0.021192
0.029353
0.021137
0.029230
0.021136
0.029347
0.021236
0.029435
0.021142
0.029296
0.021040
0.029248
0.021220
0.029285
0.021182
0.029144
0.021258
0.029354
0.021209
0.029282
0.021224
0.029228
0.021134
0.029231
0.021058
0.029328
0.021190
0.029222
0.021370
0.025132
0.029611
0.021233
0.029402
0.021060
0.029244
0.021107
0.029339
0.021252
0.029263
0.021306
0.029334
0.021159
0.029274
0.021207
0.029319
0.021141
0.029254
0.021181
0.029355
0.021201
0.029267
0.021115
0.029265
0.021149
0.029298
0.021178
0.029348
0.021239
0.029400
0.021132
0.029460
0.021194
0.029339
0.021183
0.029276
0.021206
0.029438
0.021119
0.029297
0.021181
0.029314
0.021156
0.029267
0.021219
0.029349
0.021142
0.029331
0.021035
0.029301
0.021118
0.029338
0.021092
0.029355
0.021303
0.029314
0.021212
0.029279
0.021216
0.029340
0.021136
0.029185
0.021214
0.029334
0.021189
0.029276
0.021176
0.029421
0.021109
0.029245
0.021183
0.029334
0.021136
0.029252
0.021135
0.029340
0.021149
0.029341
0.021201
0.029272
0.021276
0.029257
0.021168
0.029249
0.021103
0.029362
0.021241
0.029328
0.021109
0.029235
0.021173
0.029321
0.021191
0.029350
0.021191
0.029343
0.021191
0.029403
0.021240
0.029345
0.021006
0.026592
0.019126
0.018848
0.020708
0.024851
0.019084
0.018792
0.016871
0.028658
0.019137
0.015029
0.028551
0.019048
0.014956
0.026958
0.015057
0.026803
0.014816
0.026903
0.014798
0.028544
0.017259
0.024554
0.017316
0.024627
0.019011
0.014796
0.026889
0.014905
0.028558
0.018994
0.014865
0.026923
0.018776
0.024606
0.019038
0.014860
0.028631
0.017248
0.021347
0.021282
0.021366
0.016810
0.025367
0.021364
0.021397
0.023189
0.015064
0.025360
0.021411
0.023080
0.015028
0.025366
0.023033
0.022985
0.017458
0.023180
0.015154
0.025480
0.023134
0.015079
0.025427
0.023160
0.015026
0.027304
0.015064
0.027192
0.014962
0.027320
0.014985
0.027149
0.014942
0.027182
0.014971
0.027150
0.023119
0.017397
0.023225
0.023088
0.017388
0.023091
0.014958
0.027119
0.023067
0.017555
0.023125
0.015044
0.027228
0.022695
0.019208
0.015117
0.020460
0.028929
0.019047
0.015024
0.026814
0.014910
0.026845
0.014894
0.028717
0.019117
0.022785
0.017374
0.024531
0.019133
0.014901
0.026769
0.014785
0.028565
0.019121
0.014838
0.026921
0.014957
0.026846
0.014949
0.026865
0.014899
0.026791
0.014976
0.026954
0.022835
0.019037
0.018731
0.016727
0.026923
0.014908
0.026940
0.015094
0.027320
0.021377
0.021232
0.021680
0.021310
0.021283
0.022962
0.021172
0.017258
0.023233
0.021419
0.022842
0.017512
0.023247
0.021432
0.021368
0.021336
0.021337
0.023052
0.017430
0.023192
0.022884
0.017321
0.023125
0.023051
0.013555
0.027103
0.014998
0.027172
0.023000
0.017394
0.023281
0.022998
0.017500
0.023096
0.022887
0.017453
0.023278
0.023017
0.017339
0.023218
0.015024
0.027234
0.023015
0.017490
0.023192
0.023031
0.017263
0.019314
0.032899
0.021225
0.029133
0.021225
0.029127
0.021171
0.029048
0.021215
0.029108
0.021252
0.029218
0.021181
0.029252
0.021391
0.028965
0.021169
0.029103
0.021219
0.029135
0.021286
0.029105
0.021304
0.029005
0.021137
0.029055
0.021243
0.029037
0.021134
0.029085
0.021345
0.029225
0.021220
0.029205
0.021298
0.028985
0.021380
0.029159
0.021345
0.029087
0.021225
0.029036
0.021278
0.029164
0.021372
0.028979
0.021254
0.029136
0.021216
0.029118
0.021273
0.029090
0.021225
0.029001
0.021279
0.029108
0.021329
0.029030
0.021203
0.028977
0.021240
0.029082
0.021247
0.029171
0.021286
0.029144
0.021395
0.029140
0.021279
0.029127
0.021264
0.029049
0.021207
0.028979
0.021251
0.029023
0.021237
0.029123
0.021320
0.029083
0.021219
0.029011
0.021177
0.029112
0.021277
0.028990
0.021378
0.029100
0.021277
0.029027
0.021312
0.029036
0.021357
0.029080
0.021124
0.029113
0.021289
0.029096
0.021356
0.029107
0.021293
0.029120
0.021264
0.028993
0.021353
0.029172
0.021325
0.029107
0.021211
0.028991
0.021157
0.029246
0.021306
0.029064
0.021264
0.029043
0.021184
0.029226
0.021287
0.029005
0.021242
0.029088
0.021231
0.029099
0.021315
0.029146
0.021270
0.029102
0.021352
0.029167
0.021211
0.029059
0.021117
0.029096
0.021245
0.029145
0.021309
0.029025
0.021338
0.029098
0.021231
0.029217
0.021204
0.029006
0.021330
0.028986
0.021260
0.029027
0.021300
0.029030
0.021345
0.029064
0.021144
0.029189
0.021329
0.029163
0.021270
0.029075
