0.005702
0.018443
0.020675
0.020606
0.020635
0.020562
0.020550
0.020740
0.020483
0.020566
0.020692
0.020726
0.020745
0.020581
0.020660
0.020640
0.020566
0.020587
0.020521
0.020630
0.020678
0.020518
0.020544
0.020621
0.020494
0.020572
0.020602
0.020526
0.020743
0.020679
0.020555
0.020647
0.020569
0.020619
0.020677
0.020832
0.020986
0.021005
0.021061
0.020997
0.020885
0.020871
0.020923
0.020908
0.020957
0.020891
0.021096
0.020970
0.020983
0.020925
0.020884
0.020962
0.020954
0.020917
0.020940
0.020977
0.020982
0.020944
0.020881
0.020884
0.020914
0.020893
0.020869
0.020885
0.020873
0.020917
0.020818
0.020913
0.020915
0.020889
0.020831
0.020920
0.020901
0.020840
0.020948
0.020770
0.020904
0.020857
0.020959
0.020993
0.020918
0.020775
0.020830
0.020925
0.021083
0.020903
0.020960
0.022973
0.024838
0.024955
0.024842
0.024866
0.024774
0.024781
0.024802
0.024946
0.024895
0.024864
0.024870
0.024969
0.024948
0.024905
0.024974
0.024926
0.024969
0.024822
0.024994
0.024967
0.024945
0.024888
0.024813
0.024969
0.025041
0.024976
0.024978
0.024877
0.024962
0.024912
0.024940
0.024945
0.024841
0.025024
0.024950
0.024880
0.025127
0.024948
0.024857
0.024999
0.024925
0.024833
0.024906
0.024852
0.024929
0.024878
0.024942
0.024825
0.024924
0.024949
0.024976
0.024901
0.024924
0.024931
0.024896
0.025004
0.024965
0.024914
0.024831
0.024859
0.024988
0.025024
0.024896
0.024853
0.025011
0.024999
0.024895
0.024930
0.024878
0.024956
0.024912
0.024946
0.024788
0.024796
0.024963
0.024935
0.024854
0.024907
0.024943
0.025115
0.025120
0.024893
0.024928
0.025064
0.025025
0.024959
0.025012
0.024827
0.024900
0.024964
0.024836
0.024989
0.024961
0.024918
0.024987
0.024974
0.024974
0.025114
0.024986
0.024901
0.024874
0.024905
0.024886
0.024994
0.024963
0.024949
0.024893
0.024886
0.025014
0.025098
0.024960
0.025092
0.025029
0.025065
0.024937
0.024981
0.024946
0.025043
0.024972
0.024901
0.024992
0.025017
0.024996
0.024961
0.025043
0.025147
0.025132
0.025051
0.025091
0.024869
0.024973
0.025064
0.025096
0.024995
0.025076
0.025137
0.025073
0.024922
0.024908
0.024936
0.024856
0.024815
0.025032
0.025023
0.024928
0.024890
0.024710
0.024905
0.024832
0.024959
0.024843
0.025045
0.025047
0.024902
0.025032
0.025054
0.024960
0.024741
0.024779
0.024923
0.024861
0.024973
0.024874
0.024934
0.024933
0.025005
0.024930
0.024870
0.024887
0.024848
0.024997
0.025039
0.024868
0.024952
0.024840
0.025052
0.024971
0.024948
0.024994
0.025020
0.024935
0.025052
0.024867
0.024822
0.025009
0.024952
0.024993
0.024836
0.024950
0.024968
0.025014
0.025023
0.024966
0.024882
0.024927
0.025075
0.024997
0.024796
0.024966
0.025160
0.024945
0.022805
0.020728
0.020728
0.020537
0.020677
0.020571
0.020683
0.020483
0.020509
0.020545
0.020621
0.020607
0.020690
0.020465
0.020497
0.020566
0.020648
0.020568
0.020604
0.020489
0.020420
0.020562
0.020523
0.020637
0.020563
0.020517
0.020535
0.020686
0.020481
0.020561
0.020526
0.020562
0.020620
0.020476
0.020480
0.020594
0.020545
0.020599
0.020536
0.020716
0.020934
0.020907
0.020859
0.020642
0.020838
0.020775
0.020864
0.020756
0.020875
0.020776
0.020863
0.020837
0.020793
0.020943
0.020860
0.020866
0.020877
0.020888
0.020916
0.020830
0.020913
0.020871
0.020736
0.020899
0.020818
0.020823
0.020932
0.020978
0.020794
0.020794
0.020886
0.020913
0.020897
0.020910
0.020955
0.020928
0.020989
0.020727
0.020836
0.020870
0.020881
0.020845
0.020949
0.020872
0.020925
0.020815
0.020851
0.020891
0.020860
0.020821
0.020971
0.020949
0.023120
0.024873
0.024782
0.024906
0.024953
0.024945
0.024894
0.025004
0.025055
0.025043
0.024989
0.024957
0.024846
0.024913
0.024917
0.025081
0.025050
0.024964
0.024832
0.024889
0.024958
0.024872
0.024893
0.024936
0.024839
0.024986
0.024834
0.024857
0.025057
0.025042
0.024962
0.024904
0.024873
0.024975
0.024778
0.024823
0.024866
0.025077
0.024882
0.024874
0.024979
0.024948
0.025041
0.025017
0.025015
0.024849
0.024978
0.024729
0.024937
0.024908
0.024806
0.024948
0.024921
0.025038
0.024800
0.024847
0.024842
0.024930
0.024934
0.024971
0.025041
0.024974
0.024987
0.025050
0.024808
0.024986
0.025002
0.024930
0.025039
0.024886
0.024850
0.024889
0.024995
0.024910
0.024884
0.024973
0.024970
0.020637
0.020557
0.020559
0.020641
0.020655
0.020669
0.020655
0.020642
0.020474
0.020473
0.020486
0.020584
0.020590
0.020483
0.020684
0.020523
0.020589
0.020613
0.020422
0.020670
0.020494
0.020514
0.020603
0.020653
0.020419
0.020357
0.020643
0.020631
0.020660
0.020387
0.020546
0.020585
0.020590
0.020672
0.020443
0.020566
0.020466
0.020451
0.020538
0.020896
0.020889
0.020857
0.020807
0.020863
0.020781
0.020952
0.020913
0.020956
0.020997
0.020907
0.020893
0.021080
0.020772
0.020892
0.020787
0.021011
0.020773
0.020998
0.020979
0.020919
0.020881
0.020987
0.020945
0.020849
0.020762
0.020729
0.020749
0.020840
0.020753
0.020757
0.020881
0.020783
0.020885
0.020904
0.020908
0.020919
0.020970
0.020752
0.020865
0.020654
0.020698
0.020839
0.020817
0.020660
0.020763
0.020869
0.020878
0.020909
0.020845
0.020776
0.020909
0.020811
0.024830
0.024957
0.024980
0.024953
0.025014
0.024895
0.024996
0.024925
0.024965
0.025086
0.024952
0.024962
0.024978
0.025014
0.025071
0.024984
0.025009
0.024816
0.024941
0.025021
0.024750
0.024997
0.024945
0.024955
0.024812
0.025010
0.024835
0.024925
0.024788
0.024940
0.024998
0.025013
0.024980
0.024916
0.024831
0.024960
0.024830
0.024847
0.024946
0.024912
0.024935
0.025008
0.024844
0.024974
0.025076
0.024965
0.025005
0.024927
0.024878
0.025014
0.025050
0.025007
0.024930
0.024930
0.024964
0.024976
0.024919
0.024922
0.025009
0.024978
0.024932
0.024972
0.024855
0.025008
0.024985
0.024947
0.025068
0.024929
0.024828
0.024958
0.024865
0.024852
0.025030
0.024753
0.024975
0.024779
0.024987
0.025050
0.024916
0.024851
0.024814
0.025006
0.024979
0.024966
0.025007
0.024948
0.024976
0.025025
0.024919
0.024980
0.024791
0.024881
0.025071
0.025017
0.024993
0.024942
0.025023
0.024915
0.024910
0.025080
0.025032
0.024895
0.024979
0.024857
0.024982
0.024821
0.024948
0.024792
0.025021
0.025098
0.024906
0.025024
0.024970
0.025077
0.025059
0.024915
0.024972
0.025033
0.024992
0.025152
0.025051
0.024944
0.025028
0.025065
0.024925
0.024988
0.025005
0.024913
0.024936
0.024917
0.024960
0.024914
0.024998
0.024881
0.024973
0.025101
0.024963
0.024807
0.024977
0.024927
0.024883
0.024958
0.024983
0.025084
0.024863
0.025048
0.025083
0.024929
0.024948
0.025013
0.024964
0.024986
0.024946
0.024991
0.025054
0.024963
0.024947
0.024942
0.024983
0.024978
0.024786
0.024853
0.025030
0.024894
0.024932
0.024923
0.025058
0.024989
0.024765
0.024838
0.024936
0.024770
0.024905
0.025026
0.024939
0.024931
0.024907
0.025004
0.024985
0.025030
0.025002
0.024979
0.024836
0.024988
0.024947
0.024854
0.024991
0.025022
0.024917
0.024909
0.024928
0.024734
0.024964
0.024958
0.024873
0.024970
0.025043
0.025028
0.024882
0.024926
0.025058
0.025062
0.024883
0.024979
0.025100
0.024785
0.024948
0.024998
0.024945
0.025011
0.024961
0.024922
0.025014
0.024940
0.024925
0.024922
0.024833
0.024881
0.025097
0.024832
0.024869
0.025044
0.024947
0.024944
0.025023
0.024842
0.024899
0.025013
0.024854
0.024926
0.024996
0.024923
0.024881
0.024962
0.024995
0.024983
0.025092
0.024946
0.024851
0.025005
0.024818
0.024973
0.024957
0.024842
0.024889
0.025011
0.024879
0.024877
0.024969
0.024953
0.024969
0.025124
0.025041
0.024978
0.024914
0.025040
0.024919
0.025054
0.024930
0.024902
0.024958
0.024902
0.024950
0.024765
0.024935
0.024850
0.025058
0.024880
0.024885
0.025044
0.025012
0.025061
0.024907
0.024914
0.025015
0.025015
0.024845
0.024978
0.024957
0.025095
0.024940
0.024890
0.024779
0.025004
0.024754
0.025067
0.024965
0.025048
0.024963
0.025118
0.024891
0.024964
0.024944
0.024984
0.024858
0.024895
0.024895
0.025027
0.024977
0.024956
0.025036
0.025030
0.025024
0.025078
0.024971
0.025012
0.024910
0.024943
0.025022
0.024967
0.024986
0.024885
0.025031
0.024871
0.024868
0.025064
0.025080
0.024988
0.024735
0.024910
0.024845
0.024879
0.024978
0.024994
0.024917
0.025058
0.024833
0.025122
0.024904
0.024995
0.024983
0.024971
0.024967
0.024948
0.024889
0.024922
0.025046
0.024847
0.024839
0.024951
0.024815
0.025072
0.025086
0.025061
0.024917
0.024904
0.024965
0.025002
0.024973
0.024972
0.024922
0.024998
0.025021
0.024905
0.025054
0.025080
0.024954
0.025124
0.024994
0.024933
0.024948
0.025037
0.024955
0.024912
0.025048
0.025055
0.024935
0.025048
0.024900
0.025020
0.025025
0.025042
0.025054
0.024990
0.025034
0.024839
0.024961
0.024917
0.024974
0.024957
0.025040
0.024890
0.024974
0.025000
0.024853
0.024981
0.025052
0.024940
0.024832
0.024849
0.024973
0.025009
0.024914
0.024876
0.024976
0.024850
0.024893
0.024872
0.025052
0.024979
0.024949
0.024926
0.024995
0.024910
0.024846
0.024870
0.024923
0.024946
0.024874
0.024843
0.024865
0.024971
0.025007
0.024903
0.024947
0.024838
0.025018
0.025043
0.024908
0.025077
0.024806
0.024894
0.025088
0.024958
0.025002
0.024888
0.025033
0.024887
0.024958
0.025063
0.025001
0.024899
0.024969
0.024802
0.025064
0.025045
0.024848
0.024944
0.024912
0.024856
0.024772
0.024912
0.025029
0.025089
0.024879
0.024915
0.024939
0.025096
0.025074
0.024907
0.024929
0.025029
0.024964
0.024930
0.024932
0.024875
0.024797
0.024918
0.025013
0.024966
0.024979
0.024889
0.024909
0.024855
0.024921
0.024980
0.024974
0.024989
0.024828
0.024992
0.024944
0.025036
0.025023
0.024917
0.025020
0.024943
0.024890
0.024850
0.024772
0.024996
0.024972
0.024893
0.024896
0.025041
0.024890
0.025115
0.025012
0.024957
0.024986
0.025048
0.024992
0.024932
0.024930
0.024990
0.025114
0.024920
0.024972
0.024945
0.024843
0.024827
0.024891
0.024971
0.025056
0.024922
0.024903
0.024867
0.024889
0.024981
0.024976
0.025031
0.024905
0.024996
0.025004
0.025013
0.024998
0.025042
0.024950
0.024910
0.025005
0.025048
0.024872
0.024960
0.024960
0.025003
0.024977
0.024915
0.024894
0.024794
0.024976
0.024990
0.024930
0.024989
0.024906
0.024988
0.025020
0.024992
0.024937
0.024902
0.024814
0.024959
0.025132
0.025038
0.025058
0.024972
0.024824
0.024835
0.025012
0.024815
0.024864
0.024843
0.024804
0.025000
0.024986
0.025038
0.024959
0.024914
0.024905
0.024904
0.025062
0.024963
0.024898
0.024889
0.024951
0.024996
0.024969
0.025009
0.024974
0.024732
0.024982
0.024916
0.025048
0.025043
0.024963
0.024895
0.024842
0.024859
0.024950
0.024928
0.024806
0.024905
0.024920
0.025028
0.024858
0.025006
0.024959
0.024925
0.025019
0.024975
0.024858
0.025021
0.025021
0.024882
0.024831
0.025042
0.024873
0.025024
0.024850
0.024984
0.024911
0.024858
0.024833
0.024951
0.024753
0.024848
0.024969
0.024883
0.024909
0.024982
0.024843
0.024983
0.024961
0.025015
0.025072
0.020705
0.020701
0.020662
0.020581
0.020569
0.020454
0.020669
0.020467
0.020705
0.020714
0.020638
0.020712
0.020625
0.020667
0.020570
0.020636
0.020616
0.020647
0.020606
0.020638
0.020628
0.020670
0.020670
0.020645
0.020578
0.020677
0.020540
0.020544
0.020549
0.020555
0.020498
0.020607
0.020687
0.020470
0.020542
0.020645
0.020545
0.020637
0.020528
0.020696
0.020804
0.020862
0.020998
0.020764
0.020802
0.020718
0.020846
0.020853
0.020841
0.020835
0.020939
0.020801
0.020769
0.020800
0.020880
0.020817
0.020943
0.020918
0.020809
0.020885
0.021052
0.020928
0.020918
0.020961
0.020944
0.020945
0.020961
0.020865
0.020733
0.020953
0.020903
0.020961
0.020894
0.020824
0.020810
0.020876
0.020897
0.020782
0.020843
0.020851
0.020917
0.020789
0.020795
0.020929
0.020868
0.020945
0.020826
0.020975
0.020850
0.020820
0.020792
0.016657
0.018692
0.020521
0.020520
0.020500
0.020525
0.020447
0.020569
0.020487
0.020549
0.020658
0.020616
0.020647
0.020550
0.020487
0.020519
0.020503
0.020499
0.020499
0.020604
0.020574
0.020581
0.020456
0.020513
0.020549
0.020567
0.020509
0.020543
0.020593
0.020602
0.020628
0.020624
0.020629
0.020622
0.020560
0.020536
0.020615
0.020614
0.020571
0.020565
0.020754
0.020904
0.020850
0.020795
0.020877
0.020905
0.020986
0.020923
0.020961
0.020917
0.020864
0.020882
0.020919
0.020897
0.020905
0.020812
0.020986
0.020978
0.020886
0.020894
0.020887
0.020846
0.020824
0.020909
0.020848
0.020809
0.020863
0.020987
0.020780
0.020778
0.020796
0.020837
0.020869
0.020773
0.020757
0.020744
0.020920
0.020843
0.020864
0.020924
0.020851
0.020787
0.020760
0.020709
0.020753
0.020912
0.020720
0.020748
0.020777
0.020867
0.020854
0.020906
0.020963
0.024858
0.024840
0.025002
0.024865
0.024897
0.024893
0.024885
0.024738
0.024867
0.024873
0.024754
0.024769
0.024940
0.024828
0.024858
0.024972
0.024908
0.025005
0.024782
0.024887
0.024738
0.024883
0.024924
0.024884
0.024959
0.024804
0.024755
0.024792
0.024915
0.024906
0.024916
0.024765
0.024910
0.024938
0.024840
0.024799
0.024890
0.024912
0.024868
0.024925
0.024990
0.024950
0.024950
0.024964
0.024889
0.024868
0.024923
0.024964
0.024892
0.024972
0.024909
0.024760
0.024894
0.024827
0.024827
0.024924
0.024897
0.024970
0.024861
0.024793
0.024953
0.024958
0.024810
0.024964
0.024966
0.024885
0.024760
0.024892
0.024927
0.024944
0.024949
0.024773
0.024841
0.024804
0.024955
0.024943
0.022739
0.024868
0.024848
0.024876
0.024964
0.024793
0.024777
0.024712
0.024875
0.024866
0.024926
0.024823
0.024938
0.024936
0.024778
0.024865
0.024803
0.024872
0.024934
0.024842
0.024938
0.024939
0.025012
0.024714
0.024822
0.024855
0.024902
0.024900
0.024967
0.024835
0.024987
0.024848
0.024864
0.024815
0.024944
0.024852
0.024787
0.024757
0.024874
0.024940
0.024995
0.024879
0.024890
0.024882
0.024771
0.024784
0.024905
0.024671
0.024761
0.024867
0.024886
0.024867
0.024941
0.024972
0.025132
0.024963
0.024929
0.024812
0.024939
0.024850
0.024892
0.024765
0.024827
0.024870
0.025093
0.025000
0.024824
0.024959
0.024949
0.024884
0.024851
0.024884
0.024829
0.024953
0.024914
0.024781
0.024917
