0.009650
0.022575
0.024700
0.024830
0.024696
0.024909
0.024719
0.024981
0.024863
0.024839
0.025047
0.024941
0.024879
0.024906
0.025073
0.024832
0.024821
0.024948
0.024808
0.024856
0.024878
0.024705
0.024910
0.024870
0.024812
0.024782
0.024934
0.024815
0.024802
0.024858
0.024789
0.024854
0.024808
0.024844
0.024849
0.024915
0.024758
0.024838
0.024806
0.025033
0.024848
0.024795
0.024919
0.024916
0.024805
0.024868
0.024962
0.024911
0.024808
0.024846
0.024934
0.024952
0.024776
0.024750
0.024808
0.024806
0.024880
0.024724
0.024930
0.024877
0.024885
0.024988
0.024882
0.024731
0.024799
0.024763
0.024905
0.024867
0.024854
0.025033
0.024970
0.024881
0.024752
0.024806
0.024907
0.024866
0.024814
0.024983
0.024785
0.024878
0.024971
0.025083
0.024854
0.024774
0.025014
0.025062
0.024952
0.024752
0.024974
0.024831
0.024781
0.024796
0.024698
0.024785
0.024986
0.024872
0.024794
0.024861
0.024868
0.024924
0.024937
0.025008
0.024943
0.024841
0.024827
0.024834
0.024983
0.024717
0.024924
0.024743
0.024816
0.024983
0.024887
0.024921
0.024851
0.025013
0.024910
0.024775
0.024900
0.024686
0.024924
0.025034
0.024896
0.024702
0.024828
0.024909
0.025005
0.024856
0.024873
0.024676
0.024817
0.024762
0.024651
0.024904
0.024879
0.024958
0.024822
0.024854
0.024856
0.024909
0.024784
0.024791
0.024842
0.024819
0.024819
0.024874
0.024897
0.024810
0.024935
0.024790
0.024859
0.024862
0.024822
0.024841
0.024923
0.020732
0.020674
0.020623
0.020684
0.020650
0.020589
0.020602
0.020629
0.020559
0.020490
0.020643
0.020472
0.020544
0.020586
0.020528
0.020465
0.020462
0.020516
0.020474
0.020576
0.020501
0.020394
0.020520
0.020553
0.020502
0.020568
0.020451
0.020572
0.020571
0.020559
0.020389
0.020401
0.020474
0.020517
0.020511
0.020650
0.020544
0.020530
0.020504
0.020655
0.020766
0.020886
0.020794
0.020903
0.020750
0.020762
0.020731
0.020858
0.020715
0.020899
0.020835
0.020947
0.020698
0.020870
0.020694
0.020778
0.020796
0.020784
0.020682
0.020798
0.020756
0.020904
0.020674
0.020861
0.020765
0.020825
0.020656
0.020772
0.020753
0.020956
0.020819
0.020795
0.020817
0.020768
0.020817
0.020721
0.020910
0.020874
0.020825
0.020818
0.020801
0.020867
0.020780
0.020936
0.020747
0.016749
0.016608
0.016598
0.016546
0.016512
0.016650
0.016512
0.018673
0.020456
0.020616
0.020621
0.020492
0.020464
0.020626
0.020493
0.020549
0.020587
0.020665
0.020676
0.020556
0.020545
0.020458
0.020490
0.020493
0.020460
0.020603
0.020559
0.020466
0.020415
0.020548
0.020443
0.020461
0.020574
0.020418
0.020722
0.020604
0.020527
0.020596
0.020490
0.020505
0.020661
0.020751
0.020863
0.020947
0.021025
0.020954
0.020847
0.020802
0.020864
0.020849
0.020955
0.020875
0.021025
0.020983
0.020909
0.020893
0.020864
0.020946
0.020967
0.020847
0.020927
0.020921
0.020941
0.020957
0.020886
0.020931
0.020827
0.020808
0.020817
0.020827
0.020864
0.020904
0.020766
0.020825
0.020937
0.020838
0.020795
0.020835
0.020843
0.020796
0.020919
0.020791
0.020840
0.020762
0.020963
0.020904
0.020912
0.020711
0.020761
0.020906
0.020964
0.020843
0.020878
0.020837
0.024757
0.024867
0.024791
0.024794
0.024709
0.024659
0.024708
0.024871
0.024817
0.024750
0.024700
0.024943
0.024907
0.024853
0.024866
0.024778
0.024905
0.024833
0.024820
0.024908
0.024904
0.024905
0.024765
0.024855
0.024944
0.024975
0.024894
0.024875
0.024942
0.024846
0.024862
0.024930
0.024781
0.024948
0.024930
0.024801
0.025004
0.024914
0.024884
0.024831
0.024897
0.024747
0.024920
0.024790
0.024847
0.024831
0.024841
0.024758
0.024865
0.024881
0.024946
0.024830
0.024838
0.024851
0.024886
0.024973
0.024829
0.024888
0.024778
0.024836
0.024857
0.024956
0.024842
0.024796
0.024861
0.024912
0.024834
0.024812
0.024835
0.024879
0.024821
0.024870
0.024682
0.024806
0.024856
0.024927
0.024730
0.024855
0.024844
0.024996
0.025048
0.024804
0.024895
0.024960
0.024961
0.024920
0.024894
0.024851
0.024770
0.024914
0.024787
0.024945
0.024818
0.024846
0.024891
0.024936
0.024903
0.025107
0.024971
0.024848
0.024799
0.024825
0.024820
0.024904
0.024858
0.024941
0.024882
0.024833
0.024897
0.025004
0.024922
0.025110
0.024944
0.025045
0.024885
0.024885
0.024845
0.024918
0.024923
0.024826
0.024897
0.025022
0.024867
0.024984
0.024940
0.025083
0.025133
0.024995
0.024984
0.024853
0.024853
0.025031
0.025006
0.024947
0.024955
0.025047
0.025067
0.024936
0.024819
0.024814
0.024839
0.024747
0.024878
0.024923
0.024881
0.024871
0.024613
0.024790
0.024718
0.024985
0.024789
0.024936
0.024961
0.024844
0.024974
0.024934
0.024871
0.024725
0.024726
0.024845
0.024843
0.024885
0.024797
0.024930
0.024797
0.024893
0.024873
0.024802
0.024798
0.024843
0.024902
0.025010
0.024850
0.024847
0.024756
0.025004
0.024919
0.024960
0.024918
0.024956
0.024943
0.024923
0.024881
0.024742
0.024980
0.024915
0.024944
0.024858
0.024808
0.024943
0.024897
0.025018
0.024881
0.024824
0.024836
0.025021
0.024903
0.024878
0.024884
0.025055
0.024932
0.022726
0.020584
0.020771
0.020504
0.020532
0.020667
0.020693
0.020484
0.020462
0.020510
0.020593
0.020515
0.020560
0.020451
0.020396
0.020393
0.020641
0.020560
0.020498
0.020514
0.020480
0.020433
0.020453
0.020580
0.020454
0.020493
0.020530
0.020544
0.020457
0.020515
0.020479
0.020503
0.020513
0.020471
0.020440
0.020518
0.020505
0.020566
0.020492
0.020609
0.020803
0.020890
0.020871
0.020637
0.020782
0.020730
0.020834
0.020631
0.020853
0.020758
0.020761
0.020805
0.020735
0.020867
0.020870
0.020849
0.020757
0.020777
0.020864
0.020768
0.020832
0.020815
0.020699
0.020816
0.020742
0.020765
0.020891
0.020883
0.020814
0.020773
0.020819
0.020823
0.020894
0.020846
0.020867
0.020913
0.020963
0.020743
0.020773
0.020771
0.020813
0.020780
0.020877
0.020885
0.020822
0.020738
0.020812
0.020802
0.020794
0.020772
0.020897
0.020925
0.023048
0.024782
0.024765
0.024822
0.024914
0.024809
0.024855
0.024882
0.024959
0.025012
0.024945
0.024878
0.024783
0.024878
0.024930
0.024944
0.025074
0.024911
0.024826
0.024817
0.024829
0.024886
0.024859
0.024893
0.024772
0.024834
0.024827
0.024803
0.024936
0.024949
0.025017
0.024825
0.024838
0.024878
0.024848
0.024733
0.024796
0.025014
0.024893
0.024804
0.024884
0.024855
0.024954
0.024944
0.024952
0.024817
0.024884
0.024723
0.024934
0.024841
0.024813
0.024841
0.024846
0.024983
0.024796
0.024760
0.024784
0.024817
0.025007
0.024858
0.024970
0.024936
0.024964
0.024902
0.024852
0.024817
0.024978
0.024830
0.024970
0.024823
0.024821
0.024801
0.024958
0.024898
0.024790
0.024847
0.024940
0.020629
0.020556
0.020519
0.020602
0.020590
0.020690
0.020541
0.020621
0.020419
0.020444
0.020381
0.020581
0.020490
0.020437
0.020535
0.020525
0.020513
0.020543
0.020403
0.020563
0.020435
0.020536
0.020497
0.020564
0.020412
0.020282
0.020482
0.020684
0.020629
0.020330
0.020491
0.020514
0.020514
0.020635
0.020401
0.020464
0.020448
0.020439
0.020464
0.020680
0.020898
0.020771
0.020733
0.020818
0.020795
0.020817
0.020880
0.020913
0.020940
0.020823
0.020841
0.020930
0.020860
0.020808
0.020800
0.020957
0.020728
0.020863
0.020941
0.020923
0.020865
0.020857
0.020861
0.020930
0.020667
0.020706
0.020699
0.020738
0.020720
0.020813
0.020783
0.020761
0.020833
0.020771
0.020876
0.020897
0.020940
0.020725
0.020795
0.020632
0.020650
0.020701
0.020838
0.020653
0.020638
0.020754
0.020804
0.020896
0.020800
0.020691
0.020785
0.020776
0.024715
0.024909
0.024861
0.024968
0.024885
0.024931
0.024929
0.024829
0.024922
0.024989
0.024959
0.024981
0.024904
0.024897
0.025101
0.024925
0.024874
0.024842
0.024837
0.024950
0.024716
0.024881
0.024901
0.024977
0.024685
0.024904
0.024771
0.024887
0.024776
0.024800
0.024898
0.025012
0.024911
0.024845
0.024833
0.024881
0.024792
0.024804
0.024841
0.024836
0.024860
0.024941
0.024790
0.024937
0.025042
0.024905
0.024960
0.024829
0.024864
0.024926
0.024946
0.024976
0.024847
0.024892
0.024840
0.024904
0.024876
0.024864
0.024947
0.024911
0.024888
0.024928
0.024865
0.024884
0.024927
0.024898
0.024989
0.024890
0.024761
0.024900
0.024800
0.024819
0.024985
0.024817
0.024880
0.024723
0.024833
0.025038
0.024853
0.024848
0.024763
0.024863
0.024929
0.024993
0.024972
0.024898
0.024911
0.025010
0.024889
0.024904
0.024776
0.024814
0.024981
0.025032
0.024936
0.024955
0.024942
0.024900
0.024770
0.025061
0.024950
0.024753
0.025006
0.024739
0.024953
0.024851
0.024891
0.024723
0.024935
0.024984
0.024937
0.024896
0.024989
0.024952
0.025004
0.024957
0.024892
0.024987
0.024888
0.025144
0.025078
0.024862
0.025012
0.025015
0.024848
0.024912
0.024982
0.024831
0.024890
0.024869
0.024850
0.024914
0.024868
0.024850
0.024848
0.025025
0.024863
0.024791
0.024906
0.024876
0.024819
0.024893
0.024909
0.025036
0.024818
0.024971
0.024969
0.024969
0.024837
0.024960
0.024889
0.024933
0.024914
0.024913
0.024976
0.024933
0.024910
0.024842
0.024917
0.024925
0.024723
0.024772
0.024962
0.024862
0.024878
0.024834
0.024953
0.024993
0.024756
0.024790
0.024834
0.024735
0.024800
0.024909
0.024903
0.024917
0.024804
0.024982
0.024866
0.024976
0.024918
0.024965
0.024737
0.024839
0.024930
0.024803
0.024884
0.024985
0.024825
0.024885
0.024848
0.024706
0.024935
0.024948
0.024803
0.024897
0.024917
0.025069
0.024802
0.024813
0.024874
0.025131
0.024836
0.024932
0.024966
0.024822
0.024869
0.024974
0.024808
0.024999
0.024916
0.024858
0.024946
0.024904
0.024858
0.024939
0.024823
0.024755
0.024974
0.024848
0.024736
0.025010
0.024885
0.024898
0.024949
0.024844
0.024721
0.025013
0.024769
0.024915
0.024895
0.024806
0.024858
0.024907
0.024869
0.025006
0.024916
0.024969
0.024770
0.024938
0.024783
0.024935
0.024910
0.024849
0.024932
0.024889
0.024879
0.024868
0.024855
0.024974
0.024874
0.025131
0.024979
0.024972
0.024838
0.024934
0.024859
0.024958
0.024915
0.024847
0.024863
0.024947
0.024871
0.024822
0.024828
0.024840
0.024888
0.024927
0.024834
0.024923
0.024939
0.025057
0.024908
0.024879
0.025047
0.024950
0.024753
0.024996
0.024910
0.024975
0.024843
0.024914
0.024737
0.024990
0.024749
0.025006
0.024884
0.025079
0.024899
0.025085
0.024860
0.024901
0.024889
0.024972
0.024838
0.024859
0.024895
0.024960
0.024953
0.024959
0.024939
0.025011
0.024952
0.025049
0.024883
0.024923
0.024926
0.024925
0.024984
0.024917
0.024972
0.024891
0.024895
0.024884
0.024764
0.024984
0.025028
0.024946
0.024751
0.024877
0.024809
0.024827
0.024866
0.024992
0.024867
0.025084
0.024766
0.025037
0.024815
0.024967
0.024949
0.024936
0.024985
0.024878
0.024879
0.024745
0.024998
0.024917
0.024773
0.024868
0.024764
0.024972
0.024983
0.025036
0.024830
0.024961
0.024778
0.025010
0.024877
0.024949
0.024810
0.025015
0.024949
0.024903
0.024925
0.025084
0.024897
0.025056
0.024969
0.024879
0.024902
0.024987
0.024889
0.024802
0.024973
0.024989
0.024915
0.025019
0.024852
0.024951
0.024978
0.024949
0.025009
0.025022
0.024888
0.024841
0.024808
0.024833
0.024929
0.024940
0.024955
0.024903
0.024898
0.024935
0.024926
0.024915
0.024961
0.024938
0.024779
0.024796
0.024944
0.024893
0.024883
0.024790
0.024933
0.024833
0.024802
0.024886
0.024963
0.024928
0.024865
0.024894
0.024908
0.024891
0.024738
0.024798
0.024907
0.024908
0.024816
0.024753
0.024812
0.024897
0.024873
0.024794
0.024930
0.024840
0.024899
0.025052
0.024792
0.025023
0.024733
0.024835
0.024978
0.024962
0.024923
0.024826
0.024967
0.024808
0.024939
0.024984
0.025036
0.024864
0.024902
0.024771
0.024925
0.025039
0.024788
0.024925
0.024814
0.024852
0.024711
0.024813
0.024907
0.025062
0.024776
0.024881
0.024863
0.025023
0.024969
0.024850
0.024888
0.024893
0.024893
0.024889
0.024744
0.024884
0.024741
0.024855
0.024919
0.024970
0.024809
0.024898
0.024884
0.024798
0.024873
0.024993
0.024909
0.024927
0.024777
0.024991
0.024903
0.024927
0.024973
0.024848
0.024991
0.024921
0.024808
0.024839
0.024742
0.024937
0.024898
0.024927
0.024737
0.024984
0.024905
0.024955
0.024980
0.024937
0.024925
0.025003
0.024973
0.024806
0.024884
0.025005
0.025075
0.024825
0.024927
0.024891
0.024838
0.024753
0.024889
0.024848
0.025077
0.024902
0.024843
0.024789
0.024875
0.024902
0.024877
0.025064
0.024761
0.025004
0.024934
0.024960
0.024903
0.025051
0.024827
0.024887
0.024868
0.025040
0.024780
0.024895
0.024870
0.024930
0.024927
0.024860
0.024774
0.024853
0.024917
0.024830
0.024868
0.024950
0.024841
0.024891
0.024971
0.024890
0.024893
0.024844
0.024786
0.024817
0.025086
0.024981
0.024970
0.024924
0.024748
0.024741
0.024926
0.024830
0.024756
0.024816
0.024764
0.024859
0.024896
0.024970
0.024885
0.024827
0.024865
0.024812
0.024962
0.024993
0.024810
0.024864
0.024921
0.024940
0.024936
0.024992
0.024922
0.024638
0.024953
0.024916
0.024923
0.024968
0.024937
0.024865
0.024785
0.024852
0.024865
0.024898
0.024751
0.024837
0.024889
0.024976
0.024778
0.024965
0.024901
0.024850
0.024976
0.024951
0.024853
0.024875
0.024958
0.024823
0.024729
0.024961
0.024887
0.024976
0.024827
0.024877
0.024855
0.024823
0.024852
0.024894
0.024707
0.024789
0.024895
0.024871
0.024766
0.024967
0.024756
0.024848
0.024911
0.024900
0.024982
0.020704
0.020703
0.020628
0.020577
0.020459
0.020499
0.020546
0.020421
0.020605
0.020672
0.020621
0.020589
0.020542
0.020684
0.020507
0.020524
0.020501
0.020612
0.020527
0.020585
0.020553
0.020646
0.020626
0.020584
0.020522
0.020620
0.020504
0.020481
0.020470
0.020510
0.020476
0.020514
0.020617
0.020580
0.020466
0.020506
0.020522
0.020614
0.020533
0.020558
0.020730
0.020834
0.020989
0.020699
0.020803
0.020696
0.020792
0.020784
0.020740
0.020815
0.020875
0.020789
0.020790
0.020761
0.020801
0.020759
0.020913
0.020819
0.020822
0.020776
0.021017
0.020977
0.020938
0.020810
0.020882
0.020938
0.020895
0.020827
0.020684
0.020824
0.020908
0.020849
0.020896
0.020672
0.020785
0.020822
0.020782
0.020777
0.020757
0.020876
0.020774
0.020799
0.020723
0.020826
0.020852
0.020777
0.020861
0.020829
0.020829
0.020705
0.020762
