0.010083
0.018411
0.025048
0.024896
0.025124
0.024932
0.025043
0.025028
0.025017
0.025017
0.025065
0.025004
0.025034
0.025026
0.024991
0.025134
0.025044
0.024992
0.025050
0.024827
0.025076
0.024891
0.024872
0.025019
0.025084
0.024864
0.024922
0.024917
0.024945
0.024930
0.024830
0.025013
0.025123
0.025004
0.024955
0.024930
0.024908
0.024939
0.024896
0.024879
0.024993
0.024880
0.025040
0.024933
0.024941
0.025102
0.025023
0.024966
0.025025
0.024894
0.024976
0.025080
0.024995
0.024991
0.025006
0.024874
0.025029
0.024906
0.024986
0.024963
0.025019
0.025058
0.025022
0.024981
0.024922
0.025032
0.024975
0.025027
0.025054
0.024807
0.025024
0.024854
0.024892
0.024949
0.024997
0.024868
0.024909
0.024791
0.025112
0.024921
0.025026
0.024838
0.024968
0.024949
0.025035
0.025022
0.025051
0.024871
0.025056
0.025026
0.024919
0.024984
0.024895
0.024946
0.025136
0.024966
0.025049
0.024959
0.025012
0.024833
0.025168
0.024983
0.024942
0.025011
0.024914
0.024874
0.025026
0.024860
0.024868
0.024961
0.025082
0.025081
0.024897
0.025056
0.025005
0.025113
0.025061
0.024877
0.025101
0.024904
0.025196
0.025139
0.024920
0.025089
0.025039
0.024953
0.025053
0.024977
0.024973
0.024999
0.024956
0.024931
0.025039
0.024887
0.024991
0.024904
0.025121
0.025028
0.024944
0.024939
0.024992
0.024862
0.025024
0.024898
0.025175
0.024918
0.025048
0.025017
0.025128
0.024809
0.025065
0.024925
0.025033
0.024990
0.024980
0.025085
0.025066
0.025028
0.024914
0.025007
0.025073
0.024831
0.024919
0.024976
0.025016
0.024925
0.024920
0.024992
0.025051
0.024937
0.024813
0.024867
0.024886
0.024838
0.024998
0.024992
0.025006
0.024877
0.025073
0.024956
0.025104
0.024987
0.025101
0.024871
0.024929
0.024989
0.024956
0.024953
0.025061
0.024880
0.025021
0.024937
0.024820
0.024963
0.025014
0.024936
0.024908
0.024989
0.025222
0.024873
0.024904
0.024953
0.025198
0.024965
0.024989
0.024993
0.025069
0.024808
0.025023
0.024922
0.025102
0.024953
0.024962
0.025013
0.025015
0.024857
0.025056
0.024944
0.024845
0.024940
0.025000
0.024776
0.025095
0.024980
0.024979
0.025031
0.025022
0.024770
0.025052
0.024832
0.025053
0.024952
0.024930
0.024955
0.024960
0.024881
0.025152
0.024972
0.025155
0.024824
0.025027
0.024870
0.024952
0.024952
0.024969
0.024948
0.024970
0.024920
0.025050
0.024830
0.025081
0.024837
0.025186
0.025040
0.025104
0.024947
0.024938
0.025064
0.024948
0.025120
0.024881
0.024900
0.025114
0.024885
0.024977
0.024880
0.024887
0.024920
0.025078
0.024774
0.025028
0.024964
0.025145
0.025017
0.024847
0.025117
0.025026
0.024819
0.025042
0.024915
0.025110
0.024954
0.024957
0.024871
0.025068
0.024777
0.025049
0.024956
0.025094
0.024906
0.025184
0.024979
0.024908
0.024945
0.025103
0.024839
0.024997
0.024901
0.024990
0.024970
0.025104
0.024937
0.025076
0.025028
0.025097
0.025015
0.024992
0.025035
0.024956
0.024957
0.025025
0.025001
0.025036
0.024852
0.025013
0.024822
0.025020
0.025083
0.025073
0.024904
0.024878
0.024825
0.024955
0.024886
0.025094
0.024899
0.025115
0.024891
0.025042
0.024951
0.025047
0.024991
0.025012
0.024975
0.024973
0.024963
0.024906
0.025027
0.025031
0.024824
0.024926
0.024844
0.024995
0.025072
0.025175
0.024852
0.025140
0.024818
0.025108
0.024894
0.025110
0.024851
0.024981
0.025023
0.025032
0.024920
0.025190
0.024968
0.025078
0.025091
0.024978
0.024938
0.025079
0.024965
0.024951
0.024935
0.025109
0.024928
0.025078
0.024917
0.025012
0.025057
0.025033
0.025069
0.025069
0.024991
0.024986
0.024872
0.024937
0.024941
0.024967
0.025017
0.025048
0.024904
0.024994
0.024995
0.024961
0.025008
0.025072
0.024882
0.024857
0.024987
0.024999
0.024958
0.024880
0.024936
0.024974
0.024780
0.024974
0.024940
0.025030
0.024941
0.025023
0.024909
0.025075
0.024832
0.024809
0.024915
0.025042
0.024873
0.024912
0.024868
0.025002
0.025004
0.024917
0.024960
0.024967
0.024882
0.025133
0.024890
0.025092
0.024894
0.024880
0.024973
0.025113
0.024927
0.025014
0.024958
0.024975
0.024949
0.024956
0.025105
0.024953
0.024986
0.025012
0.024844
0.025173
0.024859
0.025020
0.024921
0.024993
0.024771
0.024806
0.025046
0.025125
0.024948
0.024935
0.024885
0.025069
0.025116
0.024994
0.024931
0.024982
0.024933
0.025019
0.024851
0.024996
0.024847
0.024846
0.025048
0.025107
0.024822
0.025048
0.024914
0.024916
0.024854
0.025035
0.024993
0.024978
0.024859
0.025020
0.024940
0.025047
0.024989
0.024913
0.025060
0.024980
0.024910
0.025006
0.024781
0.024882
0.025004
0.025036
0.024764
0.025075
0.024961
0.025053
0.025077
0.025051
0.024954
0.025112
0.024941
0.024953
0.024995
0.025012
0.025120
0.024994
0.024929
0.024996
0.024904
0.024892
0.024911
0.024893
0.025052
0.025029
0.024886
0.024948
0.024860
0.025005
0.024919
0.025174
0.024879
0.025032
0.024970
0.025123
0.024947
0.025136
0.024969
0.025022
0.024869
0.025126
0.024924
0.024935
0.024922
0.025017
0.025077
0.024984
0.024779
0.024967
0.024980
0.024969
0.024952
0.025057
0.024872
0.025042
0.025016
0.024992
0.024920
0.025014
0.024873
0.024817
0.025099
0.025120
0.025038
0.025090
0.024810
0.024844
0.025002
0.024952
0.024843
0.024966
0.024777
0.024876
0.025001
0.025043
0.025043
0.024888
0.025016
0.024868
0.024986
0.025136
0.024916
0.024874
0.024987
0.024995
0.024993
0.025005
0.025027
0.024832
0.024875
0.025035
0.024897
0.025048
0.025077
0.024894
0.024859
0.024936
0.024800
0.025034
0.024816
0.024937
0.024852
0.025103
0.024880
0.025036
0.024921
0.025039
0.024962
0.025113
0.024908
0.024899
0.024990
0.025071
0.024803
0.024972
0.024950
0.025036
0.024882
0.024932
0.024951
0.024984
0.024783
0.024974
0.024851
0.024821
0.024834
0.025087
0.024832
0.024993
0.024890
0.025023
0.024916
0.025048
0.025066
0.020877
0.020599
0.020746
0.020672
0.020572
0.020536
0.020531
0.020529
0.020621
0.020714
0.020732
0.020619
0.020700
0.020698
0.020611
0.020531
0.020663
0.020618
0.020612
0.020611
0.020664
0.020629
0.020792
0.020602
0.020634
0.020649
0.020627
0.020576
0.020507
0.020542
0.020504
0.020549
0.020696
0.020690
0.020491
0.020537
0.020665
0.020576
0.020656
0.020475
0.020839
0.020789
0.021101
0.020834
0.020892
0.020715
0.020808
0.020889
0.020782
0.020861
0.020922
0.020949
0.020836
0.020801
0.020823
0.020866
0.020946
0.020874
0.020948
0.020754
0.021058
0.021031
0.021025
0.020824
0.021007
0.020930
0.020992
0.020966
0.020792
0.020786
0.020988
0.020854
0.021093
0.020728
0.020882
0.020889
0.020855
0.020903
0.020836
0.020890
0.020880
0.020845
0.020836
0.020803
0.021001
0.020806
0.020960
0.020824
0.021012
0.020780
0.020835
0.018515
0.016645
0.020561
0.020614
0.020540
0.020498
0.020498
0.020470
0.020665
0.020438
0.020506
0.020681
0.020616
0.020656
0.020398
0.020658
0.020478
0.020478
0.020461
0.020591
0.020556
0.020617
0.020484
0.020554
0.020473
0.020643
0.020480
0.020602
0.020592
0.020613
0.020616
0.020595
0.020589
0.020674
0.020519
0.020574
0.020541
0.020705
0.020484
0.020663
0.020720
0.020816
0.020815
0.020804
0.020844
0.020928
0.020869
0.020998
0.020861
0.020989
0.020960
0.020910
0.020863
0.020974
0.020893
0.020933
0.020802
0.021071
0.020855
0.020937
0.020896
0.020927
0.020832
0.020817
0.020909
0.020804
0.020825
0.020953
0.020821
0.020815
0.020705
0.020813
0.020918
0.020807
0.020786
0.020821
0.020699
0.021041
0.020772
0.020925
0.020889
0.020932
0.020635
0.020821
0.020695
0.020887
0.020827
0.020721
0.020643
0.020926
0.020752
0.020869
0.020929
0.024833
0.024953
0.024881
0.025035
0.024730
0.024953
0.024878
0.024819
0.024798
0.024879
0.024920
0.024687
0.024951
0.024826
0.024937
0.024782
0.024986
0.024965
0.024911
0.024857
0.024843
0.024712
0.024953
0.024842
0.025021
0.024871
0.024759
0.024769
0.024834
0.024935
0.024977
0.024796
0.024763
0.024961
0.024899
0.024770
0.024952
0.024820
0.024989
0.024783
0.025128
0.024856
0.024981
0.025071
0.024891
0.024843
0.024938
0.024813
0.025023
0.024900
0.024897
0.024830
0.024881
0.024811
0.024936
0.024767
0.025005
0.024885
0.025000
0.024724
0.025037
0.024851
0.025002
0.024903
0.024956
0.024966
0.024867
0.024765
0.025007
0.024854
0.024940
0.024871
0.024833
0.024841
0.024797
0.024978
0.024875
0.024951
0.024743
0.024945
0.024963
0.024802
0.024814
0.024683
0.024794
0.024839
0.025017
0.024893
0.024987
0.024884
0.024878
0.024755
0.024914
0.024842
0.024942
0.024832
0.024936
0.024897
0.025132
0.024816
0.024813
0.024766
0.024890
0.024932
0.024987
0.024868
0.025009
0.024888
0.024861
0.024819
0.024952
0.024872
0.024956
0.024747
0.024789
0.024914
0.025073
0.024895
0.024935
0.024945
0.024788
0.022767
0.024911
0.024809
0.024736
0.024775
0.024898
0.024867
0.024963
0.024931
0.025141
0.025090
0.024873
0.024854
0.024960
0.024969
0.024835
0.024879
0.024837
0.024828
0.025052
0.025022
0.024867
0.024955
0.024887
0.024966
0.024871
0.024867
0.024797
0.024952
0.024943
0.024816
0.024947
0.024828
0.020554
0.020715
0.020594
0.020587
0.020603
0.020495
0.020492
0.020541
0.020529
0.020650
0.020453
0.020437
0.020630
0.020655
0.020612
0.020510
0.020549
0.020601
0.020535
0.020500
0.020509
0.020600
0.020592
0.020516
0.020533
0.020616
0.020517
0.020576
0.020502
0.020506
0.020534
0.020585
0.020435
0.020416
0.018231
0.020571
0.020509
0.020573
0.020649
0.020833
0.020891
0.020757
0.020895
0.020896
0.020839
0.020878
0.020870
0.020842
0.020787
0.020730
0.020911
0.020798
0.020777
0.020818
0.020993
0.020933
0.020843
0.020889
0.020929
0.020861
0.020881
0.020759
0.020903
0.020729
0.020689
0.020945
0.021009
0.020714
0.020817
0.020715
0.020737
0.020782
0.020931
0.020936
0.020908
0.020961
0.020849
0.021050
0.020906
0.021038
0.020876
0.020907
0.020869
0.020776
0.020902
0.020944
0.016643
0.016622
0.016508
0.016578
0.016689
0.016560
0.020465
0.020671
0.020574
0.020678
0.020583
0.020567
0.020621
0.018599
0.020656
0.020526
0.020664
0.020581
0.020684
0.020580
0.020664
0.020580
0.020467
0.020506
0.020567
0.020691
0.020593
0.020437
0.020570
0.020519
0.020611
0.020544
0.020624
0.020495
0.020739
0.020680
0.020655
0.020530
0.020771
0.020640
0.020638
0.020744
0.020849
0.021010
0.020889
0.020864
0.020871
0.020857
0.021052
0.020776
0.020790
0.020886
0.021067
0.020965
0.020996
0.020976
0.020867
0.020844
0.021030
0.020914
0.020897
0.020763
0.020973
0.020905
0.020994
0.020890
0.020925
0.020789
0.020745
0.020844
0.020995
0.020897
0.021042
0.020735
0.020865
0.018743
0.020856
0.020881
0.020931
0.020934
0.020970
0.020810
0.021062
0.020631
0.020874
0.020925
0.020950
0.021020
0.020922
0.020950
0.021001
0.020911
0.020929
0.023129
0.024749
0.024869
0.024861
0.025023
0.024930
0.024913
0.024905
0.024900
0.025049
0.024985
0.025035
0.024775
0.025032
0.025066
0.024784
0.024753
0.025037
0.025043
0.024852
0.024973
0.024963
0.024782
0.024969
0.024883
0.024866
0.024759
0.024865
0.024995
0.024902
0.025005
0.024921
0.024823
0.025115
0.024750
0.024943
0.024861
0.025002
0.025001
0.025067
0.024821
0.024953
0.025015
0.025020
0.024873
0.024872
0.025035
0.024964
0.024918
0.024909
0.024904
0.024972
0.024902
0.024878
0.024940
0.025048
0.024971
0.024944
0.024874
0.024830
0.024977
0.024985
0.024958
0.025007
0.024959
0.025075
0.025080
0.024932
0.024770
0.024957
0.024811
0.025038
0.025043
0.025002
0.025015
0.024946
0.024926
0.024943
0.024960
0.025161
0.025007
0.025079
0.025001
0.024871
0.024892
0.024913
0.025002
0.025014
0.024904
0.024981
0.025011
0.025010
0.024927
0.024950
0.025012
0.025060
0.024884
0.024917
0.025115
0.024986
0.024860
0.025024
0.025004
0.024936
0.024836
0.024890
0.024835
0.024968
0.024849
0.024956
0.025010
0.025024
0.024988
0.024959
0.024825
0.024949
0.024956
0.025109
0.024958
0.024945
0.024882
0.024771
0.024782
0.025000
0.024854
0.024957
0.024792
0.025007
0.025075
0.024820
0.025022
0.025025
0.025069
0.024930
0.025013
0.024925
0.025036
0.024749
0.024836
0.024827
0.024992
0.024933
0.024893
0.024910
0.025001
0.024975
0.024918
0.025065
0.024804
0.025036
0.024961
0.024777
0.025082
0.024909
0.024930
0.024986
0.024903
0.025018
0.024994
0.024971
0.024884
0.024902
0.024963
0.024942
0.024910
0.025045
0.024982
0.025062
0.025038
0.024864
0.024729
0.024899
0.024876
0.024931
0.025112
0.025024
0.024918
0.024911
0.024965
0.024944
0.025043
0.025023
0.024948
0.024898
0.024933
0.024896
0.024873
0.025084
0.024878
0.025007
0.024862
0.024932
0.025075
0.024801
0.024903
0.024927
0.025063
0.025002
0.025012
0.024983
0.024893
0.020553
0.020763
0.020713
0.020692
0.020494
0.020694
0.020578
0.020616
0.020727
0.020684
0.020601
0.020617
0.020504
0.020560
0.020419
0.014910
0.024452
0.019061
0.016890
0.024732
0.016850
0.024649
0.018687
0.023050
0.018798
0.023068
0.018624
0.023089
0.016840
0.024892
0.016856
0.024915
0.017256
0.024699
0.018678
0.024596
0.019203
0.018624
0.018765
0.023161
0.023327
0.020992
0.021279
0.022903
0.017459
0.024837
0.017352
0.024664
0.017414
0.024724
0.017393
0.024902
0.017351
0.024622
0.017425
0.024805
0.017475
0.024700
0.015186
0.027251
0.021280
0.021338
0.021281
0.023289
0.015230
0.026948
0.013684
0.026782
0.021357
0.023110
0.015243
0.026945
0.015173
0.026909
0.015203
0.020964
0.027215
0.013414
0.027251
0.022992
0.015178
0.026967
0.013740
0.026816
0.023113
0.013714
0.026755
0.022926
0.023142
0.017279
0.032923
0.017224
0.032958
0.017333
0.032878
0.017266
0.032894
0.017304
0.033021
0.017348
0.033084
0.017367
0.032926
0.017249
0.032860
0.017389
0.032931
0.017352
0.033041
0.017229
0.032982
0.017269
0.033086
0.017402
0.032876
0.017439
0.032999
0.017397
0.032969
0.017339
0.032940
0.017285
0.033064
0.017306
0.032909
0.017295
0.032912
0.017354
0.033036
0.017276
0.033079
0.017225
0.033099
0.017235
0.033081
0.017329
0.033088
0.017249
0.033036
0.017394
0.032933
0.017359
0.032817
0.017320
0.033045
0.017406
0.032997
0.017338
0.033005
0.017360
0.033030
0.017414
0.032979
0.017388
0.032988
0.017316
0.032946
0.017294
0.033005
0.017263
0.032831
0.017331
0.032944
0.017263
0.033015
0.017385
0.032922
0.017408
