0.011267
0.015735
0.024695
0.024893
0.024899
0.024861
0.024854
0.024884
0.024778
0.024869
0.024786
0.024849
0.024782
0.024781
0.024907
0.024963
0.024788
0.024792
0.024874
0.024843
0.024710
0.024752
0.024874
0.024921
0.024778
0.024844
0.024904
0.024855
0.024858
0.024907
0.024889
0.024949
0.024859
0.024910
0.024793
0.024775
0.024830
0.024901
0.024782
0.024928
0.025019
0.024925
0.024705
0.024918
0.024759
0.024795
0.025043
0.024765
0.024956
0.024770
0.024687
0.024808
0.024880
0.024847
0.024808
0.024994
0.024880
0.024819
0.024772
0.024944
0.024783
0.024802
0.024816
0.024705
0.024903
0.024840
0.024852
0.024849
0.024932
0.024982
0.024812
0.024759
0.024806
0.024937
0.024638
0.024858
0.024944
0.024970
0.024899
0.024787
0.024790
0.024832
0.025029
0.024745
0.024842
0.024774
0.024901
0.024915
0.024865
0.025046
0.024882
0.024829
0.024880
0.024754
0.024814
0.024810
0.024845
0.024883
0.024796
0.024867
0.024981
0.024796
0.024811
0.024964
0.024755
0.024810
0.024903
0.024793
0.024770
0.024743
0.024929
0.024882
0.024830
0.024910
0.024723
0.024849
0.024857
0.025015
0.024769
0.025001
0.024875
0.024763
0.024971
0.024872
0.024820
0.024926
0.024712
0.024738
0.024690
0.024838
0.024921
0.025006
0.024836
0.024908
0.024924
0.024834
0.024946
0.024879
0.024955
0.024873
0.024874
0.024943
0.024755
0.024848
0.024835
0.024648
0.024870
0.024950
0.024729
0.024719
0.024919
0.024963
0.024863
0.025029
0.024916
0.024821
0.024888
0.024980
0.024994
0.024881
0.024930
0.024838
0.024933
0.024977
0.024861
0.024885
0.024903
0.024808
0.024842
0.024758
0.024749
0.024862
0.024848
0.024799
0.024917
0.024790
0.024855
0.024872
0.024759
0.024843
0.024837
0.024983
0.024850
0.024770
0.024811
0.024817
0.024930
0.024894
0.024929
0.024901
0.024897
0.024914
0.024736
0.024815
0.024903
0.024734
0.024894
0.024748
0.024915
0.024909
0.024801
0.024834
0.024812
0.024977
0.024943
0.024935
0.024738
0.024831
0.024821
0.024770
0.024915
0.024957
0.024735
0.024887
0.024885
0.024884
0.024825
0.024875
0.024799
0.024940
0.024919
0.024777
0.024767
0.024916
0.024752
0.024765
0.024703
0.024899
0.024963
0.024839
0.024836
0.024868
0.024848
0.024937
0.024866
0.024786
0.024882
0.024679
0.024788
0.024872
0.024782
0.024849
0.024863
0.024807
0.024940
0.024860
0.024811
0.024928
0.024880
0.024861
0.024935
0.024804
0.024908
0.024965
0.024794
0.024769
0.024958
0.024853
0.024903
0.024850
0.024748
0.024655
0.024746
0.024906
0.024808
0.024800
0.024813
0.024844
0.024896
0.024807
0.024847
0.024753
0.024884
0.024795
0.024927
0.024658
0.024948
0.025023
0.024843
0.024915
0.024904
0.024915
0.024711
0.024727
0.025037
0.024917
0.024861
0.024792
0.024817
0.024819
0.024888
0.025038
0.024763
0.024942
0.024891
0.024947
0.024676
0.024768
0.024792
0.024876
0.025023
0.024847
0.024902
0.024854
0.024919
0.024835
0.024919
0.024873
0.024915
0.024909
0.024865
0.024922
0.024884
0.024795
0.024955
0.024938
0.024839
0.024865
0.024847
0.024845
0.024843
0.024740
0.024981
0.024920
0.024846
0.024847
0.024901
0.025021
0.024944
0.024766
0.024920
0.024861
0.024831
0.024873
0.024956
0.024795
0.024928
0.024918
0.024846
0.024851
0.024794
0.024891
0.024739
0.024837
0.024747
0.024857
0.024923
0.024888
0.024763
0.024794
0.024753
0.024957
0.024830
0.024775
0.024927
0.024914
0.024880
0.024849
0.024763
0.024935
0.024823
0.024747
0.024759
0.024797
0.024768
0.024892
0.024852
0.024719
0.024827
0.024646
0.024826
0.024743
0.024750
0.025015
0.024909
0.024932
0.024833
0.024962
0.024852
0.024873
0.024771
0.024717
0.024862
0.024756
0.024747
0.024782
0.024793
0.024927
0.024755
0.024983
0.024941
0.024912
0.024822
0.024935
0.024869
0.024860
0.024953
0.024909
0.024808
0.024781
0.024803
0.024757
0.024902
0.024857
0.024770
0.024770
0.024720
0.024769
0.024672
0.024905
0.024814
0.024741
0.024863
0.024845
0.024940
0.024898
0.024864
0.024878
0.024924
0.024899
0.024897
0.024932
0.024802
0.024957
0.024832
0.024902
0.024888
0.025043
0.024913
0.024994
0.024801
0.024907
0.024982
0.024861
0.024842
0.024839
0.024736
0.024748
0.024684
0.024764
0.024828
0.024993
0.024906
0.024712
0.024891
0.024753
0.024818
0.024790
0.024975
0.024884
0.024862
0.024856
0.024902
0.024940
0.024872
0.024815
0.024800
0.024963
0.024759
0.024869
0.024706
0.024865
0.024892
0.024815
0.024741
0.024862
0.024802
0.024915
0.024737
0.024854
0.024890
0.024778
0.024855
0.024862
0.024739
0.024943
0.024949
0.024857
0.024683
0.024784
0.024858
0.024896
0.024727
0.024858
0.024918
0.024861
0.024692
0.024861
0.024800
0.024914
0.024988
0.024736
0.024839
0.024959
0.024845
0.024777
0.024759
0.024916
0.024853
0.024876
0.024940
0.024782
0.024777
0.024823
0.024821
0.024831
0.024795
0.024876
0.024823
0.024848
0.024855
0.024834
0.024929
0.024924
0.024816
0.024942
0.024953
0.024987
0.024866
0.024933
0.024704
0.024923
0.024902
0.024791
0.024941
0.024785
0.024976
0.024891
0.024870
0.024832
0.024783
0.024847
0.024772
0.024898
0.024873
0.024650
0.024897
0.024700
0.024775
0.024818
0.025081
0.024805
0.024792
0.024696
0.024894
0.024970
0.024868
0.024927
0.024831
0.024821
0.024754
0.024839
0.024784
0.024837
0.024812
0.024868
0.024877
0.024931
0.024922
0.025016
0.024869
0.024762
0.024892
0.024837
0.024760
0.024854
0.024770
0.024837
0.024752
0.024991
0.024837
0.024898
0.024849
0.024849
0.024800
0.024682
0.024817
0.024674
0.024828
0.024747
0.024911
0.024906
0.024946
0.024909
0.024738
0.024963
0.024847
0.024677
0.025004
0.024745
0.024833
0.024851
0.024786
0.024898
0.024853
0.024812
0.024646
0.024950
0.024772
0.025022
0.024786
0.024940
0.024835
0.024927
0.024582
0.025010
0.024933
0.024925
0.024804
0.024865
0.024949
0.024885
0.024711
0.024901
0.024798
0.024860
0.024905
0.024843
0.024879
0.033194
0.014938
0.018508
0.028506
0.014906
0.026521
0.014940
0.018626
0.026749
0.014915
0.026532
0.014692
0.026657
0.014550
0.026740
0.014873
0.026792
0.014620
0.026751
0.014985
0.026510
0.016508
0.026609
0.014771
0.026449
0.014778
0.026528
0.014908
0.026396
0.014861
0.026454
0.014817
0.018608
0.026818
0.016651
0.026587
0.014830
0.026486
0.014870
0.024965
0.020918
0.020971
0.020981
0.020991
0.021077
0.021244
0.021256
0.021210
0.021129
0.021197
0.021071
0.021153
0.021234
0.021281
0.021283
0.016966
0.026882
0.021076
0.013340
0.027009
0.021075
0.021141
0.021257
0.023052
0.013610
0.026691
0.022750
0.013493
0.026579
0.021200
0.022900
0.013242
0.027042
0.022709
0.013486
0.026638
0.021101
0.022805
0.013312
0.026809
0.021051
0.022834
0.013278
0.026749
0.021190
0.020972
0.012878
0.020214
0.020543
0.020545
0.020546
0.020599
0.020550
0.020521
0.020365
0.020513
0.020491
0.020391
0.020458
0.020492
0.020502
0.020510
0.020458
0.020452
0.020406
0.020480
0.020501
0.020490
0.020549
0.020517
0.020545
0.020452
0.020456
0.020465
0.020417
0.020419
0.020422
0.020588
0.020408
0.020439
0.020476
0.020454
0.020401
0.020372
0.020427
0.020414
0.020823
0.020651
0.020765
0.020759
0.020737
0.020719
0.020764
0.020645
0.020808
0.020805
0.020619
0.020716
0.020684
0.020681
0.020834
0.020793
0.020799
0.020761
0.020736
0.020723
0.020806
0.020773
0.020750
0.020712
0.020880
0.020818
0.020664
0.020539
0.020677
0.020746
0.020682
0.020835
0.020713
0.020630
0.020717
0.020790
0.020737
0.020715
0.020686
0.020667
0.020684
0.020876
0.020736
0.020607
0.020752
0.020759
0.020671
0.020605
0.020667
0.020660
0.020801
0.020867
0.022885
0.024669
0.024724
0.024618
0.024796
0.024755
0.024727
0.024878
0.024744
0.024934
0.024867
0.024876
0.024757
0.024961
0.024877
0.024835
0.024823
0.024841
0.024794
0.024825
0.024672
0.024852
0.024817
0.024783
0.024772
0.024830
0.024783
0.024773
0.024786
0.024771
0.024770
0.024792
0.024703
0.024916
0.024833
0.024786
0.024716
0.024784
0.024869
0.024872
0.024791
0.024786
0.024870
0.024769
0.024850
0.024887
0.024825
0.024878
0.024693
0.024915
0.024808
0.024820
0.024735
0.024725
0.024744
0.024883
0.024738
0.024821
0.024926
0.024737
0.024942
0.024870
0.024741
0.024773
0.024709
0.024794
0.024722
0.024858
0.024827
0.024988
0.024840
0.024689
0.024689
0.024861
0.024795
0.024784
0.024775
0.024847
0.024726
0.024838
0.025003
0.024950
0.024702
0.024884
0.024945
0.024939
0.024717
0.024856
0.024856
0.024736
0.024754
0.024673
0.024698
0.024855
0.024961
0.024776
0.024799
0.024802
0.024853
0.024823
0.024901
0.024914
0.024782
0.024813
0.024772
0.024867
0.024720
0.024862
0.024770
0.024723
0.024890
0.024823
0.024934
0.024812
0.024861
0.024940
0.024727
0.024874
0.024710
0.024795
0.024954
0.024965
0.024709
0.024711
0.024804
0.024948
0.024836
0.024882
0.024693
0.024693
0.024760
0.024679
0.024741
0.024890
0.024826
0.024897
0.024723
0.024795
0.024804
0.024809
0.024766
0.024809
0.024730
0.024794
0.024810
0.024815
0.024761
0.024854
0.024798
0.024805
0.024847
0.024782
0.024819
0.024892
0.022658
0.020577
0.020502
0.020620
0.020590
0.020572
0.020493
0.020610
0.020562
0.020511
0.020502
0.020493
0.020499
0.020567
0.020438
0.020517
0.020435
0.020452
0.020412
0.020464
0.020581
0.020388
0.020417
0.020534
0.020485
0.020539
0.020363
0.020540
0.020559
0.020547
0.020381
0.020396
0.020375
0.020531
0.020436
0.020505
0.020493
0.020473
0.020443
0.020542
0.020700
0.020782
0.020807
0.020729
0.020758
0.020716
0.020661
0.020758
0.020680
0.020821
0.020784
0.020825
0.020726
0.020785
0.020713
0.020688
0.020672
0.020807
0.020680
0.020746
0.020660
0.020760
0.020731
0.020697
0.020747
0.020771
0.020650
0.020693
0.020726
0.020800
0.020863
0.020750
0.020712
0.020753
0.020732
0.020645
0.020844
0.020810
0.020774
0.020766
0.020746
0.020742
0.020780
0.020811
0.020740
0.018655
0.016496
0.016426
0.016509
0.016453
0.016558
0.016421
0.016495
0.020424
0.020533
0.020536
0.020473
0.020401
0.020507
0.020541
0.020383
0.020412
0.020665
0.020569
0.020493
0.020521
0.020389
0.020498
0.020412
0.020385
0.020477
0.020505
0.020445
0.020428
0.020435
0.020515
0.020376
0.020478
0.020296
0.020592
0.020617
0.020504
0.020484
0.020541
0.020365
0.020590
0.020619
0.020766
0.020840
0.020957
0.020856
0.020875
0.020732
0.020821
0.020748
0.020877
0.020739
0.020911
0.020924
0.020850
0.020820
0.020851
0.020756
0.020888
0.020749
0.020943
0.020783
0.020876
0.020839
0.020866
0.020753
0.020822
0.020764
0.020753
0.020697
0.020780
0.020831
0.020745
0.020700
0.020892
0.020762
0.020756
0.020781
0.020767
0.020713
0.020758
0.020767
0.020791
0.020697
0.020824
0.020857
0.020920
0.020628
0.020715
0.020793
0.020900
0.020796
0.020891
0.020790
0.024693
0.024793
0.024840
0.024755
0.024735
0.024627
0.024732
0.024743
0.024826
0.024720
0.024685
0.024838
0.024941
0.024818
0.024858
0.024698
0.024907
0.024867
0.024701
0.024833
0.024902
0.024831
0.024726
0.024786
0.024866
0.024862
0.024892
0.024769
0.024851
0.024795
0.024813
0.024906
0.024711
0.024801
0.024885
0.024732
0.024915
0.024907
0.024848
0.024729
0.024862
0.024607
0.024852
0.024740
0.024798
0.024812
0.024698
0.024803
0.024808
0.024769
0.024942
0.024823
0.024687
0.024863
0.024714
0.024830
0.024857
0.024785
0.024767
0.024793
0.024720
0.024953
0.024784
0.024811
0.024765
0.024777
0.024857
0.024732
0.024770
0.024830
0.024798
0.024798
0.024717
0.024751
0.024739
0.024903
0.024688
0.024744
0.024843
0.024926
0.025041
0.024772
0.024739
0.024968
0.024911
0.024812
0.024913
0.024855
0.024668
0.024845
0.024763
0.024897
0.024735
0.024814
0.024860
0.024864
0.024825
0.024946
0.024943
0.024780
0.024809
0.024701
0.024805
0.024734
0.024771
0.024874
0.024796
0.024793
0.024787
0.024974
0.024875
0.024920
0.024956
0.024899
0.024931
0.024728
0.024895
0.024850
0.024916
0.024716
0.024854
0.024904
0.024806
0.024909
0.024807
0.024955
0.025093
0.024955
0.024919
0.024790
0.024771
0.024875
0.024990
0.024867
0.024891
0.024963
0.024996
0.024899
0.024704
0.024807
0.024789
0.024653
0.024852
0.024852
0.024850
0.024886
0.024626
0.024646
0.024700
0.024882
0.024741
0.024836
0.024900
0.024858
0.024847
0.024862
0.024831
0.024695
0.024727
0.024716
0.024791
0.024825
0.024786
0.024799
0.024825
0.024776
0.024852
0.024805
0.024731
0.024769
0.024783
0.024969
0.024848
0.024751
0.024700
0.024908
0.024823
0.024899
0.024868
0.024813
0.024931
0.024759
0.024922
0.024609
0.024894
0.024833
0.024887
0.024787
0.024726
0.024828
0.024842
0.024904
0.024900
0.024756
0.024700
0.024963
0.024824
0.024815
0.024722
0.024986
0.024963
0.024766
0.020502
0.020664
0.020439
0.020468
0.020602
0.020484
0.020458
0.020443
0.020453
0.020438
0.020485
0.020475
0.020415
0.020421
0.020308
0.020564
0.020522
0.020373
0.020436
0.020429
0.020302
0.020432
0.020510
0.020478
0.020426
0.020459
0.020447
0.020403
0.020470
0.020375
0.020445
0.020472
0.020528
0.020327
0.020468
0.020380
0.020440
0.020461
0.020469
0.020748
0.020843
0.020791
0.020624
0.020696
0.020615
0.020786
0.020671
0.020693
0.020696
0.020618
0.020715
0.020731
0.020792
0.020823
0.020756
0.020642
0.020743
0.020799
0.020681
0.020744
0.020793
0.020725
0.020691
0.020709
0.020731
0.020798
0.020839
0.020748
0.020742
0.020695
0.020710
0.020856
0.020777
0.020770
0.020855
0.020856
0.020732
0.020731
0.020721
0.020768
0.020680
0.020770
0.020789
0.020718
0.020735
0.020761
0.020664
0.020796
0.020751
0.020842
0.020839
0.020847
0.024769
0.024813
0.024649
0.024909
0.024707
0.024856
0.024803
0.024924
0.024883
0.024926
0.024770
0.024767
0.024702
0.024935
0.024745
0.025038
0.024804
0.024743
0.024819
0.024693
0.024876
0.024727
0.024819
0.024753
0.024765
0.024801
0.024725
0.024860
0.024896
0.024943
0.024721
0.024856
0.024724
0.024762
0.024669
0.024656
0.024929
0.024891
0.024699
0.024815
0.024854
0.024847
0.024921
0.024857
0.024852
0.024777
0.024722
0.024831
0.024690
0.024771
0.024782
0.024793
0.024809
0.024881
0.024606
0.024798
0.024722
0.025001
0.024728
0.024928
0.024857
0.024926
0.024839
0.024909
0.024648
0.024956
0.024741
0.024956
0.024795
0.024836
0.024653
0.024858
0.024912
0.024682
0.024779
0.024922
