0.006025
0.020356
0.024788
0.024825
0.024788
0.025029
0.024820
0.024873
0.024893
0.024792
0.025067
0.024914
0.025029
0.024745
0.025017
0.025016
0.024791
0.024691
0.025033
0.024997
0.024825
0.025007
0.024962
0.024754
0.025002
0.024762
0.024876
0.024749
0.024872
0.024911
0.024873
0.025006
0.024885
0.024799
0.025123
0.024683
0.024927
0.024841
0.024971
0.024962
0.025023
0.024735
0.024926
0.025003
0.024944
0.024822
0.024852
0.024940
0.024970
0.024893
0.024862
0.024868
0.024949
0.024855
0.024900
0.024888
0.025013
0.024915
0.024973
0.024826
0.024822
0.024963
0.024896
0.024875
0.025020
0.024998
0.025054
0.025034
0.024904
0.024747
0.024944
0.024795
0.025088
0.024949
0.024977
0.025016
0.024944
0.024865
0.024857
0.024933
0.025165
0.024940
0.025042
0.024935
0.024828
0.024842
0.024870
0.024955
0.025002
0.024904
0.024932
0.025011
0.024984
0.024856
0.024914
0.024911
0.025032
0.024843
0.024912
0.025031
0.024961
0.024774
0.024962
0.024995
0.024875
0.024740
0.024920
0.024755
0.024952
0.024764
0.024929
0.024912
0.024954
0.024983
0.024940
0.024796
0.024887
0.024923
0.025055
0.024856
0.024890
0.024753
0.024746
0.024662
0.024963
0.024746
0.024971
0.024674
0.024991
0.024975
0.024809
0.024986
0.024997
0.025007
0.024906
0.024986
0.024957
0.024970
0.024738
0.024798
0.024795
0.024958
0.024947
0.024814
0.024864
0.024977
0.024971
0.024894
0.025049
0.024729
0.025072
0.024877
0.024716
0.025056
0.024818
0.024882
0.024961
0.024851
0.024972
0.024914
0.024967
0.024886
0.024816
0.024901
0.024896
0.024829
0.025010
0.024920
0.025030
0.024991
0.024832
0.024690
0.024874
0.024866
0.024903
0.025038
0.024928
0.024915
0.024882
0.024917
0.024917
0.024994
0.025042
0.024860
0.024865
0.024850
0.024917
0.024757
0.025079
0.024794
0.024988
0.024772
0.024918
0.025044
0.024784
0.024869
0.024845
0.025043
0.024956
0.025009
0.024935
0.024812
0.020530
0.020756
0.020723
0.020573
0.020482
0.020583
0.020520
0.020549
0.020691
0.020633
0.020552
0.020554
0.020453
0.020540
0.020416
0.020808
0.020887
0.020730
0.020656
0.020820
0.020633
0.020782
0.020695
0.021029
0.020701
0.020914
0.020629
0.021064
0.020661
0.020958
0.020691
0.021058
0.020847
0.020830
0.020647
0.020863
0.020765
0.020671
0.020759
0.021166
0.021320
0.021085
0.021323
0.021173
0.021051
0.021189
0.020867
0.020977
0.020906
0.021087
0.020961
0.021254
0.020778
0.021068
0.020938
0.021331
0.020998
0.021039
0.018983
0.020940
0.021270
0.021337
0.021252
0.013468
0.024935
0.017113
0.023531
0.026584
0.021366
0.013465
0.024997
0.017070
0.024973
0.017120
0.024962
0.021002
0.017340
0.023290
0.027047
0.013306
0.024903
0.017159
0.023509
0.026641
0.013455
0.023445
0.026556
0.013386
0.032594
0.017506
0.032690
0.017383
0.032786
0.017566
0.032606
0.017375
0.032698
0.017411
0.032862
0.017363
0.032852
0.017474
0.032669
0.017370
0.032623
0.017553
0.032692
0.017508
0.032804
0.017337
0.032787
0.017428
0.032844
0.017547
0.032633
0.017547
0.032765
0.017536
0.032749
0.017452
0.032705
0.017424
0.032850
0.017552
0.032636
0.017448
0.032677
0.017525
0.032796
0.017435
0.032810
0.017412
0.032879
0.017380
0.032827
0.017529
0.032795
0.017455
0.032766
0.017568
0.032696
0.017516
0.032590
0.017502
0.032820
0.017647
0.032722
0.017549
0.032784
0.017534
0.032835
0.017507
0.032766
0.017573
0.032762
0.017482
0.032706
0.017416
0.032762
0.017443
0.032583
0.017500
0.032715
0.017465
0.032750
0.017542
0.032686
0.017549
0.024772
0.019068
0.018672
0.024914
0.018676
0.019041
0.024729
0.020692
0.019006
0.026586
0.020833
0.020963
0.016867
0.016726
0.024612
0.018952
0.018818
0.023240
0.026194
0.015061
0.018473
0.024700
0.018779
0.026838
0.015261
0.018615
0.024640
0.018798
0.018822
0.024914
0.018794
0.018801
0.024668
0.018671
0.018717
0.024707
0.018745
0.018863
0.023392
0.021251
0.018954
0.023423
0.021443
0.021339
0.022815
0.025169
0.013384
0.024935
0.017089
0.023556
0.022924
0.024916
0.013243
0.024995
0.016984
0.024959
0.017050
0.024944
0.025082
0.013292
0.024901
0.017175
0.025154
0.017120
0.023512
0.026584
0.013395
0.023207
0.026649
0.013456
0.024800
0.017065
0.023461
0.026752
0.013358
0.028693
0.013481
0.023293
0.026749
0.013323
0.024926
0.017079
0.023416
0.026746
0.013423
0.023220
0.026611
0.013409
0.022922
0.030800
0.021144
0.032853
0.017359
0.032908
0.017424
0.032773
0.017467
0.032741
0.017514
0.032752
0.017348
0.032733
0.017444
0.032889
0.017436
0.032723
0.017479
0.032715
0.017504
0.032639
0.017418
0.032788
0.017575
0.032718
0.017453
0.032944
0.017493
0.032689
0.017511
0.032689
0.017384
0.032827
0.015563
0.031007
0.021079
0.032789
0.017300
0.032827
0.017455
0.032775
0.017493
0.032701
0.017467
0.032706
0.017413
0.032734
0.017601
0.032789
0.017487
0.032897
0.017385
0.032868
0.017540
0.032760
0.017437
0.032768
0.017500
0.032841
0.017425
0.032775
0.017468
0.032671
0.017373
0.032828
0.017396
0.032691
0.017364
0.032727
0.017537
0.032734
0.017501
0.032749
0.017390
0.032716
0.017467
0.032844
0.017560
0.033003
0.017475
0.032724
0.017381
0.032937
0.017416
0.032735
0.017539
0.032869
0.017497
0.032768
0.017437
0.032850
0.017542
0.032651
0.017502
0.032608
0.017579
0.032654
0.017486
0.032745
0.017537
0.032636
0.017455
0.032774
0.017517
0.032752
0.017543
0.032795
0.017468
0.032622
0.017341
0.032768
0.017374
0.032676
0.017478
0.032761
0.017424
0.032687
0.017513
0.032716
0.017426
0.032761
0.017504
0.032748
0.017539
0.032782
0.017466
0.032831
0.017494
0.032670
0.017528
0.032777
0.017473
0.032809
0.017451
0.032664
0.017492
0.032631
0.017495
0.032676
0.017339
0.032895
0.017427
0.032842
0.017381
0.032778
0.017445
0.032706
0.017381
0.032692
0.017493
0.032699
0.017350
0.032830
0.017503
0.032796
0.017475
0.032641
0.017479
0.032824
0.017593
0.032673
0.017341
0.032845
0.017446
0.032758
0.017473
0.032918
0.017471
0.032807
0.017520
0.032735
0.017457
0.032797
0.017463
0.032757
0.017498
0.032677
0.017399
0.032686
0.017275
0.032747
0.017495
0.032606
0.017592
0.032768
0.017434
0.032784
0.017446
0.032812
0.017465
0.032709
0.017491
0.032653
0.017467
0.032750
0.017516
0.032818
0.017456
0.032817
0.017485
0.032751
0.017394
0.032803
0.017446
0.032842
0.017401
0.032878
0.017475
0.032759
0.017445
0.032788
0.017457
0.032838
0.017511
0.032972
0.017539
0.032835
0.017471
0.032767
0.017562
0.032784
0.017507
0.032816
0.017437
0.032763
0.017284
0.032784
0.017490
0.032715
0.017294
0.032854
0.017360
0.032780
0.017496
0.032730
0.017388
0.032669
0.017412
0.032950
0.017532
0.032821
0.017583
0.032639
0.017541
0.032753
0.017501
0.032864
0.017520
0.032820
0.017493
0.032743
0.017542
0.032944
0.017433
0.032881
0.017487
0.032642
0.017553
0.032786
0.017529
0.032896
0.017521
0.032657
0.017386
0.032961
0.017460
0.032699
0.017385
0.032748
0.017453
0.032841
0.017356
0.032847
0.017366
0.032749
0.017388
0.032771
0.017523
0.032842
0.017470
0.032766
0.017304
0.032804
0.017465
0.032719
0.017385
0.032678
0.017441
0.032712
0.017550
0.032701
0.017493
0.032723
0.017570
0.032803
0.017629
0.032846
0.017366
0.032852
0.017554
0.032747
0.017524
0.032779
0.017436
0.032789
0.017601
0.032667
0.017395
0.032827
0.017460
0.032717
0.017457
0.032738
0.017404
0.032837
0.017489
0.032929
0.017421
0.032914
0.017322
0.032704
0.017513
0.032946
0.017432
0.032757
0.017546
0.032746
0.017524
0.032839
0.017465
0.032736
0.017467
0.032691
0.017475
0.032756
0.017368
0.032659
0.017492
0.032901
0.017624
0.032784
0.017417
0.032819
0.017358
0.032688
0.017537
0.032783
0.017501
0.032773
0.017541
0.032809
0.017414
0.032842
0.017560
0.032885
0.017495
0.032797
0.017638
0.032776
0.017473
0.032663
0.017535
0.032856
0.017427
0.032702
0.017418
0.032791
0.017459
0.032724
0.017509
0.032750
0.017593
0.032893
0.017486
0.032660
0.017449
0.032621
0.017524
0.032882
0.017494
0.032693
0.017373
0.032801
0.017482
0.032890
0.017381
0.032754
0.017499
0.032775
0.017479
0.032767
0.017408
0.032729
0.017431
0.032754
0.017453
0.032891
0.017464
0.032811
0.017442
0.032732
0.017537
0.032680
0.017496
0.032806
0.017613
0.032860
0.017530
0.032770
0.017435
0.032755
0.017423
0.032720
0.017457
0.032652
0.017345
0.032865
0.017543
0.032817
0.017465
0.032867
0.017371
0.032905
0.017495
0.032724
0.017572
0.032801
0.017426
0.032643
0.017501
0.032712
0.017544
0.032836
0.017500
0.032677
0.017391
0.032913
0.017531
0.032902
0.017500
0.032959
0.017625
0.032935
0.017540
0.032917
0.017503
0.032896
0.017481
0.032688
0.017502
0.032807
0.017496
0.032748
0.017508
0.032644
0.017460
0.032599
0.017474
0.032782
0.017370
0.032836
0.017498
0.032769
0.017446
0.032804
0.017429
0.032955
0.017455
0.032989
0.017432
0.032733
0.017336
0.032803
0.017363
0.032913
0.017491
0.032856
0.017534
0.032832
0.017493
0.032797
0.017463
0.032796
0.017508
0.032660
0.017392
0.032821
0.017415
0.032716
0.017446
0.032786
0.017564
0.032748
0.017432
0.032710
0.017561
0.032900
0.017581
0.032725
0.017445
0.032540
0.017503
0.032737
0.017450
0.032721
0.017378
0.032782
0.017587
0.032796
0.017476
0.032756
0.017468
0.032615
0.017484
0.032596
0.017540
0.032685
0.017426
0.032971
0.025130
0.017572
0.032858
0.017567
0.032581
0.017451
0.032717
0.017545
0.032769
0.017502
0.032889
0.017384
0.032730
0.017449
0.032830
0.017486
0.032724
0.017421
0.032787
0.017528
0.032773
0.017498
0.032695
0.017454
0.032776
0.017506
0.032722
0.017522
0.032813
0.017548
0.032731
0.017557
0.032824
0.017462
0.032805
0.017431
0.032849
0.017561
0.032681
0.017553
0.032771
0.017442
0.032700
0.017457
0.032796
0.017474
0.032708
0.017518
0.032611
0.017513
0.032666
0.017533
0.032627
0.017558
0.032932
0.017455
0.032790
0.017415
0.032854
0.017466
0.032727
0.017359
0.032786
0.017467
0.032734
0.017485
0.032810
0.017509
0.032654
0.017458
0.032788
0.017497
0.032730
0.017437
0.032725
0.017467
0.032724
0.017547
0.032785
0.017441
0.032884
0.017437
0.032737
0.017488
0.032696
0.017486
0.032828
0.017468
0.032618
0.017433
0.032741
0.017550
0.032781
0.017509
0.032736
0.017572
0.032814
0.017540
0.032840
0.017497
0.030392
0.021025
0.020689
0.020592
0.020808
0.020978
0.020684
0.020590
0.020965
0.020595
0.020736
0.020972
0.020695
0.020599
0.020939
0.020672
0.020938
0.020611
0.020809
0.020537
0.020821
0.020612
0.020680
0.020881
0.020707
0.020988
0.020635
0.020816
0.020640
0.020871
0.020686
0.020590
0.020823
0.020823
0.020497
0.020912
0.020648
0.020876
0.020682
0.020807
0.021180
0.021168
0.021283
0.021074
0.020843
0.021277
0.021312
0.021307
0.021166
0.020902
0.021201
0.021267
0.021015
0.020858
0.021121
0.021175
0.020872
0.021259
0.021297
0.020903
0.021241
0.021127
0.020906
0.021240
0.021228
0.020878
0.021152
0.020877
0.021139
0.020911
0.021073
0.020749
0.021051
0.020883
0.021072
0.020879
0.021277
0.020891
0.021174
0.021177
0.020796
0.021079
0.021017
0.020786
0.021297
0.020895
0.021217
0.021136
0.020830
0.020794
0.020907
0.020923
0.020701
0.020720
0.020603
0.020969
0.020613
0.020862
0.020612
0.020982
0.020704
0.020702
0.020934
0.020895
0.020776
0.020777
0.020806
0.020561
0.020768
0.020645
0.020718
0.020808
0.020712
0.020892
0.020697
0.020926
0.020611
0.020922
0.020543
0.020978
0.020725
0.021007
0.020627
0.020549
0.020794
0.020703
0.020954
0.020793
0.021214
0.020863
0.021181
0.021403
0.021294
0.021157
0.021131
0.021163
0.021091
0.020657
0.021317
0.021222
0.021144
0.020939
0.021201
0.021336
0.021203
0.021212
0.021301
0.021224
0.020906
0.021241
0.021129
0.020691
0.021183
0.021263
0.021248
0.020827
0.021118
0.020830
0.021180
0.020956
0.021150
0.021119
0.020936
0.021166
0.021089
0.020863
0.021292
0.021119
0.020772
0.021296
0.021193
0.020841
0.021234
0.021017
0.021199
0.021184
0.020731
0.025119
0.024936
0.024807
0.025301
0.024789
0.025286
0.024773
0.025251
0.024866
0.025207
0.024873
0.025407
0.024783
0.025433
0.024926
0.025105
0.024801
0.025265
0.024854
0.025300
0.024971
0.025258
0.024851
0.025221
0.024738
0.025282
0.024843
0.025165
0.024762
0.025308
0.024870
0.025401
0.024735
0.025396
0.024845
0.025223
0.025027
0.025238
0.024911
0.025197
0.024848
0.025191
0.024937
0.025256
0.024973
0.025118
0.024923
0.025219
0.024777
0.025260
0.024823
0.025190
0.024766
0.025232
0.024821
0.025307
0.024916
0.025192
0.024800
0.025137
0.024926
0.025202
0.024777
0.025394
0.024918
0.025301
0.024992
0.025282
0.024889
0.025339
0.024873
0.025192
0.024765
0.025160
0.024888
0.025144
0.024806
0.025314
0.024804
0.025297
0.024795
0.025115
0.024845
0.025222
0.024819
0.025219
0.025023
0.025218
0.024859
0.025150
0.024940
0.025219
0.025015
0.025153
0.024846
0.025274
0.024858
0.025338
0.024981
0.025203
0.024977
0.025248
0.024808
0.025175
0.024944
0.025265
0.024968
0.025357
0.024746
0.025149
0.024873
0.025377
0.024747
0.025221
0.024861
0.025241
0.024794
0.025433
0.024821
0.025226
0.024906
0.025295
0.024883
0.025140
0.025007
0.025273
0.024905
0.025254
0.024961
0.025306
0.024742
0.025243
0.024691
0.025251
0.024845
0.025209
0.024981
0.025119
0.025012
0.025297
0.024810
0.025420
0.024771
0.025218
0.024881
0.025192
0.024845
0.025187
0.024927
0.025211
0.024870
0.025177
0.024773
0.025285
0.024973
0.025328
0.024835
0.025238
0.020917
0.020608
0.020747
0.020949
0.020777
0.020988
0.020680
0.020606
0.020951
0.020715
0.020581
0.020830
0.020692
0.020648
0.021095
0.020548
0.020908
0.020641
0.020868
0.020493
0.020920
0.020610
0.020759
0.020830
0.020588
0.020884
0.020651
0.020933
0.020610
0.020981
0.020639
0.020619
0.020772
0.020658
0.020892
0.020604
0.020937
0.020639
0.020824
0.020896
0.021224
0.020886
0.021243
0.021313
0.021194
0.021213
0.021274
0.021172
0.021259
0.021316
0.021326
0.021372
0.021382
0.021322
0.021257
0.021362
0.021270
0.021306
0.021279
0.021301
0.021259
0.021387
0.021207
0.021267
0.021150
0.020764
0.021261
0.021289
0.020856
0.021200
0.021294
0.020894
0.021189
0.021154
0.020819
0.021181
0.021351
0.021151
0.021133
0.020905
0.021285
0.020851
0.021106
0.021107
0.020739
0.021141
0.021271
