0.014627
0.022980
0.029143
0.021164
0.029054
0.021164
0.029146
0.021078
0.029070
0.021146
0.029075
0.021257
0.029075
0.021296
0.029185
0.021102
0.029002
0.021086
0.029169
0.021109
0.029204
0.021197
0.029010
0.021187
0.029100
0.021258
0.029210
0.021182
0.029208
0.021188
0.029156
0.021212
0.029120
0.021188
0.029081
0.021291
0.029075
0.021159
0.029069
0.021108
0.029145
0.021220
0.029068
0.021213
0.029020
0.021301
0.029070
0.021250
0.029230
0.021219
0.029007
0.021204
0.029180
0.021193
0.029065
0.021078
0.029128
0.021205
0.029304
0.021151
0.029214
0.021209
0.029102
0.021220
0.029211
0.021179
0.029200
0.021188
0.029126
0.021153
0.029089
0.021163
0.029077
0.021076
0.029052
0.021212
0.029111
0.021176
0.029159
0.021141
0.029210
0.014918
0.028742
0.019001
0.014996
0.028579
0.019119
0.014752
0.020666
0.028834
0.017196
0.020433
0.020916
0.016927
0.026792
0.014786
0.028718
0.019020
0.022690
0.017106
0.024304
0.018984
0.014771
0.028528
0.017318
0.024589
0.019022
0.014709
0.028684
0.019047
0.014905
0.028545
0.018990
0.014732
0.028442
0.018985
0.014824
0.028521
0.019086
0.022856
0.021355
0.019452
0.022980
0.021413
0.021296
0.013394
0.025561
0.022837
0.014971
0.027153
0.023119
0.013404
0.025438
0.022799
0.015078
0.027016
0.014954
0.027073
0.015040
0.025512
0.022790
0.014998
0.027188
0.015077
0.027183
0.023007
0.017336
0.023099
0.022890
0.017281
0.023239
0.014888
0.027119
0.023093
0.017397
0.023102
0.018982
0.023325
0.022966
0.017406
0.023147
0.014963
0.027102
0.023003
0.017412
0.023070
0.022873
0.017349
0.023178
0.023056
0.018874
0.033055
0.021240
0.028997
0.021261
0.029102
0.021187
0.029059
0.021189
0.029088
0.021256
0.028982
0.021190
0.029123
0.021272
0.029118
0.021219
0.029119
0.021131
0.029149
0.021147
0.029049
0.021247
0.029207
0.021208
0.029083
0.021313
0.029179
0.021120
0.029172
0.021162
0.028982
0.021224
0.027426
0.019033
0.033084
0.021205
0.028933
0.021278
0.029123
0.021225
0.029127
0.021144
0.029146
0.021124
0.029061
0.021192
0.029294
0.021181
0.029197
0.021280
0.029049
0.021353
0.029211
0.021151
0.029143
0.021167
0.029202
0.021255
0.029115
0.021224
0.029131
0.021158
0.029031
0.021307
0.029015
0.021167
0.028977
0.021173
0.029153
0.021216
0.029149
0.021245
0.029036
0.021134
0.029099
0.021251
0.029224
0.021342
0.029138
0.021208
0.029035
0.021296
0.029124
0.021193
0.029245
0.021334
0.029171
0.021241
0.029105
0.021229
0.029161
0.021151
0.029097
0.021148
0.029186
0.021144
0.029122
0.021206
0.029147
0.021123
0.029068
0.021221
0.029132
0.021245
0.029192
0.021225
0.029141
0.021142
0.029011
0.021240
0.029051
0.021152
0.029093
0.021188
0.029066
0.021152
0.029104
0.021184
0.029025
0.021228
0.029119
0.021214
0.029132
0.021212
0.029140
0.021312
0.029061
0.021165
0.029174
0.021255
0.029187
0.021208
0.029158
0.021176
0.029106
0.021108
0.029104
0.021138
0.029003
0.021312
0.029064
0.021256
0.029055
0.021213
0.029098
0.021183
0.029084
0.021124
0.029084
0.021174
0.029016
0.021235
0.029196
0.021208
0.029128
0.021095
0.029145
0.021187
0.029268
0.021125
0.028976
0.021234
0.029137
0.021235
0.029102
0.021378
0.029167
0.021245
0.029127
0.021147
0.029124
0.021223
0.029113
0.021253
0.029125
0.021170
0.028998
0.021149
0.028942
0.021186
0.029063
0.021091
0.029258
0.021185
0.029089
0.021201
0.029120
0.021231
0.029102
0.021216
0.029117
0.021140
0.029146
0.021259
0.029135
0.021279
0.029079
0.021237
0.029129
0.021195
0.029045
0.021273
0.029097
0.021223
0.029053
0.021252
0.029134
0.021149
0.029129
0.021216
0.029072
0.021275
0.029133
0.021304
0.029259
0.021252
0.029137
0.021182
0.029165
0.021271
0.029111
0.021227
0.029113
0.021167
0.028973
0.021220
0.029160
0.021188
0.028962
0.021322
0.029050
0.021247
0.029140
0.021197
0.029058
0.021122
0.029082
0.021329
0.029209
0.021224
0.029264
0.021156
0.029191
0.021233
0.029106
0.021219
0.029205
0.021291
0.029107
0.021159
0.029292
0.021315
0.029123
0.021311
0.029143
0.021104
0.029142
0.021235
0.029252
0.021312
0.029227
0.021130
0.028974
0.021422
0.029164
0.021117
0.028936
0.021204
0.029129
0.021269
0.029098
0.021238
0.029047
0.021266
0.028999
0.021226
0.029175
0.021191
0.029150
0.021178
0.029023
0.021222
0.029122
0.021172
0.028987
0.021122
0.029180
0.021176
0.029132
0.021177
0.029180
0.021124
0.029275
0.021212
0.029279
0.021248
0.029129
0.021313
0.029190
0.021208
0.029154
0.021308
0.029020
0.021292
0.029256
0.021137
0.028994
0.021267
0.029124
0.021111
0.029123
0.021275
0.029035
0.021290
0.029146
0.021363
0.029071
0.021323
0.029030
0.021149
0.029142
0.021336
0.029171
0.021206
0.029273
0.021178
0.029157
0.021277
0.029064
0.021151
0.029083
0.021091
0.029133
0.021222
0.029008
0.021113
0.029155
0.021264
0.029340
0.021247
0.029077
0.021257
0.029054
0.021152
0.029132
0.021212
0.029188
0.021247
0.029140
0.021252
0.029116
0.021236
0.029167
0.021358
0.029188
0.021194
0.029300
0.021338
0.029111
0.021200
0.029227
0.021312
0.029101
0.021178
0.029069
0.021191
0.029097
0.021201
0.029206
0.021220
0.029181
0.021273
0.029201
0.021131
0.029115
0.021067
0.029134
0.021247
0.029132
0.021172
0.029049
0.021224
0.029236
0.021308
0.029067
0.021235
0.029135
0.021246
0.029150
0.021180
0.029033
0.021213
0.029073
0.021246
0.029136
0.021309
0.029140
0.021254
0.029039
0.021181
0.029183
0.021147
0.029096
0.021254
0.029239
0.021294
0.029263
0.021246
0.029140
0.021164
0.029066
0.021133
0.029123
0.021113
0.029062
0.021280
0.029166
0.021192
0.029183
0.021309
0.029074
0.021341
0.029164
0.021163
0.029207
0.021311
0.029044
0.021183
0.029123
0.021179
0.029195
0.021308
0.029104
0.021183
0.029082
0.021312
0.029230
0.021309
0.029181
0.021316
0.029315
0.021330
0.029234
0.021340
0.029171
0.021249
0.029164
0.021202
0.029156
0.021215
0.029155
0.021208
0.029090
0.021152
0.029084
0.021101
0.029149
0.021216
0.029103
0.021231
0.029151
0.021278
0.029146
0.021302
0.029081
0.021380
0.029156
0.021369
0.029149
0.021188
0.028965
0.021333
0.028965
0.021342
0.029196
0.021271
0.029156
0.021248
0.029188
0.021233
0.029088
0.021289
0.029185
0.021122
0.029093
0.021243
0.029050
0.021151
0.029154
0.021209
0.029245
0.021198
0.029063
0.021179
0.029149
0.021301
0.029217
0.021131
0.029091
0.021047
0.029108
0.021264
0.029113
0.021202
0.029080
0.021230
0.029236
0.021202
0.029130
0.021189
0.029135
0.021125
0.029049
0.021142
0.029150
0.021194
0.029140
0.021333
0.025020
0.029455
0.021264
0.029137
0.021040
0.029104
0.021147
0.029182
0.021245
0.029189
0.021336
0.029178
0.021154
0.029146
0.021230
0.029119
0.021147
0.029131
0.021229
0.029199
0.021229
0.029087
0.021182
0.029070
0.021205
0.029136
0.021191
0.029151
0.021263
0.029178
0.021163
0.029322
0.021291
0.029179
0.021229
0.029119
0.021255
0.029269
0.021120
0.029147
0.021235
0.029154
0.021150
0.029112
0.021273
0.029161
0.021191
0.029106
0.021145
0.029072
0.021192
0.029104
0.021155
0.029175
0.021349
0.029146
0.021199
0.029105
0.021261
0.029169
0.021228
0.029035
0.021225
0.029172
0.021168
0.029150
0.021233
0.029223
0.021132
0.029080
0.021267
0.029130
0.021245
0.029052
0.021192
0.029140
0.021147
0.029193
0.021228
0.029105
0.021303
0.029145
0.021186
0.029093
0.021154
0.029223
0.021238
0.029178
0.021100
0.029108
0.021179
0.029230
0.021248
0.029210
0.021179
0.029232
0.021259
0.029203
0.021320
0.029099
0.018902
0.016683
0.028717
0.019022
0.020644
0.015278
0.028385
0.018988
0.016779
0.018771
0.028706
0.015237
0.018799
0.028419
0.015086
0.026716
0.015225
0.026569
0.014911
0.026696
0.014919
0.018716
0.026943
0.014945
0.026761
0.015010
0.028360
0.014978
0.026625
0.015041
0.018655
0.028638
0.015047
0.026727
0.018882
0.015015
0.028247
0.015036
0.018775
0.027034
0.021271
0.021281
0.021263
0.016816
0.025211
0.021323
0.021311
0.023013
0.015205
0.025206
0.021332
0.022984
0.015140
0.025307
0.022799
0.013630
0.026867
0.023033
0.015286
0.025291
0.022945
0.015199
0.025309
0.022946
0.015198
0.026990
0.015228
0.026905
0.015212
0.026981
0.015155
0.026842
0.015107
0.026892
0.015119
0.026889
0.013761
0.026813
0.023022
0.013682
0.026810
0.022904
0.015071
0.026838
0.013635
0.027023
0.022898
0.015254
0.026928
0.015191
0.018652
0.025070
0.020487
0.019119
0.018820
0.024891
0.016852
0.024745
0.016905
0.024746
0.019037
0.018809
0.023294
0.026605
0.015095
0.018667
0.024754
0.016894
0.024511
0.018765
0.018818
0.024827
0.016958
0.024812
0.016973
0.024824
0.016916
0.024765
0.016881
0.024777
0.016923
0.023343
0.018490
0.028528
0.016832
0.016978
0.024757
0.016975
0.025009
0.017196
0.021461
0.020916
0.021796
0.021236
0.021338
0.022922
0.021384
0.026514
0.013498
0.021387
0.022966
0.026999
0.013478
0.021332
0.021361
0.021222
0.021288
0.023173
0.026941
0.013449
0.022991
0.026810
0.013413
0.023316
0.023065
0.017026
0.024940
0.017087
0.023475
0.026676
0.013453
0.023143
0.026998
0.013380
0.023008
0.026949
0.013518
0.023367
0.026556
0.013455
0.024897
0.017149
0.023491
0.026774
0.013442
0.023134
0.026767
0.019549
0.020835
0.033041
0.017255
0.032984
0.017209
0.032936
0.017202
0.033045
0.017206
0.032988
0.017405
0.032913
0.017368
0.033173
0.017165
0.032871
0.017254
0.033012
0.017266
0.033059
0.017242
0.033064
0.017201
0.032847
0.017173
0.033040
0.017236
0.032879
0.017184
0.033176
0.017286
0.033033
0.017305
0.033065
0.017150
0.033186
0.017250
0.033146
0.017202
0.032933
0.017206
0.033036
0.017268
0.033116
0.017187
0.032982
0.017246
0.032949
0.017215
0.033056
0.017191
0.032875
0.017179
0.033056
0.017272
0.033094
0.017222
0.032925
0.017139
0.032976
0.017232
0.032939
0.017294
0.033115
0.017243
0.033176
0.017278
0.033017
0.017225
0.033072
0.017227
0.032899
0.017185
0.032940
0.017202
0.032964
0.017197
0.033068
0.017242
0.033014
0.017222
0.032941
0.017189
0.032996
0.017162
0.033148
0.017187
0.032957
0.017229
0.033034
0.017164
0.033145
0.017202
0.032932
0.017254
0.033048
0.017199
0.033160
0.017241
0.033060
0.017261
0.033004
0.017202
0.033095
0.017287
0.033051
0.017254
0.032995
0.017148
0.032907
0.017327
0.033075
0.017203
0.032998
0.017206
0.032969
0.017303
0.033043
0.017158
0.033012
0.017285
0.032991
0.017213
0.033027
0.017236
0.033077
0.017222
0.033125
0.017329
0.032957
0.017179
0.032894
0.017198
0.033005
0.017273
0.033059
0.017180
0.033109
0.017224
0.033008
0.017314
0.032985
0.017190
0.033066
0.017176
0.032999
0.017175
0.033054
0.017152
0.033091
0.017191
0.032900
0.017330
0.033077
0.017335
0.032999
0.017243
0.030712
0.018974
0.020702
0.015258
0.028584
0.015102
0.018733
0.028576
0.015228
0.018761
0.028560
0.015156
0.018575
0.026932
0.015086
0.026764
0.014910
0.028425
0.013464
0.028093
0.015049
0.018791
0.028609
0.013295
0.026545
0.014973
0.026818
0.014989
0.026787
0.016833
0.018780
0.026898
0.014946
0.026719
0.014985
0.026687
0.014953
0.028406
0.014997
0.026790
0.013731
0.026903
0.021117
0.021397
0.021300
0.021270
0.021312
0.021287
0.021325
0.021361
0.021345
0.021408
0.021398
0.021388
0.021422
0.021378
0.021392
0.021366
0.021347
0.021381
0.021311
0.021410
0.021313
0.023293
0.013567
0.026841
0.023044
0.013643
0.026865
0.022973
0.013739
0.026831
0.023029
0.013582
0.026889
0.020970
0.023389
0.013603
0.022931
0.026868
0.013800
0.026767
0.022933
0.013585
0.026759
0.022965
0.013740
0.026422
0.020829
0.021088
0.020679
0.021055
0.020733
0.020995
0.020843
0.020631
0.020817
0.021017
0.020663
0.020616
0.021040
0.020748
0.021028
0.020710
0.021067
0.020673
0.021135
0.020726
0.021057
0.020691
0.020967
0.020752
0.021081
0.020761
0.021051
0.020759
0.020956
0.020632
0.020977
0.020746
0.020977
0.020889
0.021021
0.020763
0.020694
0.021158
0.020906
0.021254
0.021266
0.020856
0.021400
0.020887
0.021444
0.020852
0.021298
0.020799
0.021482
0.020773
0.021280
0.020882
0.021373
0.020738
0.021273
0.020854
0.021395
0.020822
0.021423
0.020905
0.021398
0.020994
0.021320
0.020992
0.021181
0.020922
0.021351
0.020905
0.021365
0.020967
0.021343
0.021103
0.021411
0.020963
0.021417
0.020938
0.021287
0.021280
0.020948
0.021259
0.021248
0.020961
0.021285
0.020978
0.021292
0.021234
0.020876
0.021281
0.025059
0.025055
0.024946
0.024919
0.025097
0.025199
0.024945
0.024856
0.024747
0.024776
0.024980
0.024868
0.024832
0.025086
0.024975
0.024878
0.024903
0.024923
0.024960
0.025136
0.025017
0.025005
0.024901
0.025074
0.025170
0.024927
0.025058
0.025040
0.025016
0.024946
0.024937
0.024758
0.024863
0.025001
0.024830
0.024997
0.025041
0.025136
0.025071
0.024991
0.024975
0.025037
0.025083
0.025119
0.024966
0.024898
0.025023
0.025074
0.025059
0.025051
0.024950
0.025036
0.024948
0.025008
0.024966
0.025066
0.025093
0.025109
0.025075
0.025007
0.024943
0.024952
0.024951
0.024919
0.025048
0.024937
0.024988
0.024944
0.024837
0.024970
0.024979
0.024954
0.025047
0.025076
0.024933
0.024977
0.024939
0.024999
0.024956
0.025189
0.024940
0.024858
0.024908
0.024846
0.024957
0.024938
0.024980
0.025046
0.024978
0.024992
0.024956
0.024997
0.024904
0.024889
0.024988
0.025096
0.025113
0.025070
0.025126
0.024986
0.024791
0.024971
0.024850
0.025012
0.024924
0.025061
0.024896
0.025012
0.024915
0.025132
0.024858
0.025047
0.024937
0.024947
0.024826
0.025069
0.025044
0.024932
0.024983
0.025137
0.024854
0.024893
0.024899
0.024979
0.024919
0.025035
0.024875
0.024972
0.024899
0.025074
0.024942
0.025102
0.024799
0.024869
0.024810
0.025148
0.024875
0.024859
0.025123
0.025012
0.024807
0.024723
0.025107
0.025011
0.025086
0.025043
0.025046
0.025097
0.025009
0.025061
0.024995
0.024957
0.024907
0.025040
0.025075
0.024805
0.024946
0.024980
0.024976
0.024973
0.025084
0.024945
0.024826
0.024985
0.024940
0.025030
0.024943
0.024956
0.025079
0.024960
0.024987
0.024942
0.024874
0.024928
0.025047
0.024900
0.024809
0.024806
0.024929
0.025061
0.025067
0.024930
0.024717
0.024969
0.024986
0.024971
0.024962
0.025106
0.024922
0.024941
0.025038
0.025008
0.025166
0.024967
0.025079
0.024729
0.024864
0.024987
0.024939
0.025120
