0.009424
0.016269
0.020363
0.020326
0.020286
0.020304
0.020248
0.020460
0.020249
0.020385
0.020385
0.020405
0.020304
0.020338
0.020285
0.020309
0.020291
0.020332
0.020292
0.020330
0.020347
0.020329
0.020325
0.020285
0.020332
0.020368
0.020403
0.020269
0.020380
0.020460
0.020338
0.020483
0.020427
0.020287
0.020376
0.020273
0.020381
0.020372
0.020318
0.020338
0.020471
0.020589
0.020559
0.020591
0.020582
0.020737
0.020721
0.020705
0.020658
0.020686
0.020644
0.020682
0.020655
0.020711
0.020625
0.020582
0.020703
0.020695
0.020567
0.020673
0.020647
0.020616
0.020591
0.020608
0.020595
0.020613
0.020577
0.020684
0.020579
0.020493
0.020527
0.020605
0.020608
0.020553
0.020528
0.020477
0.020679
0.020595
0.020584
0.020664
0.020598
0.020482
0.020517
0.020425
0.020566
0.020621
0.020477
0.020494
0.020577
0.020576
0.020578
0.020642
0.020682
0.024562
0.024593
0.024767
0.024586
0.024620
0.024646
0.024593
0.024497
0.024569
0.024576
0.024506
0.024514
0.024673
0.024558
0.024542
0.024777
0.024608
0.024788
0.024465
0.024618
0.024466
0.024655
0.024567
0.024680
0.024628
0.024520
0.024505
0.024489
0.024633
0.024694
0.024612
0.024474
0.024684
0.024659
0.024527
0.024564
0.024633
0.024637
0.024591
0.024682
0.024701
0.024709
0.024737
0.024638
0.024690
0.024581
0.024566
0.024769
0.024558
0.024724
0.024650
0.024510
0.024589
0.024593
0.024531
0.024664
0.024636
0.024720
0.024550
0.024618
0.024626
0.024652
0.024617
0.024724
0.024699
0.024588
0.024509
0.024593
0.024662
0.024613
0.024602
0.024525
0.024587
0.024493
0.024754
0.024680
0.021354
0.024008
0.024174
0.024158
0.024553
0.024463
0.024498
0.024457
0.024568
0.024712
0.024528
0.019648
0.024112
0.024580
0.024422
0.024631
0.024563
0.024629
0.024525
0.024669
0.024673
0.024801
0.024543
0.024547
0.024514
0.024605
0.024659
0.024630
0.024616
0.024704
0.024599
0.024612
0.024565
0.024609
0.024596
0.024689
0.024422
0.024530
0.024637
0.024811
0.024602
0.024643
0.024656
0.024516
0.019292
0.024673
0.024467
0.024470
0.024534
0.024648
0.024571
0.024714
0.024668
0.024854
0.024754
0.024596
0.024523
0.024682
0.024625
0.024647
0.024473
0.024624
0.024463
0.024873
0.024745
0.024547
0.024659
0.024584
0.024632
0.024616
0.024614
0.024483
0.024717
0.024183
0.024554
0.024601
0.022358
0.020244
0.020442
0.020244
0.020360
0.020298
0.020141
0.020241
0.020201
0.020179
0.020365
0.020159
0.020155
0.020300
0.020273
0.020314
0.020160
0.020262
0.020248
0.020251
0.020239
0.020133
0.020356
0.020294
0.020191
0.020179
0.020378
0.020133
0.020252
0.020162
0.020161
0.020291
0.020253
0.020164
0.020090
0.015164
0.020252
0.020211
0.020361
0.020508
0.020605
0.020565
0.020616
0.020540
0.020669
0.020494
0.020691
0.020550
0.020558
0.020436
0.020543
0.020525
0.020483
0.020506
0.020704
0.020602
0.020688
0.020490
0.020629
0.020646
0.020641
0.020489
0.020591
0.020567
0.020449
0.017292
0.020250
0.020555
0.020009
0.020502
0.020093
0.020402
0.020141
0.020216
0.020062
0.020141
0.020622
0.020736
0.020597
0.020720
0.020661
0.020597
0.020698
0.020456
0.020641
0.020602
0.016476
0.016319
0.016279
0.016229
0.016373
0.016341
0.020239
0.020343
0.020245
0.020316
0.020373
0.020269
0.020260
0.017294
0.020262
0.019751
0.020269
0.020280
0.020361
0.020212
0.020336
0.020205
0.020127
0.020160
0.020259
0.020410
0.020223
0.020087
0.020245
0.020247
0.020252
0.020245
0.020222
0.020215
0.020345
0.020399
0.020344
0.020219
0.020478
0.020283
0.020372
0.020472
0.020539
0.020762
0.020594
0.020576
0.020542
0.020572
0.020735
0.020495
0.020462
0.020601
0.020777
0.020663
0.020741
0.020570
0.020581
0.020472
0.020731
0.020614
0.020578
0.020499
0.020684
0.020598
0.020614
0.020691
0.020655
0.020407
0.020480
0.020517
0.020674
0.020549
0.020675
0.020418
0.020596
0.015637
0.020560
0.020602
0.020547
0.020669
0.020597
0.020653
0.020590
0.020425
0.020645
0.020694
0.020636
0.020688
0.020612
0.020697
0.020647
0.020694
0.020550
0.024581
0.024601
0.024533
0.024636
0.024718
0.024531
0.024672
0.024656
0.024620
0.024765
0.024604
0.024644
0.024658
0.024725
0.024610
0.024505
0.024520
0.015224
0.024677
0.024550
0.024301
0.024093
0.024127
0.024180
0.024154
0.024551
0.024530
0.024637
0.024610
0.024668
0.024576
0.024644
0.015061
0.024742
0.023981
0.024571
0.024669
0.024693
0.024695
0.024639
0.024585
0.024616
0.024707
0.024744
0.015007
0.024293
0.024656
0.024554
0.024207
0.024173
0.024215
0.024088
0.024712
0.024553
0.024677
0.024640
0.024668
0.024676
0.024617
0.024572
0.024675
0.024613
0.024723
0.024632
0.024806
0.024733
0.024709
0.024539
0.024580
0.024543
0.024671
0.024795
0.024655
0.024741
0.024588
0.024659
0.024625
0.024624
0.024676
0.024825
0.024645
0.015244
0.024640
0.024074
0.024101
0.024159
0.024099
0.024178
0.024159
0.024259
0.024313
0.024634
0.024572
0.024650
0.024762
0.024661
0.024625
0.024700
0.024698
0.024587
0.024622
0.024694
0.024792
0.024448
0.024600
0.015114
0.024035
0.024124
0.024518
0.024763
0.024716
0.024623
0.024712
0.024603
0.024628
0.024555
0.024823
0.024760
0.024603
0.024617
0.024602
0.024473
0.024620
0.024593
0.024564
0.024574
0.024571
0.015187
0.024704
0.024570
0.024708
0.024753
0.024648
0.024671
0.024679
0.024695
0.024548
0.024433
0.024582
0.024579
0.024704
0.024620
0.024596
0.024622
0.024706
0.024641
0.024746
0.024671
0.024554
0.024675
0.024564
0.024615
0.024782
0.024526
0.015173
0.024547
0.024738
0.024729
0.024638
0.024646
0.015089
0.024542
0.024661
0.024654
0.024557
0.024729
0.024687
0.024807
0.024620
0.024477
0.024523
0.024524
0.024663
0.024704
0.015094
0.024693
0.024553
0.024672
0.024713
0.024553
0.024778
0.015194
0.024661
0.024501
0.024599
0.024598
0.015207
0.024310
0.024614
0.024661
0.024574
0.024680
0.024613
0.024597
0.024466
0.024716
0.024697
0.024695
0.024682
0.014809
0.021952
0.019886
0.019969
0.019961
0.020320
0.019680
0.019898
0.020332
0.020308
0.020431
0.020342
0.020288
0.020155
0.020118
0.020232
0.023641
0.014204
0.017951
0.026052
0.014645
0.026395
0.014632
0.027960
0.013181
0.028044
0.013187
0.027870
0.013254
0.026212
0.014760
0.026457
0.014703
0.026821
0.014636
0.028007
0.014886
0.018497
0.028248
0.018663
0.022592
0.013443
0.020746
0.020925
0.022722
0.026679
0.014968
0.026581
0.014820
0.026618
0.014845
0.026683
0.015054
0.026539
0.014806
0.026609
0.014970
0.026762
0.014913
0.019354
0.020699
0.021184
0.021139
0.021225
0.021247
0.021173
0.020926
0.021263
0.020721
0.021345
0.021351
0.021229
0.020856
0.021230
0.020794
0.021163
0.021115
0.020758
0.021129
0.020889
0.021046
0.021014
0.020793
0.021211
0.020681
0.021237
0.021025
0.020586
0.021100
0.024458
0.025187
0.024637
0.025027
0.024590
0.025125
0.024599
0.025054
0.024680
0.025108
0.024724
0.025118
0.024797
0.025076
0.024668
0.024996
0.024561
0.025157
0.024620
0.025155
0.024763
0.025007
0.024682
0.025102
0.024793
0.025120
0.024615
0.025123
0.024801
0.025057
0.024732
0.025056
0.024692
0.025081
0.024733
0.025045
0.024633
0.025098
0.024569
0.025163
0.024770
0.025094
0.024727
0.024977
0.024859
0.025003
0.024773
0.025189
0.024617
0.024982
0.024750
0.025136
0.024685
0.025029
0.024544
0.025121
0.024753
0.025224
0.024686
0.025152
0.024651
0.025034
0.024832
0.025095
0.024692
0.025099
0.024733
0.025054
0.024694
0.025133
0.024638
0.025023
0.024443
0.025061
0.024723
0.025139
0.024631
0.025187
0.024632
0.025167
0.020717
0.020636
0.020499
0.020745
0.020595
0.020532
0.020709
0.020560
0.020479
0.020269
0.020637
0.020728
0.020596
0.020456
0.020622
0.020614
0.020354
0.020741
0.020250
0.020549
0.020445
0.020601
0.020415
0.020524
0.020884
0.020361
0.020705
0.020545
0.020482
0.020797
0.020442
0.020395
0.020592
0.020467
0.020303
0.020700
0.020421
0.020458
0.020985
0.021071
0.020784
0.021052
0.021156
0.021044
0.021055
0.020708
0.020951
0.020858
0.020615
0.021151
0.020942
0.020566
0.020883
0.021025
0.020523
0.020906
0.020595
0.020981
0.020629
0.020871
0.021048
0.020713
0.021110
0.020614
0.021016
0.020593
0.020959
0.020998
0.020633
0.021044
0.020909
0.020687
0.021034
0.020676
0.020934
0.020670
0.021154
0.020945
0.020721
0.021010
0.020931
0.020658
0.021010
0.020701
0.020906
0.020956
0.020641
0.021119
0.024644
0.024992
0.024655
0.024743
0.024992
0.024754
0.025065
0.024653
0.025049
0.024764
0.025105
0.024738
0.024932
0.024714
0.025082
0.024796
0.025099
0.024698
0.025038
0.024762
0.025074
0.024603
0.025084
0.024734
0.025260
0.024586
0.025114
0.024824
0.025128
0.024586
0.025195
0.024617
0.025001
0.024797
0.025210
0.025132
0.024623
0.024599
0.025010
0.024667
0.025147
0.024696
0.025176
0.024530
0.025189
0.024560
0.025079
0.024669
0.025186
0.024643
0.025174
0.024777
0.025020
0.024806
0.025178
0.024660
0.025092
0.024762
0.025162
0.024699
0.025022
0.024804
0.025074
0.024610
0.025056
0.024747
0.024970
0.024698
0.024975
0.024700
0.025166
0.024603
0.025226
0.024616
0.025046
0.024631
0.025084
0.024820
0.025157
0.024909
0.025076
0.024588
0.025126
0.024718
0.025055
0.024743
0.025233
0.024822
0.025152
0.024656
0.025178
0.024773
0.025064
0.024642
0.025098
0.024580
0.025164
0.024675
0.025134
0.024667
0.025102
0.024625
0.025099
0.024672
0.025134
0.024735
0.025192
0.024751
0.025043
0.024712
0.024993
0.024624
0.025033
0.024597
0.025080
0.024634
0.025095
0.024593
0.025144
0.024655
0.024990
0.024646
0.025142
0.024683
0.025118
0.024749
0.025181
0.024709
0.025055
0.024716
0.025141
0.024768
0.025108
0.024765
0.025032
0.024692
0.025012
0.024665
0.024998
0.024665
0.025007
0.024790
0.025018
0.024793
0.024983
0.024672
0.025098
0.024678
0.025093
0.024572
0.025043
0.024702
0.025015
0.024733
0.025116
0.024727
0.025106
0.024642
0.025111
0.024764
0.025137
0.024643
0.024949
0.024645
0.025100
0.024798
0.025042
0.024823
0.025093
0.024768
0.025079
0.024657
0.025089
0.024731
0.025149
0.024673
0.025135
0.024602
0.025027
0.024617
0.024973
0.024612
0.025052
0.024686
0.025183
0.024736
0.025004
0.024717
0.025123
0.024724
0.025059
0.024754
0.025017
0.024718
0.025167
0.024630
0.025144
0.024790
0.025117
0.024689
0.025025
0.024794
0.025101
0.024656
0.025130
0.024691
0.025075
0.024718
0.025165
0.024710
0.025046
0.024718
0.025094
0.024762
0.025142
0.024878
0.025207
0.024725
0.025119
0.024663
0.025190
0.024721
0.025160
0.024754
0.025060
0.024663
0.024998
0.024669
0.025179
0.024695
0.024970
0.024859
0.025009
0.024773
0.025052
0.024751
0.024959
0.024637
0.025113
0.024839
0.025133
0.024754
0.025159
0.024692
0.025162
0.024672
0.025194
0.024793
0.025176
0.024777
0.025123
0.024727
0.025158
0.024896
0.025099
0.024800
0.025125
0.024638
0.025137
0.024778
0.025226
0.024830
0.025126
0.024608
0.025058
0.024903
0.025097
0.024534
0.024962
0.024741
0.025121
0.024845
0.024989
0.024796
0.025097
0.024649
0.025054
0.024711
0.025152
0.024787
0.025106
0.024678
0.024993
0.024714
0.025092
0.024751
0.024915
0.024624
0.025157
0.024617
0.025095
0.024705
0.025112
0.024680
0.025165
0.024816
0.025260
0.024776
0.025114
0.024690
0.025266
0.024663
0.025193
0.024759
0.025073
0.024724
0.025214
0.024710
0.024961
0.024825
0.025078
0.024689
0.025040
0.024653
0.025103
0.024702
0.025193
0.024844
0.025096
0.024785
0.025052
0.024673
0.025203
0.024791
0.025118
0.024729
0.025215
0.024692
0.025181
0.024790
0.025044
0.024651
0.025063
0.024673
0.025073
0.024753
0.024964
0.024608
0.025159
0.024811
0.025251
0.024625
0.025143
0.024742
0.025034
0.024680
0.025138
0.024726
0.025148
0.024701
0.025209
0.024807
0.025043
0.024724
0.025278
0.024747
0.025162
0.024761
0.025328
0.024700
0.025101
0.024627
0.025281
0.024806
0.025036
0.024701
0.025024
0.024728
0.025067
0.024717
0.025093
0.024696
0.025239
0.024762
0.025149
0.024609
0.025121
0.024586
0.025084
0.024805
0.025037
0.024760
0.025071
0.024755
0.025177
0.024853
0.025026
0.024694
0.025071
0.024767
0.025096
0.024728
0.024960
0.024760
0.024979
0.024704
0.025157
0.024878
0.025100
0.024719
0.025155
0.024629
0.025182
0.024626
0.025165
0.024730
0.025252
0.024788
0.025208
0.024736
0.025158
0.024656
0.025082
0.024611
0.025047
0.024655
0.025103
0.024777
0.025146
0.024731
0.025101
0.024831
0.025050
0.024807
0.025153
0.024600
0.025285
0.024778
0.025021
0.024671
0.025107
0.024678
0.025166
0.024793
0.025032
0.024683
0.025117
0.024818
0.025176
0.024861
0.025237
0.024760
0.025306
0.024850
0.025191
0.024809
0.025121
0.024812
0.025022
0.024724
0.025121
0.024661
0.025115
0.024767
0.025086
0.024627
0.024997
0.024628
0.025159
0.024611
0.025171
0.024673
0.025175
0.024782
0.025149
0.024756
0.025079
0.024850
0.025107
0.024878
0.025146
0.024580
0.025048
0.024751
0.025046
0.024818
0.025158
0.024840
0.025187
0.024757
0.025132
0.024799
0.025100
0.024786
0.025106
0.024655
0.025107
0.024737
0.025025
0.024699
0.025143
0.024652
0.025256
0.024614
0.025112
0.024600
0.025207
0.024818
0.025151
0.024722
0.025066
0.024553
0.025191
0.024729
0.025144
0.024604
0.025092
0.024708
0.025200
0.024688
0.025101
0.024723
0.025101
0.024614
0.025070
0.024609
0.025180
0.024660
0.025149
0.024867
0.024887
0.025209
0.024713
0.025096
0.024582
0.025051
0.024742
0.025188
0.024702
0.025205
0.024853
0.025140
0.024637
0.025096
0.024719
0.025091
0.024685
0.025099
0.024738
0.025187
0.024737
0.025017
0.024764
0.025068
0.024677
0.025203
0.024713
0.025138
0.024764
0.025180
0.024704
0.025308
0.024706
0.025163
0.024668
0.025124
0.024695
0.025266
0.024588
0.025175
0.024704
0.025196
0.024622
0.025181
0.024727
0.025142
0.024650
0.025042
0.024695
0.025071
0.024681
0.025173
0.024631
0.025299
0.024777
0.025055
0.024735
0.025131
0.024734
0.025120
0.024668
0.025056
0.024678
0.025151
0.024698
0.025121
0.024801
0.025142
0.024682
0.025084
0.024708
0.025109
0.024782
0.024975
0.024757
0.025144
0.024647
0.025199
0.024723
0.025064
0.024802
0.025128
0.024580
0.025050
0.024779
0.025194
0.024666
0.025187
0.024523
0.025155
0.024596
0.025182
0.024721
0.025193
0.024654
0.025238
0.024742
0.025153
0.024814
0.025132
