0.009921
0.020664
0.024976
0.024798
0.024922
0.024906
0.025024
0.024894
0.025019
0.024994
0.025100
0.024951
0.025041
0.024808
0.024999
0.024876
0.025127
0.025017
0.024977
0.024840
0.024859
0.025008
0.024857
0.024970
0.024951
0.024844
0.024944
0.024842
0.024895
0.025028
0.025030
0.024976
0.024917
0.024834
0.025021
0.024776
0.024825
0.024919
0.025105
0.024829
0.024894
0.024956
0.024949
0.025081
0.024985
0.025068
0.024816
0.024951
0.024788
0.024953
0.024947
0.024809
0.024936
0.024947
0.025084
0.024756
0.024902
0.024794
0.024987
0.024892
0.025073
0.025065
0.024988
0.024954
0.025071
0.024784
0.025017
0.025027
0.024931
0.025028
0.024899
0.024760
0.024981
0.025018
0.024905
0.024898
0.024987
0.024939
0.020633
0.020552
0.020628
0.020647
0.020647
0.020621
0.020677
0.020662
0.020512
0.020412
0.020467
0.020601
0.020609
0.020469
0.020697
0.020481
0.020609
0.020514
0.020460
0.020643
0.020479
0.020555
0.020587
0.020628
0.020434
0.020304
0.020684
0.020645
0.020581
0.020391
0.020574
0.020536
0.020642
0.020590
0.020412
0.020554
0.020504
0.020487
0.020461
0.020950
0.020829
0.020788
0.020844
0.020843
0.020789
0.020992
0.020869
0.021009
0.021000
0.020840
0.020942
0.021053
0.020745
0.020937
0.020859
0.020915
0.020803
0.021053
0.020992
0.020883
0.020911
0.020959
0.020977
0.020775
0.020763
0.020721
0.020818
0.020807
0.020817
0.020687
0.020939
0.020750
0.020920
0.020845
0.020939
0.020930
0.020952
0.020737
0.020877
0.020665
0.020737
0.020819
0.020869
0.020613
0.020738
0.020883
0.020860
0.020989
0.020809
0.020787
0.020922
0.020822
0.024833
0.024952
0.024994
0.025010
0.024945
0.024941
0.025003
0.024904
0.024985
0.025051
0.025002
0.025029
0.025002
0.025036
0.025089
0.025018
0.025016
0.024780
0.024963
0.024961
0.024791
0.025026
0.025024
0.024956
0.024791
0.025015
0.024822
0.024987
0.024790
0.024976
0.025032
0.024991
0.024925
0.024929
0.024861
0.024995
0.024800
0.024892
0.024970
0.024863
0.024966
0.024997
0.024810
0.025038
0.025069
0.024922
0.025077
0.024885
0.024939
0.025040
0.024985
0.025053
0.024927
0.024873
0.024997
0.024944
0.024926
0.024912
0.025082
0.024979
0.024956
0.024954
0.024894
0.025022
0.024986
0.024965
0.025064
0.024895
0.024865
0.024918
0.024922
0.024838
0.025084
0.024752
0.024987
0.024752
0.024999
0.024989
0.024964
0.024826
0.024862
0.024946
0.025029
0.025057
0.025013
0.024897
0.025004
0.025034
0.024891
0.024985
0.024757
0.024884
0.025121
0.024966
0.025023
0.024910
0.025032
0.024882
0.024987
0.025021
0.025092
0.024843
0.025018
0.024801
0.025049
0.024775
0.025002
0.024795
0.025090
0.025092
0.024856
0.025051
0.024915
0.025127
0.025006
0.024907
0.024973
0.025007
0.025065
0.025171
0.024993
0.024990
0.025040
0.025036
0.024894
0.025006
0.025032
0.024935
0.024890
0.024916
0.025048
0.024921
0.025041
0.024831
0.025013
0.025064
0.024926
0.024858
0.024911
0.024885
0.024935
0.024931
0.025045
0.025034
0.024914
0.024975
0.025120
0.024906
0.024992
0.024947
0.025020
0.024926
0.025015
0.024973
0.025084
0.024977
0.024958
0.024951
0.024971
0.024919
0.024808
0.024874
0.025051
0.024843
0.024988
0.024908
0.025061
0.025014
0.024779
0.024884
0.024927
0.024776
0.024957
0.024939
0.024953
0.024964
0.024929
0.025006
0.025015
0.025001
0.025066
0.024949
0.024808
0.025003
0.025005
0.024825
0.025007
0.025023
0.024961
0.024906
0.024954
0.024756
0.025028
0.024989
0.024830
0.025027
0.025056
0.024977
0.024965
0.024934
0.025076
0.024996
0.024931
0.024990
0.025164
0.024750
0.024939
0.024967
0.024983
0.024967
0.024961
0.024964
0.025013
0.024858
0.025028
0.024914
0.024851
0.024861
0.025118
0.024800
0.024905
0.025053
0.024908
0.025012
0.025015
0.024816
0.024933
0.025024
0.024894
0.024947
0.024939
0.024904
0.024883
0.024973
0.025044
0.024958
0.025104
0.024907
0.024907
0.024980
0.024832
0.024948
0.025013
0.024833
0.024984
0.024946
0.024999
0.024848
0.024983
0.024909
0.025027
0.025127
0.025068
0.024946
0.024931
0.025058
0.024858
0.025092
0.024896
0.024926
0.025007
0.024907
0.025030
0.024793
0.024932
0.024876
0.025059
0.024863
0.024961
0.024975
0.025025
0.025057
0.024876
0.024947
0.025080
0.025010
0.024832
0.024953
0.025025
0.025001
0.024951
0.024884
0.024831
0.024950
0.024843
0.024968
0.025010
0.025103
0.024988
0.025052
0.024885
0.024958
0.025033
0.024925
0.024933
0.024865
0.024910
0.025003
0.025062
0.024977
0.025034
0.025050
0.025020
0.025082
0.024908
0.025067
0.024831
0.024956
0.025067
0.024924
0.025010
0.024853
0.025075
0.024823
0.024849
0.025063
0.025130
0.024945
0.024747
0.024873
0.024953
0.024829
0.024995
0.025037
0.024989
0.025009
0.024844
0.025134
0.024881
0.024961
0.024999
0.024974
0.025019
0.024925
0.024908
0.024883
0.025113
0.024850
0.024775
0.024947
0.024838
0.025062
0.025066
0.025023
0.024963
0.024933
0.024991
0.025001
0.025012
0.024946
0.024903
0.025040
0.025015
0.024901
0.025078
0.025097
0.024959
0.025110
0.024994
0.024977
0.025020
0.025012
0.024985
0.024885
0.025059
0.024999
0.025014
0.024964
0.024898
0.025078
0.025047
0.025001
0.025070
0.025034
0.024993
0.024806
0.025000
0.024865
0.024979
0.025022
0.025061
0.024854
0.024983
0.025074
0.024863
0.024980
0.025093
0.024975
0.024797
0.024862
0.024994
0.024964
0.024947
0.024878
0.024987
0.024849
0.024969
0.024830
0.025096
0.024927
0.024994
0.024848
0.025038
0.024865
0.024854
0.024859
0.024975
0.024948
0.024917
0.024835
0.024911
0.024981
0.025006
0.024884
0.025012
0.024848
0.025017
0.025032
0.024966
0.025061
0.024801
0.024964
0.025082
0.024901
0.025091
0.024847
0.025088
0.024832
0.025002
0.025088
0.025036
0.024951
0.024974
0.024765
0.025101
0.024996
0.024910
0.024904
0.024968
0.024816
0.024813
0.024939
0.025052
0.025064
0.024861
0.024928
0.024991
0.025098
0.025035
0.024884
0.024988
0.024958
0.024978
0.024882
0.025008
0.024836
0.024825
0.024944
0.025020
0.024921
0.025006
0.024823
0.024941
0.024830
0.024945
0.025012
0.024964
0.025004
0.024840
0.024990
0.024972
0.025004
0.025031
0.024904
0.024981
0.024970
0.024953
0.024812
0.024799
0.025066
0.024976
0.024860
0.024933
0.025030
0.024884
0.025105
0.025012
0.024959
0.024964
0.024976
0.025056
0.024925
0.024942
0.024998
0.025103
0.024881
0.025015
0.024899
0.024891
0.024798
0.024902
0.025016
0.025114
0.024933
0.024902
0.024859
0.024928
0.024946
0.025045
0.025025
0.024924
0.025007
0.025016
0.024964
0.025044
0.025037
0.024949
0.024937
0.025019
0.025049
0.024831
0.024948
0.024987
0.024994
0.024989
0.024873
0.024915
0.024835
0.024982
0.024948
0.024993
0.024953
0.024949
0.024973
0.025027
0.024966
0.024964
0.024843
0.024834
0.025017
0.025143
0.025044
0.025037
0.024935
0.024859
0.024803
0.024970
0.024793
0.024913
0.024794
0.024880
0.025008
0.024982
0.025009
0.024927
0.024968
0.024855
0.024931
0.025092
0.024968
0.024847
0.024947
0.025001
0.025002
0.025012
0.024954
0.024960
0.024746
0.025023
0.024882
0.025066
0.025044
0.024922
0.024898
0.024903
0.024815
0.025029
0.024910
0.024764
0.024868
0.024972
0.024951
0.024877
0.024997
0.024996
0.024892
0.025106
0.024915
0.024886
0.025052
0.025014
0.024834
0.024862
0.025046
0.024879
0.025020
0.024879
0.024946
0.024941
0.024861
0.024904
0.024912
0.024741
0.024856
0.025046
0.024828
0.024922
0.024993
0.024841
0.024948
0.025020
0.025050
0.025037
0.020639
0.020725
0.020631
0.020580
0.020550
0.020515
0.020663
0.020479
0.020733
0.020720
0.020616
0.020741
0.020611
0.020634
0.020547
0.020673
0.020584
0.020603
0.020572
0.020691
0.020615
0.020744
0.020598
0.020687
0.020559
0.020650
0.020480
0.020556
0.020550
0.020549
0.020528
0.020643
0.020661
0.020527
0.020520
0.020665
0.020535
0.020691
0.020481
0.020806
0.020759
0.020939
0.020952
0.020766
0.020805
0.020777
0.020876
0.020789
0.020865
0.020884
0.020906
0.020802
0.020748
0.020815
0.020835
0.020823
0.020951
0.020926
0.020807
0.020903
0.021099
0.020964
0.020853
0.021011
0.020921
0.020972
0.020953
0.020848
0.020713
0.021014
0.020883
0.021009
0.020842
0.020813
0.020808
0.020910
0.020881
0.020812
0.020823
0.020929
0.020917
0.020811
0.020753
0.020986
0.020780
0.020926
0.020864
0.021000
0.020813
0.020832
0.020777
0.016628
0.020516
0.020615
0.020532
0.020502
0.020507
0.020478
0.020622
0.020490
0.020503
0.020705
0.020595
0.020623
0.020495
0.020562
0.020471
0.020497
0.020503
0.020560
0.020529
0.020615
0.020526
0.020518
0.020498
0.020563
0.020511
0.020608
0.020538
0.020622
0.020559
0.020631
0.020624
0.020697
0.020476
0.020588
0.020503
0.020696
0.020504
0.020676
0.020509
0.020767
0.020831
0.020849
0.020813
0.020914
0.020894
0.021009
0.020893
0.020966
0.020928
0.020886
0.020844
0.020978
0.020863
0.020924
0.020815
0.021011
0.020880
0.020874
0.020918
0.020896
0.020838
0.020877
0.020924
0.020821
0.020823
0.020895
0.020902
0.020806
0.020721
0.020807
0.020818
0.020866
0.020751
0.020822
0.020722
0.021001
0.020840
0.020839
0.020897
0.020902
0.020729
0.020754
0.020680
0.020815
0.020877
0.020738
0.020756
0.020867
0.020792
0.020884
0.020913
0.020932
0.024794
0.024897
0.025047
0.024810
0.024842
0.024972
0.024857
0.024753
0.024921
0.024849
0.024734
0.024887
0.024856
0.024890
0.024813
0.025062
0.024856
0.025064
0.024751
0.024835
0.024776
0.024949
0.024865
0.024918
0.024902
0.024779
0.024768
0.024770
0.024900
0.024990
0.024867
0.024745
0.025010
0.024857
0.024835
0.024780
0.024900
0.024947
0.024813
0.024954
0.024924
0.025003
0.024957
0.024962
0.024930
0.024941
0.024804
0.025063
0.024843
0.024989
0.024876
0.024765
0.024856
0.024902
0.024751
0.024965
0.024909
0.025013
0.024783
0.024894
0.024904
0.024966
0.024779
0.024985
0.025024
0.024825
0.024755
0.024988
0.024855
0.024951
0.024909
0.024778
0.024822
0.024833
0.024977
0.024971
0.022906
0.024850
0.024899
0.024954
0.024884
0.024807
0.024777
0.024737
0.024876
0.024934
0.024858
0.022768
0.024945
0.025009
0.024750
0.024936
0.024775
0.024854
0.024943
0.024842
0.024935
0.024971
0.025014
0.024723
0.024824
0.024856
0.024951
0.024907
0.024950
0.024817
0.024994
0.024928
0.024815
0.024811
0.024940
0.024855
0.024830
0.024871
0.024863
0.024957
0.025009
0.024874
0.024875
0.024871
0.024676
0.024909
0.024871
0.024653
0.024747
0.024893
0.024894
0.024825
0.024948
0.025021
0.025135
0.024904
0.024914
0.024871
0.024965
0.024848
0.024859
0.024815
0.024802
0.024935
0.025050
0.024962
0.024860
0.024960
0.024953
0.024849
0.024879
0.024838
0.024877
0.024923
0.024904
0.024806
0.024912
0.020662
0.020682
0.020600
0.020608
0.020532
0.020632
0.020447
0.020517
0.020510
0.020584
0.020594
0.020531
0.020524
0.020654
0.020576
0.020534
0.020536
0.020598
0.020508
0.020626
0.020501
0.020545
0.020636
0.020528
0.020537
0.020551
0.020598
0.020485
0.020495
0.020470
0.020583
0.020545
0.020534
0.020461
0.020399
0.020458
0.020505
0.020483
0.020614
0.020674
0.020932
0.020820
0.020850
0.020782
0.020879
0.020811
0.020936
0.020868
0.020835
0.020744
0.020882
0.020785
0.020757
0.020802
0.020996
0.020849
0.020965
0.020789
0.020924
0.020897
0.020897
0.020774
0.020903
0.020741
0.020745
0.018925
0.020918
0.020944
0.020757
0.020743
0.020833
0.020694
0.020857
0.020942
0.020926
0.020843
0.020951
0.020923
0.020956
0.020948
0.021008
0.020845
0.020974
0.020785
0.020906
0.020865
0.018795
0.016506
0.016636
0.016435
0.016661
0.016584
0.018696
0.020600
0.020551
0.020641
0.020671
0.020566
0.020594
0.018364
0.020570
0.020606
0.020579
0.020548
0.020616
0.020675
0.020534
0.020583
0.020520
0.020463
0.020483
0.020602
0.020614
0.020534
0.020456
0.020576
0.020606
0.020524
0.020547
0.020484
0.020591
0.020638
0.020720
0.020546
0.020643
0.020689
0.020573
0.020704
0.020800
0.020830
0.020980
0.020853
0.020864
0.020749
0.021003
0.020844
0.020759
0.020767
0.020971
0.020992
0.021004
0.020926
0.020871
0.020915
0.020875
0.020988
0.020955
0.020759
0.020854
0.020889
0.021004
0.020805
0.021027
0.020830
0.020740
0.020819
0.020876
0.020875
0.020927
0.020875
0.020750
0.020880
0.020859
0.020830
0.020989
0.020836
0.020967
0.020867
0.020876
0.020849
0.020698
0.020874
0.021002
0.020895
0.020943
0.020957
0.020959
0.020911
0.021056
0.020759
0.024849
0.024830
0.024840
0.024965
0.024981
0.024765
0.024929
0.024929
0.024963
0.024964
0.024943
0.024890
0.024985
0.024965
0.024893
0.024738
0.024906
0.024963
0.024982
0.024833
0.025051
0.024889
0.024826
0.024891
0.024867
0.024823
0.024819
0.024868
0.024947
0.024949
0.024841
0.024900
0.024937
0.024969
0.024812
0.024805
0.025000
0.024895
0.025077
0.024842
0.024934
0.024888
0.025017
0.024948
0.024797
0.025060
0.024915
0.024887
0.024889
0.024917
0.024978
0.024785
0.024986
0.024832
0.024973
0.024938
0.024961
0.024942
0.024900
0.024851
0.025014
0.024876
0.025049
0.024859
0.025115
0.024973
0.025035
0.024805
0.024871
0.024843
0.024946
0.025063
0.024934
0.025001
0.024923
0.024903
0.025052
0.024829
0.025054
0.025051
0.025061
0.025009
0.024962
0.024820
0.024872
0.024897
0.024979
0.024940
0.024952
0.024976
0.025117
0.024882
0.024925
0.024940
0.025049
0.024875
0.024952
0.024961
0.024983
0.024861
0.024994
0.024918
0.025105
0.024699
0.024883
0.024856
0.024835
0.024917
0.024794
0.025094
0.024992
0.024925
0.025003
0.024827
0.024908
0.024843
0.025141
0.025025
0.024907
0.024875
0.024873
0.024765
0.024914
0.024835
0.024845
0.024830
0.024900
0.025003
0.024902
0.024908
0.024973
0.025036
0.024921
0.024967
0.024948
0.024991
0.024832
0.024716
0.024878
0.024874
0.025034
0.024862
0.024862
0.024910
0.025001
0.024891
0.025070
0.024912
0.024793
0.024959
0.024852
0.024884
0.025012
0.024896
0.024995
0.024788
0.025041
0.024993
0.024904
0.024865
0.024891
0.024835
0.024979
0.024887
0.024940
0.024982
0.025054
0.025055
0.024929
0.024752
0.024837
0.024800
0.024934
0.025019
0.025053
0.024919
0.024853
0.024979
0.024963
0.024867
0.024998
0.024982
0.024947
0.024785
0.024908
0.024851
0.025006
0.024958
0.024993
0.024914
0.024894
0.024950
0.024892
0.024851
0.024780
0.025043
0.024981
0.025043
0.024932
0.024931
