0.011437
0.015948
0.025013
0.025061
0.025205
0.025173
0.025184
0.025294
0.025092
0.025153
0.025137
0.025128
0.025054
0.025170
0.025155
0.025232
0.025092
0.025275
0.025144
0.025284
0.025055
0.025002
0.025077
0.025201
0.025174
0.025056
0.025147
0.025105
0.025241
0.024966
0.025264
0.025250
0.025180
0.025219
0.025158
0.025117
0.025072
0.025296
0.025177
0.025034
0.025100
0.025015
0.025066
0.025216
0.025130
0.025056
0.025183
0.025179
0.025163
0.025187
0.025137
0.025026
0.025165
0.025194
0.025106
0.025185
0.025231
0.025080
0.025138
0.025131
0.025140
0.025190
0.025132
0.025220
0.025249
0.025213
0.025098
0.025203
0.025224
0.025006
0.025124
0.024970
0.025092
0.025133
0.025183
0.025117
0.025059
0.025116
0.025200
0.025068
0.025033
0.025034
0.025198
0.025256
0.025269
0.025261
0.025277
0.024963
0.025114
0.025026
0.025176
0.025077
0.025074
0.025262
0.025078
0.025183
0.025264
0.025109
0.025094
0.025047
0.025195
0.025110
0.025075
0.025180
0.025264
0.025003
0.025184
0.025138
0.025129
0.025094
0.025024
0.024994
0.025053
0.025271
0.025146
0.025132
0.025217
0.024981
0.024935
0.025200
0.025193
0.025093
0.025236
0.025239
0.025259
0.025055
0.025200
0.025053
0.025056
0.025077
0.025254
0.025154
0.025137
0.025148
0.025208
0.025175
0.025341
0.025056
0.025263
0.025133
0.025110
0.024946
0.025259
0.025161
0.025129
0.025058
0.025007
0.025220
0.025204
0.025090
0.025203
0.025195
0.025151
0.025010
0.025189
0.025108
0.025134
0.025185
0.025269
0.025277
0.025183
0.025104
0.025169
0.025221
0.025149
0.025236
0.025912
0.028754
0.015325
0.018933
0.023316
0.018717
0.023299
0.026576
0.015334
0.018758
0.023258
0.018701
0.023292
0.026700
0.015205
0.018775
0.023182
0.026699
0.015190
0.026874
0.015113
0.018815
0.023240
0.026680
0.015167
0.026763
0.015204
0.018815
0.023251
0.018635
0.023187
0.018746
0.023217
0.026572
0.015215
0.018903
0.023314
0.018625
0.023363
0.021350
0.023552
0.016867
0.023558
0.027028
0.021545
0.021532
0.021579
0.021524
0.021542
0.021534
0.021551
0.021549
0.021610
0.021569
0.021634
0.021505
0.021575
0.021620
0.021545
0.021586
0.021517
0.021486
0.021413
0.021622
0.021482
0.021541
0.011292
0.022744
0.017178
0.011177
0.022962
0.017267
0.017252
0.017183
0.017219
0.017245
0.017210
0.017283
0.017341
0.017262
0.013145
0.014860
0.025344
0.018880
0.028893
0.015141
0.018881
0.027115
0.016861
0.026669
0.013592
0.026767
0.015213
0.026758
0.016982
0.026884
0.013645
0.028349
0.013594
0.026747
0.015206
0.026943
0.016799
0.027031
0.013670
0.028309
0.015167
0.018851
0.027133
0.016822
0.018915
0.027196
0.016792
0.018839
0.027031
0.020838
0.015441
0.027103
0.023270
0.021508
0.021533
0.021467
0.021395
0.021494
0.021414
0.021505
0.021517
0.021500
0.013472
0.027166
0.023146
0.021521
0.021529
0.021393
0.021398
0.021412
0.021494
0.021526
0.021463
0.021623
0.021392
0.021557
0.013846
0.027061
0.023208
0.013843
0.027101
0.023295
0.015429
0.027122
0.013852
0.026999
0.023192
0.013729
0.027056
0.023256
0.013879
0.026978
0.023281
0.013858
0.027057
0.023187
0.013652
0.027050
0.023188
0.021524
0.014003
0.033055
0.029199
0.021541
0.029061
0.021427
0.029028
0.021665
0.029004
0.021592
0.028993
0.021603
0.029011
0.021467
0.028938
0.021506
0.028938
0.021518
0.028986
0.021568
0.029033
0.021571
0.029041
0.021502
0.029029
0.021409
0.029027
0.021537
0.028995
0.021584
0.029025
0.021641
0.029006
0.021647
0.029031
0.021592
0.029110
0.021541
0.029049
0.021559
0.028963
0.021530
0.029078
0.021670
0.029066
0.021644
0.029040
0.021632
0.029217
0.021590
0.028880
0.021538
0.028967
0.021611
0.029096
0.021580
0.029096
0.021635
0.029096
0.021583
0.029016
0.021534
0.028984
0.021622
0.028920
0.021472
0.028960
0.021535
0.029071
0.021466
0.029015
0.021623
0.029010
0.021558
0.029029
0.021482
0.029064
0.021766
0.029015
0.021621
0.028988
0.021579
0.029180
0.021508
0.029074
0.021466
0.028987
0.021619
0.029046
0.021443
0.028993
0.021548
0.025090
0.029201
0.021528
0.029105
0.021572
0.029008
0.021410
0.029122
0.021602
0.029044
0.021394
0.029005
0.021658
0.029060
0.021566
0.029069
0.021671
0.029048
0.021503
0.029033
0.021473
0.028935
0.021583
0.029227
0.021585
0.029086
0.021729
0.028970
0.021460
0.029055
0.021596
0.029126
0.021584
0.029159
0.021660
0.029030
0.021533
0.029072
0.021583
0.029095
0.021596
0.029175
0.021512
0.029005
0.021527
0.029115
0.021644
0.029201
0.021479
0.028989
0.021539
0.029073
0.021591
0.029046
0.021530
0.028995
0.021648
0.029016
0.021517
0.029109
0.021508
0.029054
0.021532
0.029149
0.021548
0.028972
0.021626
0.029010
0.021505
0.029085
0.021614
0.029054
0.021528
0.029016
0.021431
0.028956
0.021407
0.029110
0.021555
0.029048
0.021631
0.029124
0.021530
0.028950
0.021426
0.029011
0.021502
0.029144
0.021627
0.029040
0.021650
0.029122
0.021456
0.029057
0.021411
0.028924
0.021608
0.029020
0.021475
0.029093
0.021569
0.029005
0.021648
0.029025
0.021532
0.029095
0.021611
0.029109
0.021626
0.028974
0.021448
0.028926
0.021570
0.028927
0.021516
0.016918
0.029004
0.019227
0.015156
0.028824
0.019298
0.015016
0.027083
0.014865
0.028624
0.017333
0.024686
0.017357
0.024601
0.017408
0.024661
0.017272
0.024773
0.017395
0.024601
0.017372
0.024707
0.017257
0.024612
0.017350
0.024641
0.019262
0.014957
0.028711
0.017341
0.024686
0.017339
0.024766
0.017309
0.024726
0.017376
0.024769
0.017319
0.024830
0.013597
0.027334
0.021271
0.023360
0.017503
0.019303
0.026880
0.017596
0.016962
0.027321
0.021496
0.023103
0.017464
0.021157
0.021425
0.021527
0.021584
0.021550
0.021529
0.021457
0.021509
0.021457
0.021557
0.021495
0.021787
0.021453
0.023296
0.023269
0.015990
0.018639
0.021089
0.027552
0.023157
0.017492
0.021173
0.021579
0.017290
0.027308
0.015158
0.027389
0.023231
0.017582
0.023414
0.023116
0.017601
0.023297
0.015210
0.027235
0.023112
0.024868
0.021755
0.029096
0.021495
0.028963
0.021541
0.029187
0.021617
0.029159
0.021595
0.029114
0.021655
0.029041
0.021517
0.029073
0.021475
0.029111
0.021690
0.029111
0.021509
0.028973
0.021546
0.029005
0.021704
0.029233
0.021511
0.029007
0.021447
0.029082
0.021649
0.029046
0.021628
0.029086
0.021510
0.029076
0.021557
0.028924
0.021629
0.029054
0.021581
0.029078
0.021613
0.029233
0.021506
0.028997
0.017444
0.032942
0.021626
0.028973
0.021627
0.028961
0.021463
0.028996
0.021515
0.028960
0.021467
0.028987
0.021637
0.029130
0.021589
0.029057
0.021763
0.029124
0.021546
0.029013
0.021580
0.029082
0.021541
0.028975
0.021540
0.028952
0.021561
0.029082
0.021480
0.029052
0.021598
0.029157
0.021504
0.028974
0.021634
0.029067
0.015305
0.019147
0.026973
0.015306
0.028698
0.015218
0.018957
0.028802
0.015120
0.026848
0.015226
0.018835
0.027079
0.016910
0.026762
0.015123
0.019024
0.027107
0.015188
0.026880
0.016881
0.019022
0.027120
0.015070
0.027045
0.015157
0.026985
0.015079
0.027004
0.015286
0.026884
0.020841
0.015331
0.026734
0.020788
0.015247
0.026842
0.014935
0.027066
0.017124
0.025410
0.023046
0.013795
0.023119
0.025390
0.023107
0.021509
0.013751
0.020987
0.023433
0.027181
0.013915
0.023153
0.026916
0.015301
0.025425
0.022955
0.015421
0.025653
0.022948
0.015416
0.025530
0.023003
0.013833
0.027098
0.023221
0.013904
0.026897
0.023115
0.013720
0.027177
0.021514
0.023247
0.013882
0.026893
0.015495
0.027163
0.023181
0.013826
0.027042
0.021533
0.023138
0.013816
0.026993
0.023132
0.013871
0.027012
0.015571
0.024639
0.025044
0.025211
0.025167
0.025195
0.025121
0.025130
0.025053
0.025197
0.025147
0.025158
0.025051
0.025151
0.025239
0.025240
0.025036
0.025165
0.025158
0.025129
0.025057
0.025112
0.025229
0.025153
0.025179
0.025148
0.025217
0.025171
0.025133
0.025259
0.025257
0.025237
0.025194
0.025202
0.025073
0.025103
0.025250
0.025157
0.025129
0.025285
0.025291
0.025107
0.025131
0.025201
0.025088
0.025215
0.025318
0.025119
0.025162
0.025098
0.025028
0.025136
0.025182
0.025087
0.025274
0.025272
0.025167
0.025102
0.025208
0.025189
0.025043
0.025173
0.025085
0.025092
0.025164
0.025212
0.025137
0.025189
0.025277
0.025209
0.025170
0.025084
0.025108
0.025184
0.025061
0.025209
0.025325
0.025210
0.025220
0.025123
0.025064
0.025234
0.025234
0.025145
0.025089
0.025150
0.025182
0.025231
0.025236
0.025325
0.025166
0.025133
0.025181
0.025094
0.025106
0.025195
0.025180
0.025182
0.025081
0.025223
0.025199
0.025201
0.025128
0.025251
0.025049
0.025213
0.025112
0.025140
0.025081
0.025138
0.025165
0.025262
0.025158
0.025165
0.025085
0.025144
0.025216
0.025284
0.025106
0.025286
0.025089
0.025249
0.025235
0.025156
0.025151
0.025214
0.025047
0.025017
0.025044
0.025180
0.025267
0.025263
0.025120
0.025195
0.025296
0.025168
0.025195
0.025221
0.025206
0.025229
0.025182
0.025217
0.025088
0.025217
0.025065
0.025014
0.025226
0.025186
0.025082
0.025039
0.025317
0.025254
0.025219
0.025329
0.025208
0.025185
0.025249
0.025247
0.025258
0.025305
0.025187
0.025233
0.025279
0.025256
0.025222
0.025157
0.025199
0.025136
0.025116
0.025143
0.025095
0.025182
0.025103
0.025222
0.025197
0.025141
0.025115
0.025216
0.025053
0.025187
0.025192
0.025268
0.025147
0.025096
0.025113
0.025207
0.025208
0.025252
0.025212
0.025270
0.025182
0.025185
0.024986
0.025243
0.025074
0.025191
0.025142
0.025138
0.025233
0.025218
0.025090
0.025115
0.025179
0.025302
0.025209
0.025203
0.025092
0.025048
0.025130
0.025080
0.025291
0.025198
0.025053
0.025191
0.025167
0.025207
0.025104
0.025193
0.025145
0.025279
0.025120
0.025159
0.025107
0.025186
0.025049
0.025032
0.025047
0.025264
0.025270
0.025199
0.025091
0.025242
0.025157
0.025258
0.025144
0.024983
0.025161
0.025125
0.025068
0.025187
0.025053
0.025216
0.025103
0.025203
0.025259
0.025213
0.025081
0.025308
0.025094
0.025296
0.025139
0.025166
0.025184
0.025243
0.025216
0.025207
0.024971
0.025182
0.025014
0.025262
0.025010
0.024983
0.025136
0.025181
0.025131
0.025181
0.025173
0.025197
0.025127
0.025188
0.025065
0.025119
0.025127
0.025216
0.025146
0.025062
0.025308
0.025310
0.025142
0.025265
0.025157
0.025253
0.024924
0.025193
0.025310
0.025290
0.025089
0.025181
0.025080
0.025232
0.025214
0.025287
0.025102
0.025192
0.025299
0.025189
0.025013
0.025078
0.025107
0.025253
0.025232
0.025269
0.025158
0.025216
0.025158
0.025211
0.025180
0.025243
0.025290
0.025241
0.025210
0.025217
0.025193
0.025178
0.025244
0.025259
0.025151
0.025203
0.025148
0.025242
0.025123
0.025162
0.025264
0.025261
0.025099
0.025158
0.025244
0.025291
0.025176
0.025163
0.025185
0.025251
0.025111
0.025206
0.025256
0.025207
0.025251
0.025203
0.025145
0.025187
0.025136
0.025134
0.025086
0.025169
0.025117
0.025200
0.025283
0.025217
0.025012
0.025101
0.025161
0.025245
0.025074
0.025200
0.025204
0.025343
0.025162
0.025141
0.025130
0.025226
0.025139
0.025041
0.025069
0.025121
0.025139
0.025218
0.025126
0.025057
0.025118
0.025014
0.025161
0.025061
0.025168
0.025291
0.025226
0.025181
0.025201
0.025268
0.025131
0.025193
0.025053
0.025080
0.025141
0.025065
0.025138
0.025082
0.025213
0.025151
0.025151
0.025260
0.025274
0.025207
0.025184
0.025266
0.025213
0.025180
0.025267
0.025200
0.025095
0.025167
0.025038
0.025157
0.025201
0.025187
0.025065
0.025096
0.025094
0.025066
0.025097
0.025179
0.025098
0.025159
0.025123
0.025204
0.025276
0.025185
0.025209
0.025209
0.025246
0.025185
0.025259
0.025230
0.025192
0.025127
0.025235
0.025209
0.025256
0.025313
0.025239
0.025308
0.025086
0.025269
0.025266
0.025144
0.025146
0.025177
0.025043
0.024998
0.025106
0.025049
0.025192
0.025286
0.025222
0.025085
0.025107
0.025161
0.025054
0.025236
0.025215
0.025171
0.025221
0.025163
0.025167
0.025270
0.025097
0.025170
0.025112
0.025289
0.025080
0.025190
0.025065
0.025265
0.025096
0.025179
0.025050
0.025242
0.025054
0.025233
0.025086
0.025220
0.025234
0.025129
0.025194
0.025126
0.025141
0.025275
0.025228
0.025222
0.024953
0.025191
0.025221
0.025137
0.025116
0.025220
0.025259
0.025126
0.025063
0.025231
0.025090
0.025305
0.025231
0.025126
0.025186
0.025243
0.025203
0.025092
0.025129
0.025141
0.025214
0.025193
0.025226
0.025119
0.025113
0.025094
0.025172
0.025124
0.025164
0.025142
0.025201
0.025215
0.025146
0.025191
0.025279
0.025203
0.025169
0.025275
0.025309
0.025204
0.025209
0.025251
0.024996
0.025332
0.025216
0.025170
0.025151
0.025240
0.025295
0.025166
0.025225
0.025121
0.025110
0.025178
0.025145
0.025249
0.025074
0.025063
0.025164
0.025065
0.025109
0.025278
0.025326
0.025110
0.025033
0.025137
0.025218
0.025260
0.025216
0.025262
0.025130
0.025164
0.025093
0.025265
0.025043
0.025189
0.025245
0.025171
0.025247
0.025252
0.025330
0.025259
0.025174
0.025135
0.025162
0.025154
0.025127
0.025100
0.025150
0.025103
0.025079
0.025367
0.025112
0.025222
0.025090
0.025262
0.025013
0.025062
0.025140
0.025100
0.025046
0.025181
0.025174
0.025326
0.025190
0.025211
0.025131
0.025202
0.025095
0.025085
0.025273
0.025061
0.025208
0.025102
0.025191
0.025147
0.025157
0.025089
0.025047
0.025221
0.025154
0.025250
0.025190
0.025203
0.025158
0.025168
0.025007
0.025329
0.025271
0.025218
0.025137
0.025195
0.025312
0.025076
0.025136
0.025193
0.025099
0.025255
0.025198
0.025200
0.025057
0.023285
0.015014
0.028640
0.019236
0.015027
0.027125
0.015028
0.028729
0.017344
0.024716
0.017328
0.024656
0.017293
0.024626
0.017377
0.024930
0.017384
0.024657
0.017346
0.024816
0.017308
0.016812
0.027160
0.014914
0.026972
0.014937
0.027045
0.015031
0.027025
0.014982
0.026990
0.014923
0.028718
0.017350
0.016900
0.027153
0.014934
0.027067
0.015011
0.025383
0.021196
0.021327
0.021333
0.021332
0.021368
0.021568
0.021612
0.021523
0.021489
0.021526
0.021475
0.021462
0.021599
0.021566
0.021644
0.017324
0.027408
0.021367
0.023188
0.017599
0.021253
0.021542
0.021595
0.023634
0.023337
0.017449
0.023239
0.023101
0.017491
0.021514
0.023352
0.023261
0.017555
0.023171
0.023172
0.017439
0.021452
0.023285
0.023164
0.017436
0.021384
0.023280
0.023126
0.017452
0.021553
0.021234
