0.007963
0.020201
0.024856
0.024926
0.024724
0.024866
0.024709
0.024735
0.024793
0.024893
0.024824
0.024817
0.024805
0.024914
0.024833
0.024917
0.024894
0.024924
0.024892
0.024735
0.024986
0.024907
0.024839
0.024853
0.024796
0.024950
0.024905
0.024919
0.024892
0.024814
0.024871
0.024863
0.024953
0.024838
0.024748
0.024987
0.024851
0.024863
0.024983
0.024959
0.024734
0.024954
0.024759
0.024843
0.024777
0.024783
0.024814
0.024781
0.024945
0.024747
0.024887
0.024989
0.024948
0.024812
0.024920
0.024806
0.024855
0.024971
0.024920
0.024769
0.024840
0.024818
0.024946
0.024914
0.024890
0.024765
0.024842
0.024925
0.024816
0.024926
0.024780
0.024844
0.024867
0.024902
0.024745
0.024688
0.024896
0.024911
0.024739
0.024885
0.024935
0.025075
0.024933
0.024811
0.024949
0.025015
0.024947
0.025002
0.024872
0.024753
0.024823
0.024900
0.024888
0.024847
0.024913
0.024822
0.024945
0.024914
0.025001
0.025061
0.024798
0.024928
0.024764
0.024881
0.024741
0.024920
0.024863
0.024799
0.024842
0.024836
0.024958
0.025056
0.024863
0.025089
0.024963
0.024995
0.024832
0.024916
0.024874
0.025002
0.024840
0.024919
0.024945
0.024884
0.025043
0.024848
0.024992
0.025137
0.024967
0.025034
0.024932
0.024826
0.024920
0.025024
0.025037
0.024935
0.025022
0.025112
0.024953
0.024837
0.024884
0.024848
0.024747
0.024762
0.024879
0.025001
0.024910
0.024702
0.024641
0.024844
0.024823
0.024830
0.024849
0.024951
0.024985
0.024830
0.024895
0.024968
0.024858
0.024714
0.024725
0.024873
0.024872
0.024959
0.024803
0.024915
0.024795
0.024917
0.024886
0.024842
0.024786
0.024895
0.024945
0.024989
0.024754
0.024869
0.024858
0.024954
0.024923
0.024909
0.024890
0.024974
0.024803
0.025090
0.024693
0.024804
0.024886
0.024937
0.024936
0.024769
0.024846
0.024908
0.024949
0.024988
0.024853
0.024799
0.024938
0.024932
0.024981
0.024760
0.024900
0.025112
0.024832
0.020828
0.020699
0.020619
0.020489
0.020676
0.020515
0.020630
0.020496
0.020469
0.020527
0.020531
0.020504
0.020633
0.020413
0.020483
0.020506
0.020669
0.020524
0.020545
0.020429
0.020359
0.020517
0.020516
0.020521
0.020498
0.020429
0.020516
0.020711
0.020371
0.020502
0.020494
0.020533
0.020590
0.020421
0.020446
0.020551
0.020503
0.020559
0.020456
0.020722
0.020883
0.020857
0.020801
0.020658
0.020794
0.020787
0.020789
0.020707
0.020832
0.020758
0.020806
0.020818
0.020793
0.020936
0.020749
0.020857
0.020801
0.020916
0.020840
0.020804
0.020838
0.020863
0.020721
0.020878
0.020791
0.020812
0.020851
0.020938
0.020787
0.020753
0.020888
0.020861
0.020857
0.020829
0.020966
0.020821
0.020961
0.020704
0.020753
0.020917
0.020806
0.020863
0.020912
0.020771
0.020872
0.020808
0.020780
0.020848
0.020838
0.020862
0.020938
0.020901
0.024941
0.024957
0.024659
0.024907
0.024841
0.024989
0.024838
0.025041
0.024945
0.024991
0.024899
0.024904
0.024765
0.024970
0.024827
0.025096
0.024927
0.024927
0.024773
0.024835
0.024945
0.024791
0.024874
0.024900
0.024784
0.024911
0.024749
0.024876
0.024936
0.024998
0.024863
0.024857
0.024783
0.024975
0.024717
0.024734
0.024911
0.025014
0.024793
0.024836
0.024891
0.024918
0.025046
0.024953
0.025017
0.024738
0.024894
0.024729
0.024851
0.024871
0.024772
0.024910
0.024867
0.025049
0.024720
0.024800
0.024724
0.024992
0.024789
0.024950
0.025048
0.024901
0.024885
0.025041
0.024687
0.025048
0.024896
0.024879
0.024934
0.024817
0.024689
0.024900
0.024942
0.024809
0.024864
0.024970
0.024815
0.020540
0.020458
0.020571
0.020575
0.020601
0.020518
0.020639
0.020530
0.020470
0.020359
0.020448
0.020501
0.020548
0.020393
0.020646
0.020393
0.020566
0.020465
0.020420
0.020558
0.020463
0.020427
0.020538
0.020561
0.020324
0.020234
0.020631
0.020558
0.020531
0.020347
0.020499
0.020432
0.020557
0.020525
0.020358
0.020454
0.020439
0.020426
0.020385
0.021010
0.020791
0.020723
0.020774
0.020772
0.020699
0.020979
0.020852
0.020952
0.020968
0.020768
0.020841
0.021041
0.020666
0.020929
0.020794
0.020819
0.020786
0.020956
0.020943
0.020800
0.020859
0.020908
0.020970
0.020669
0.020687
0.020664
0.020740
0.020733
0.020744
0.020628
0.020864
0.020623
0.020837
0.020792
0.020824
0.020869
0.020927
0.020689
0.020797
0.020573
0.020663
0.020804
0.020718
0.020558
0.020679
0.020857
0.020783
0.020921
0.020759
0.020696
0.020885
0.020737
0.024785
0.024863
0.024933
0.024899
0.024943
0.024854
0.024931
0.024858
0.024955
0.024952
0.024926
0.024944
0.024860
0.025010
0.024998
0.024898
0.025021
0.024691
0.024897
0.024885
0.024689
0.024936
0.024926
0.024868
0.024710
0.024948
0.024688
0.024958
0.024717
0.024927
0.025041
0.024890
0.024837
0.024848
0.024788
0.024903
0.024710
0.024850
0.024895
0.024809
0.024932
0.024962
0.024772
0.024972
0.025011
0.024846
0.024994
0.024851
0.024867
0.024971
0.024880
0.024971
0.024896
0.024818
0.024949
0.024909
0.024874
0.024883
0.024995
0.024894
0.024846
0.024867
0.024826
0.024998
0.024843
0.024924
0.024971
0.024853
0.024805
0.024874
0.024798
0.024769
0.025022
0.024648
0.024973
0.024648
0.024960
0.024913
0.024917
0.024755
0.024782
0.024919
0.024926
0.024978
0.024972
0.024806
0.024947
0.024969
0.024850
0.024999
0.024715
0.024781
0.025101
0.024925
0.024941
0.024871
0.024961
0.024808
0.024942
0.024877
0.025023
0.024791
0.024918
0.024747
0.024983
0.024684
0.024896
0.024739
0.024983
0.025072
0.024787
0.024977
0.024824
0.025071
0.024949
0.024808
0.024975
0.024915
0.025038
0.025086
0.024888
0.024953
0.024984
0.024968
0.024836
0.024986
0.024943
0.024880
0.024875
0.024881
0.024874
0.024814
0.024975
0.024782
0.024959
0.024989
0.024874
0.024855
0.024806
0.024859
0.024866
0.024845
0.024997
0.024943
0.024853
0.024939
0.025086
0.024792
0.024925
0.024876
0.024963
0.024853
0.024968
0.024925
0.025020
0.024904
0.024904
0.024865
0.024942
0.024827
0.024766
0.024847
0.024970
0.024771
0.024952
0.024842
0.024960
0.024915
0.024697
0.024815
0.024852
0.024724
0.024917
0.024975
0.024863
0.024905
0.024886
0.024887
0.024974
0.024874
0.024973
0.024873
0.024757
0.024953
0.024936
0.024747
0.024980
0.024922
0.024903
0.024802
0.024879
0.024663
0.024986
0.024915
0.024778
0.024972
0.025043
0.024852
0.024912
0.024873
0.025079
0.024891
0.024845
0.024931
0.025095
0.024675
0.024846
0.024913
0.024998
0.024885
0.024915
0.024956
0.024953
0.024871
0.024940
0.024852
0.024789
0.024803
0.025069
0.024675
0.024874
0.024990
0.024836
0.024972
0.024962
0.024712
0.024926
0.024901
0.024837
0.024837
0.024888
0.024915
0.024824
0.024907
0.025034
0.024902
0.025071
0.024833
0.024829
0.024935
0.024768
0.024893
0.024947
0.024770
0.024930
0.024924
0.024940
0.024836
0.024981
0.024765
0.025010
0.025006
0.025038
0.024859
0.024859
0.025015
0.024790
0.025031
0.024802
0.024861
0.024938
0.024867
0.024943
0.024687
0.024875
0.024775
0.025037
0.024724
0.024947
0.024915
0.025002
0.025062
0.024790
0.024905
0.024967
0.024954
0.024820
0.024878
0.024973
0.024990
0.024904
0.024818
0.024813
0.024870
0.024847
0.024914
0.025007
0.025015
0.024996
0.024953
0.024824
0.024925
0.025015
0.024862
0.024857
0.024857
0.024801
0.024958
0.024999
0.024910
0.025008
0.024997
0.025017
0.025020
0.024877
0.025027
0.024816
0.024915
0.025040
0.024879
0.024992
0.024814
0.024974
0.024751
0.024872
0.025031
0.025028
0.024901
0.024711
0.024889
0.024893
0.024757
0.024972
0.024922
0.024959
0.024957
0.024825
0.025074
0.024861
0.024892
0.024934
0.024941
0.024968
0.024858
0.024828
0.024843
0.024986
0.024799
0.024716
0.024902
0.024823
0.025029
0.025075
0.024907
0.024950
0.024838
0.024953
0.024892
0.024968
0.024891
0.024858
0.024951
0.024983
0.024904
0.025028
0.024996
0.024924
0.025027
0.024917
0.024925
0.024990
0.024960
0.024934
0.024862
0.024982
0.024961
0.024972
0.024907
0.024863
0.025034
0.024944
0.024987
0.024987
0.024928
0.024916
0.024716
0.024946
0.024811
0.024905
0.024982
0.025028
0.024720
0.024904
0.024999
0.024808
0.024924
0.024996
0.024897
0.024759
0.024810
0.024965
0.024935
0.024907
0.024853
0.024900
0.024827
0.024897
0.024788
0.025031
0.024883
0.024972
0.024787
0.025018
0.024835
0.024868
0.024772
0.024882
0.024898
0.024839
0.024784
0.024803
0.024929
0.024985
0.024840
0.024937
0.024704
0.024982
0.024903
0.024945
0.024943
0.024733
0.024905
0.025017
0.024853
0.025015
0.024759
0.025041
0.024746
0.024997
0.025006
0.024928
0.024898
0.024911
0.024674
0.025093
0.024901
0.024879
0.024883
0.024878
0.024785
0.024743
0.024901
0.025037
0.024941
0.024851
0.024858
0.024957
0.025046
0.024991
0.024833
0.024877
0.024937
0.024898
0.024819
0.024981
0.024769
0.024764
0.024854
0.025001
0.024833
0.025006
0.024734
0.024897
0.024822
0.024872
0.024954
0.024919
0.024967
0.024808
0.024928
0.024934
0.024958
0.024977
0.024889
0.024923
0.024897
0.024898
0.024754
0.024721
0.025019
0.024980
0.024734
0.024932
0.024926
0.024886
0.025115
0.024894
0.024882
0.024920
0.024904
0.024964
0.024904
0.024875
0.024943
0.025022
0.024804
0.024974
0.024839
0.024857
0.024749
0.024827
0.024970
0.025030
0.024855
0.024817
0.024822
0.024898
0.024899
0.025033
0.024973
0.024884
0.024942
0.024980
0.024924
0.025039
0.024975
0.024913
0.024843
0.025004
0.024993
0.024826
0.024907
0.024972
0.024987
0.024971
0.024790
0.024873
0.024747
0.024927
0.024903
0.024895
0.024868
0.024947
0.024925
0.024992
0.024920
0.024910
0.024830
0.024764
0.024982
0.025095
0.025003
0.024985
0.024819
0.024829
0.024806
0.024909
0.024775
0.024879
0.024742
0.024840
0.024969
0.024940
0.025025
0.024853
0.024942
0.024824
0.024879
0.025103
0.024896
0.024824
0.024899
0.024923
0.024963
0.024990
0.024938
0.024883
0.024714
0.024947
0.024821
0.025084
0.024980
0.024914
0.024822
0.024912
0.024721
0.024957
0.024946
0.024714
0.024868
0.024929
0.024951
0.024868
0.024927
0.024961
0.024875
0.025051
0.024862
0.024844
0.025059
0.024951
0.024808
0.024796
0.025005
0.024866
0.025007
0.024825
0.024896
0.024904
0.024796
0.024887
0.024852
0.024680
0.024842
0.024951
0.024809
0.024874
0.024955
0.024762
0.024930
0.024890
0.025038
0.024953
0.020542
0.020666
0.020577
0.020517
0.020489
0.020482
0.020606
0.020418
0.020679
0.020628
0.020558
0.020655
0.020600
0.020597
0.020469
0.020607
0.020534
0.020535
0.020544
0.020642
0.020538
0.020764
0.020504
0.020608
0.020489
0.020622
0.020474
0.020454
0.020494
0.020508
0.020497
0.020617
0.020617
0.020427
0.020486
0.020617
0.020469
0.020608
0.020401
0.020798
0.020675
0.020926
0.020864
0.020690
0.020756
0.020738
0.020759
0.020710
0.020848
0.020779
0.020899
0.020757
0.020713
0.020813
0.020765
0.020809
0.020890
0.020911
0.020741
0.020904
0.021022
0.020915
0.020794
0.020994
0.020849
0.020949
0.020911
0.020835
0.020679
0.020928
0.020812
0.021022
0.020760
0.020765
0.020816
0.020845
0.020822
0.020787
0.020834
0.020838
0.020901
0.020764
0.020711
0.020977
0.020751
0.020913
0.020754
0.020976
0.020754
0.020781
0.020742
0.016546
0.020535
0.020472
0.020497
0.020407
0.020473
0.020367
0.020614
0.020396
0.020446
0.020710
0.020494
0.020591
0.020391
0.020514
0.020386
0.020425
0.020427
0.020523
0.020464
0.020555
0.020435
0.020516
0.020374
0.020572
0.020428
0.020491
0.020503
0.020545
0.020590
0.020585
0.020495
0.020649
0.020454
0.020498
0.020439
0.020673
0.020404
0.020624
0.020477
0.020763
0.020732
0.020798
0.020751
0.020833
0.020824
0.020934
0.020845
0.020918
0.020904
0.020823
0.020808
0.020877
0.020883
0.020859
0.020768
0.020990
0.020861
0.020863
0.020885
0.020884
0.020808
0.020777
0.020894
0.020750
0.020724
0.020912
0.020811
0.020753
0.020692
0.020798
0.020795
0.020826
0.020724
0.020747
0.020685
0.021016
0.020717
0.020798
0.020890
0.020832
0.020698
0.020727
0.020607
0.020808
0.020750
0.020670
0.020699
0.020761
0.020727
0.020834
0.020853
0.022963
0.024819
0.024840
0.025023
0.024752
0.024886
0.024878
0.024765
0.024727
0.024809
0.024819
0.024730
0.024788
0.024872
0.024877
0.024715
0.024997
0.024879
0.024954
0.024745
0.024848
0.024679
0.024922
0.024858
0.024923
0.024874
0.024705
0.024753
0.024785
0.024877
0.024939
0.024810
0.024717
0.024921
0.024828
0.024754
0.024772
0.024840
0.024897
0.024721
0.025020
0.024865
0.024962
0.024917
0.024895
0.024863
0.024924
0.024728
0.025062
0.024804
0.024906
0.024837
0.024773
0.024824
0.024840
0.024654
0.024942
0.024850
0.024998
0.024693
0.024948
0.024780
0.024976
0.024785
0.024945
0.024998
0.024750
0.024729
0.024903
0.024828
0.024835
0.024873
0.024796
0.024808
0.024728
0.024915
0.024927
0.022892
0.024734
0.024842
0.024897
0.024861
0.024751
0.024705
0.024719
0.024889
0.024923
0.024822
0.022759
0.024861
0.024944
0.024690
0.024872
0.024793
0.024787
0.024882
0.024874
0.024966
0.024908
0.024933
0.024704
0.024802
0.024839
0.024913
0.024820
0.024951
0.024813
0.024960
0.024869
0.024819
0.024777
0.024906
0.024833
0.024750
0.024761
0.024823
0.024915
0.024920
0.024839
0.024832
0.024828
0.024702
0.024885
0.024786
0.024645
0.024741
0.024849
0.024846
0.024841
0.024901
0.025059
0.025102
0.024814
0.024886
0.024836
0.024976
0.024765
0.024872
0.024825
0.024743
0.024927
0.025023
0.024825
0.024888
0.024897
0.024976
0.024821
0.024857
0.024813
0.024875
0.024872
0.024911
0.024801
0.024823
0.020620
0.020669
0.020580
0.020612
0.020545
0.020564
0.020452
0.020472
0.020473
0.020603
0.020463
0.020491
0.020478
0.020644
0.020542
0.020519
0.020521
0.020560
0.020474
0.020571
0.020420
0.020575
0.020610
0.020436
0.020553
0.020519
0.020557
0.020542
0.020477
0.020402
0.020566
0.020517
0.020430
0.020400
0.020426
0.020360
0.020468
0.020440
0.020606
0.020671
0.020891
0.020771
0.020800
0.020808
0.020809
0.020797
0.020802
0.020759
0.020802
0.020698
0.020869
0.020793
0.020654
0.020789
0.021006
0.020822
0.020823
0.020828
0.020833
0.020860
0.020842
0.020749
0.020813
0.020706
0.020728
0.018891
0.020985
0.020825
0.020700
0.020735
0.020743
0.020690
0.020839
0.020924
0.020874
0.020884
0.020874
0.020961
0.020897
0.020925
0.020922
0.020842
0.020919
0.020713
0.020843
0.020879
