0.011020
0.016299
0.028895
0.019114
0.015119
0.028308
0.019026
0.014884
0.028543
0.018983
0.014764
0.028606
0.017179
0.024309
0.017067
0.024407
0.017125
0.024516
0.017155
0.024498
0.017122
0.024608
0.017107
0.024474
0.017080
0.024455
0.017132
0.016908
0.028430
0.017110
0.024478
0.017126
0.020451
0.016823
0.028383
0.017179
0.024489
0.017051
0.024511
0.021358
0.013350
0.026992
0.014988
0.027025
0.014974
0.025597
0.022925
0.015011
0.027092
0.015022
0.027054
0.015008
0.027107
0.015046
0.027108
0.014866
0.026997
0.015039
0.027042
0.014954
0.026968
0.022993
0.013284
0.027013
0.022953
0.013365
0.026993
0.022871
0.017416
0.023166
0.023026
0.017419
0.023188
0.022795
0.017349
0.024868
0.017380
0.023218
0.022959
0.017427
0.023075
0.022843
0.017345
0.023117
0.022816
0.017400
0.021429
0.024871
0.024772
0.024803
0.025020
0.025023
0.025044
0.025114
0.024914
0.024820
0.025021
0.024912
0.024889
0.024967
0.024955
0.025053
0.024879
0.025123
0.024953
0.024978
0.024940
0.024918
0.024874
0.024902
0.024981
0.024920
0.024977
0.024873
0.025041
0.024843
0.024973
0.025007
0.024997
0.025062
0.025034
0.024970
0.024915
0.024940
0.025043
0.024893
0.024940
0.024853
0.024814
0.025025
0.024943
0.024888
0.025060
0.025028
0.024957
0.024983
0.024980
0.024861
0.024889
0.024947
0.024997
0.024893
0.025057
0.024886
0.025053
0.024940
0.024975
0.024924
0.024968
0.025024
0.025045
0.025052
0.025005
0.024923
0.024999
0.024879
0.024896
0.024914
0.024908
0.024900
0.024899
0.024964
0.024924
0.024882
0.024902
0.024913
0.024929
0.024754
0.025049
0.025003
0.025079
0.025103
0.025009
0.024915
0.024818
0.024876
0.024929
0.024984
0.024797
0.025069
0.024944
0.024962
0.025076
0.024946
0.024903
0.024853
0.024939
0.024968
0.024871
0.024973
0.025022
0.024955
0.024894
0.025030
0.024926
0.024879
0.024900
0.024795
0.024900
0.024930
0.025046
0.024914
0.024962
0.024887
0.024736
0.024896
0.025038
0.024887
0.024996
0.025115
0.025030
0.024946
0.024929
0.024895
0.024893
0.024864
0.024997
0.025054
0.024912
0.025012
0.024949
0.025036
0.025071
0.024998
0.024976
0.024986
0.024981
0.024730
0.025026
0.025000
0.025007
0.024865
0.024789
0.024922
0.025004
0.024968
0.024958
0.025102
0.024926
0.024865
0.025051
0.024851
0.025002
0.024929
0.025033
0.025139
0.024943
0.024968
0.024949
0.025026
0.024928
0.025056
0.022862
0.021152
0.020610
0.021047
0.020622
0.020919
0.020658
0.020907
0.020641
0.020991
0.020535
0.020895
0.020694
0.020945
0.020618
0.020921
0.020569
0.020835
0.020740
0.020966
0.020670
0.020877
0.020594
0.021001
0.020674
0.020851
0.020614
0.020856
0.020532
0.020917
0.020592
0.020830
0.020688
0.020865
0.020607
0.020852
0.020822
0.020890
0.020620
0.021134
0.021134
0.020771
0.021381
0.021113
0.020907
0.021331
0.021318
0.021329
0.021292
0.021314
0.021384
0.021358
0.021368
0.021363
0.021348
0.021409
0.021296
0.021360
0.021387
0.021297
0.021402
0.021318
0.021300
0.021154
0.021408
0.021215
0.021353
0.016792
0.016709
0.016954
0.017040
0.016690
0.017112
0.017061
0.016983
0.016979
0.017053
0.016944
0.017072
0.017141
0.017005
0.016984
0.020612
0.020962
0.020782
0.020706
0.020893
0.020558
0.020680
0.020775
0.020651
0.020968
0.020570
0.020926
0.020594
0.021054
0.020732
0.020953
0.020588
0.020976
0.020711
0.021046
0.020655
0.020994
0.020795
0.020978
0.020661
0.020873
0.020695
0.020698
0.020958
0.020637
0.020720
0.020987
0.020542
0.020612
0.020909
0.021059
0.020917
0.021350
0.021300
0.021314
0.021230
0.021226
0.021322
0.021217
0.021360
0.021372
0.021279
0.021163
0.020891
0.021339
0.021395
0.021377
0.021285
0.021255
0.021334
0.021360
0.021378
0.021342
0.021427
0.021265
0.021474
0.021349
0.021028
0.021379
0.021442
0.021036
0.021435
0.021293
0.020961
0.021304
0.020978
0.021370
0.021326
0.020950
0.021431
0.021317
0.020991
0.021412
0.021392
0.020894
0.021424
0.021216
0.020945
0.021347
0.021445
0.025413
0.024939
0.025483
0.025033
0.025318
0.024922
0.025295
0.025138
0.025269
0.024967
0.025370
0.025006
0.025331
0.024844
0.025274
0.024886
0.025251
0.024975
0.025311
0.025018
0.025381
0.024919
0.025416
0.024893
0.025331
0.024874
0.025389
0.024938
0.025380
0.024999
0.025304
0.025042
0.025308
0.025035
0.025356
0.025089
0.025419
0.024961
0.025380
0.025034
0.025311
0.024897
0.025418
0.025100
0.025377
0.025036
0.025323
0.025086
0.025557
0.024982
0.025208
0.024951
0.025310
0.025048
0.025322
0.024978
0.025406
0.025019
0.025417
0.024988
0.025299
0.024968
0.025396
0.025001
0.025253
0.024879
0.025295
0.024961
0.025415
0.024884
0.025322
0.025004
0.025285
0.025004
0.025384
0.024839
0.025478
0.025187
0.025321
0.024987
0.025348
0.025057
0.025444
0.024904
0.025350
0.024900
0.025321
0.025082
0.025371
0.024846
0.025343
0.025000
0.025078
0.025364
0.024930
0.025510
0.024858
0.025365
0.024889
0.025408
0.025009
0.025350
0.024813
0.025401
0.025053
0.025404
0.024954
0.025468
0.025078
0.025435
0.024850
0.025422
0.024869
0.025337
0.024955
0.025600
0.024969
0.025463
0.025094
0.025302
0.024813
0.025448
0.025007
0.025478
0.025021
0.025520
0.025011
0.025428
0.024933
0.025399
0.025005
0.025419
0.024976
0.025558
0.024892
0.025430
0.024914
0.025489
0.025046
0.025482
0.024850
0.025401
0.024956
0.025540
0.024941
0.025481
0.024968
0.025425
0.025025
0.025456
0.025013
0.025508
0.024970
0.025496
0.025077
0.025502
0.024996
0.025508
0.025113
0.025461
0.024966
0.025562
0.025121
0.025487
0.025052
0.025417
0.024916
0.025379
0.024944
0.025512
0.025009
0.025487
0.025147
0.025557
0.025047
0.025330
0.024947
0.025414
0.025045
0.025567
0.025071
0.025519
0.025145
0.025587
0.024965
0.025494
0.024928
0.025328
0.025136
0.025514
0.025046
0.025460
0.025082
0.025515
0.025093
0.025500
0.025007
0.025522
0.025113
0.025498
0.025102
0.025395
0.024905
0.025378
0.025065
0.025317
0.025096
0.021295
0.020898
0.020943
0.021233
0.020957
0.021007
0.021108
0.020832
0.021015
0.020740
0.020858
0.021114
0.020839
0.021003
0.020938
0.021066
0.020777
0.021187
0.020915
0.020923
0.020859
0.021117
0.020772
0.021009
0.020899
0.021026
0.020935
0.021022
0.020818
0.020791
0.021153
0.020854
0.021127
0.020823
0.021166
0.020954
0.021202
0.020806
0.021317
0.021433
0.021142
0.021368
0.021369
0.021002
0.021099
0.021394
0.021099
0.021210
0.021077
0.021400
0.021318
0.020970
0.021384
0.021393
0.021501
0.021510
0.021514
0.021382
0.021527
0.021454
0.021406
0.021472
0.021477
0.021351
0.021436
0.021416
0.021486
0.021157
0.021446
0.021198
0.020965
0.021397
0.021088
0.021300
0.021648
0.021277
0.020992
0.021333
0.021156
0.021433
0.021099
0.021509
0.021440
0.021106
0.021444
0.021305
0.021010
0.021338
0.024885
0.025236
0.025515
0.024960
0.025445
0.024997
0.025565
0.025179
0.025572
0.025034
0.025556
0.025120
0.025429
0.025025
0.025520
0.024999
0.025469
0.025224
0.025549
0.024983
0.025492
0.025003
0.025436
0.025265
0.025574
0.024970
0.025458
0.024897
0.025531
0.025134
0.025476
0.025116
0.025505
0.024943
0.025509
0.025014
0.025432
0.025095
0.025516
0.025058
0.025448
0.025129
0.025587
0.025002
0.025475
0.025332
0.024970
0.025114
0.025397
0.025179
0.025384
0.025023
0.025399
0.024981
0.025415
0.024967
0.025393
0.025127
0.025559
0.025065
0.025490
0.025242
0.025530
0.025040
0.025464
0.025028
0.025512
0.025042
0.025390
0.024996
0.025392
0.025007
0.025532
0.024944
0.025518
0.025082
0.025578
0.024971
0.025416
0.025147
0.025491
0.021149
0.020947
0.020743
0.021179
0.021032
0.021065
0.020856
0.020861
0.021058
0.020824
0.021088
0.020871
0.020680
0.021220
0.020725
0.021096
0.020818
0.020800
0.021236
0.020773
0.021192
0.020867
0.020858
0.021190
0.020757
0.021156
0.020860
0.021042
0.020900
0.021201
0.020822
0.020985
0.021003
0.020796
0.020906
0.021062
0.020741
0.021024
0.020991
0.021363
0.020981
0.021348
0.021507
0.021345
0.020923
0.021398
0.021433
0.021291
0.021362
0.021345
0.021097
0.021474
0.021470
0.020830
0.021294
0.020917
0.021304
0.021476
0.021084
0.021312
0.021465
0.020997
0.021301
0.021456
0.021121
0.021421
0.021503
0.020923
0.021382
0.021454
0.021006
0.021473
0.021500
0.021400
0.020900
0.021473
0.021054
0.021489
0.021470
0.020935
0.021461
0.021447
0.021474
0.020903
0.021369
0.021445
0.021050
0.021607
0.024986
0.025088
0.025127
0.025081
0.025091
0.025036
0.025070
0.025131
0.025100
0.025134
0.025090
0.025007
0.025175
0.025218
0.025111
0.025017
0.025186
0.025081
0.025027
0.025051
0.025111
0.025197
0.025100
0.025085
0.025202
0.025132
0.025197
0.025140
0.025187
0.025231
0.025161
0.025159
0.025122
0.025066
0.025070
0.025182
0.025087
0.025196
0.025282
0.025168
0.025018
0.025168
0.025063
0.025022
0.025277
0.025042
0.025245
0.025032
0.025003
0.025022
0.025176
0.025120
0.025029
0.025290
0.025149
0.025140
0.025043
0.025271
0.025030
0.025047
0.025144
0.024947
0.025156
0.025058
0.025158
0.025140
0.025205
0.025299
0.025046
0.025045
0.025089
0.025175
0.024955
0.025142
0.025214
0.025319
0.025164
0.025033
0.025128
0.025059
0.025268
0.025008
0.025095
0.025076
0.025136
0.025164
0.025130
0.025300
0.025154
0.025135
0.025139
0.025052
0.025073
0.025117
0.025102
0.025175
0.025090
0.025138
0.025258
0.025067
0.025116
0.025253
0.025012
0.025091
0.025248
0.025062
0.025005
0.025042
0.025177
0.025139
0.025151
0.025221
0.024971
0.025090
0.025147
0.025288
0.025068
0.025231
0.025087
0.025043
0.025215
0.025196
0.025054
0.025157
0.025026
0.025068
0.024993
0.025039
0.025172
0.025301
0.025094
0.025173
0.025228
0.025062
0.025261
0.025098
0.025239
0.025114
0.025205
0.025202
0.025021
0.025100
0.025128
0.024975
0.025083
0.025260
0.025010
0.024997
0.025173
0.025212
0.025168
0.025307
0.025204
0.025126
0.025161
0.025205
0.025297
0.025147
0.025279
0.025001
0.025239
0.025221
0.025204
0.025171
0.025177
0.025088
0.025118
0.025076
0.025045
0.025080
0.025161
0.025081
0.025217
0.025102
0.025145
0.025078
0.025068
0.025095
0.025149
0.025246
0.025137
0.025100
0.025035
0.025096
0.025225
0.025174
0.025201
0.025168
0.025175
0.025200
0.025036
0.025056
0.025232
0.024968
0.025218
0.024987
0.025170
0.025244
0.024995
0.025107
0.024981
0.025263
0.025179
0.025207
0.025047
0.025131
0.025027
0.025076
0.025117
0.025308
0.025044
0.025096
0.025161
0.025151
0.025074
0.025174
0.025120
0.025176
0.025204
0.025013
0.025058
0.025188
0.025048
0.025022
0.025015
0.025105
0.025234
0.025148
0.025114
0.025118
0.025134
0.025228
0.025194
0.025024
0.025024
0.024996
0.025093
0.025045
0.025112
0.025040
0.025117
0.025082
0.025175
0.025151
0.025141
0.025146
0.025243
0.025093
0.025205
0.025091
0.025199
0.025123
0.025214
0.025109
0.025195
0.024928
0.025276
0.024989
0.025073
0.024870
0.025032
0.025210
0.025091
0.025089
0.025059
0.025149
0.025224
0.025002
0.025156
0.025012
0.025180
0.025032
0.025222
0.024948
0.025218
0.025293
0.025082
0.025187
0.025201
0.025151
0.025154
0.024871
0.025312
0.025264
0.025174
0.025017
0.025114
0.025079
0.025186
0.025314
0.025116
0.025204
0.025087
0.025238
0.025012
0.025016
0.025084
0.025147
0.025274
0.025124
0.025172
0.025136
0.025166
0.025101
0.025231
0.025120
0.025257
0.025153
0.025158
0.025215
0.025184
0.025056
0.025219
0.025230
0.025110
0.025150
0.025090
0.025146
0.025141
0.025025
0.025308
0.025175
0.025183
0.025038
0.025215
0.025199
0.025241
0.025012
0.025242
0.025077
0.025225
0.025065
0.025200
0.025042
0.025256
0.025194
0.025148
0.025073
0.025126
0.025118
0.025030
0.025110
0.025036
0.025177
0.025160
0.025202
0.025080
0.025025
0.024984
0.025229
0.025166
0.024963
0.025234
0.025175
0.025174
0.025081
0.025007
0.025212
0.025080
0.025013
0.025014
0.025064
0.025053
0.025156
0.025134
0.025076
0.025070
0.024961
0.025146
0.025063
0.024939
0.025247
0.025173
0.025209
0.025130
0.025193
0.025165
0.025114
0.025086
0.024952
0.025150
0.025000
0.025052
0.025103
0.025029
0.025190
0.025021
0.025252
0.025214
0.025247
0.025133
0.025195
0.025142
0.025133
0.025214
0.025226
0.025086
0.025030
0.025093
0.024990
0.025209
0.025181
0.025069
0.025037
0.025028
0.024976
0.024976
0.025192
0.025073
0.024962
0.025188
0.025084
0.025202
0.025214
0.025148
0.025153
0.025200
0.025176
0.025177
0.025209
0.025130
0.025237
0.025020
0.025181
0.025128
0.025338
0.025221
0.025262
0.025129
0.025125
0.025212
0.025105
0.025160
0.025088
0.025129
0.025001
0.024877
0.025076
0.025109
0.025242
0.025212
0.025018
0.025134
0.025023
0.025150
0.024991
0.025232
0.025123
0.025145
0.025133
0.025208
0.025196
0.025151
0.025070
0.025063
0.025186
0.025087
0.025100
0.025080
0.025099
0.025228
0.025027
0.025107
0.025075
0.025155
0.025111
0.025043
0.025118
0.025165
0.025086
0.025101
0.025101
0.024984
0.025227
0.025225
0.025138
0.025116
0.024946
0.025128
0.025215
0.024953
0.025142
0.025220
0.025128
0.025014
0.025109
0.025137
0.025112
0.025320
0.025017
0.025108
0.025229
0.025122
0.025077
0.025090
0.025081
0.025126
0.025178
0.025153
0.025052
0.025091
0.025126
0.025051
0.025118
0.025026
0.025188
0.025100
0.025115
0.025179
0.025049
0.025249
0.025165
0.025074
0.025219
0.025242
0.025261
0.025154
0.025219
0.025102
0.025072
0.025172
0.025071
0.025224
0.025063
0.025235
0.025154
0.025140
0.025093
0.025072
0.025091
0.025047
0.025168
0.025190
0.024943
0.025166
0.024975
0.025079
0.025107
0.025343
0.025189
0.025041
0.024916
0.025189
0.025286
0.025150
0.025223
0.025169
0.025019
0.025108
0.025060
0.025122
0.025058
0.025095
0.025147
0.025217
0.025187
0.025202
0.025334
0.025161
0.025030
0.025201
0.025089
0.025058
0.025141
0.025045
0.025098
0.025055
0.025200
0.025216
0.025120
0.025106
0.025129
0.025152
0.024874
0.025096
0.024913
0.025153
0.024992
0.025237
0.025115
0.025275
0.025132
0.025071
0.025218
0.025146
0.024885
0.025240
0.025038
0.025089
0.025058
0.025034
0.025159
0.025140
0.025087
0.024955
0.025162
0.025058
0.025268
0.025091
0.025195
0.025117
0.025209
0.024950
0.025178
0.025225
0.025230
0.025099
0.025112
0.025243
0.025235
0.024988
0.025108
0.025080
0.025154
0.025192
0.025092
0.025181
