0.001961
0.022457
0.024849
0.017515
0.032712
0.017401
0.032599
0.017445
0.032781
0.017424
0.032663
0.017427
0.032752
0.017316
0.032670
0.017317
0.032664
0.017318
0.032646
0.017400
0.032701
0.017418
0.032723
0.017365
0.032697
0.017422
0.032612
0.017361
0.032747
0.017384
0.032774
0.017330
0.032818
0.017422
0.032675
0.017515
0.032756
0.017441
0.032709
0.017519
0.032722
0.017395
0.032600
0.017427
0.032820
0.017421
0.032807
0.017397
0.032864
0.017494
0.032797
0.017243
0.032670
0.017341
0.032873
0.017351
0.032780
0.017371
0.032835
0.017426
0.032780
0.017405
0.032673
0.017397
0.032762
0.017301
0.032605
0.017430
0.032598
0.017478
0.032662
0.017460
0.032688
0.017464
0.032708
0.017387
0.032601
0.017448
0.032969
0.017308
0.032799
0.017409
0.032711
0.017568
0.032643
0.017432
0.032678
0.017369
0.032816
0.017412
0.032622
0.017342
0.032828
0.024986
0.017455
0.032652
0.017504
0.032688
0.017367
0.032609
0.017412
0.032768
0.017479
0.032497
0.017383
0.032825
0.017473
0.032736
0.017444
0.032897
0.017465
0.032608
0.017424
0.032635
0.017406
0.032693
0.017554
0.032825
0.017403
0.032940
0.017280
0.032658
0.017364
0.032832
0.017436
0.032779
0.017546
0.032779
0.017349
0.032697
0.017362
0.032840
0.017408
0.032809
0.017534
0.032691
0.017450
0.032645
0.017548
0.032810
0.017550
0.032616
0.017448
0.032686
0.017523
0.032721
0.017431
0.032687
0.017324
0.032817
0.017373
0.032671
0.017375
0.032765
0.017389
0.032712
0.017447
0.032717
0.017408
0.032775
0.017327
0.032719
0.017483
0.032748
0.017459
0.032721
0.017439
0.032569
0.017345
0.032621
0.017371
0.032753
0.017495
0.032706
0.017535
0.032680
0.017305
0.032605
0.017286
0.032769
0.017516
0.032816
0.017458
0.032757
0.017455
0.032703
0.017472
0.032544
0.017281
0.032732
0.017436
0.032715
0.017414
0.032757
0.017456
0.032794
0.017451
0.032674
0.017431
0.032772
0.017451
0.032781
0.017395
0.032561
0.017355
0.032706
0.017273
0.032730
0.016958
0.018823
0.018852
0.024905
0.018768
0.018955
0.024845
0.016929
0.024580
0.018643
0.026669
0.014918
0.026655
0.014924
0.026702
0.014905
0.026587
0.014953
0.026789
0.014955
0.026563
0.015013
0.026584
0.014927
0.026641
0.015117
0.018597
0.024800
0.018647
0.026688
0.015149
0.026446
0.015321
0.026406
0.015184
0.026495
0.015243
0.026401
0.015154
0.022993
0.017175
0.021075
0.023519
0.026707
0.019331
0.016708
0.027031
0.016980
0.016991
0.021433
0.023135
0.026695
0.021158
0.021223
0.021314
0.021414
0.021289
0.021178
0.021369
0.021214
0.021239
0.021314
0.021328
0.021193
0.021212
0.013361
0.023445
0.025192
0.018535
0.020957
0.017311
0.023418
0.026586
0.021127
0.021448
0.016943
0.017060
0.024915
0.017101
0.023560
0.026669
0.013477
0.023324
0.026746
0.013309
0.024929
0.017015
0.023245
0.022665
0.032951
0.017437
0.032695
0.017336
0.032723
0.017550
0.032762
0.017488
0.032808
0.017478
0.032806
0.017433
0.032661
0.017454
0.032647
0.017549
0.032804
0.017493
0.032681
0.017341
0.032735
0.017355
0.032959
0.017488
0.032704
0.017409
0.032612
0.017445
0.032797
0.017510
0.032767
0.017498
0.032652
0.017463
0.032747
0.017386
0.032725
0.017500
0.032693
0.017401
0.032829
0.017469
0.032801
0.017377
0.028881
0.021080
0.032902
0.017372
0.032784
0.017434
0.032568
0.017418
0.032637
0.017356
0.032638
0.017287
0.032833
0.017479
0.032764
0.017442
0.032898
0.017518
0.032674
0.017401
0.032759
0.017385
0.032740
0.017321
0.032743
0.017327
0.032676
0.017425
0.032652
0.017419
0.032789
0.017505
0.032702
0.017400
0.032814
0.017374
0.024832
0.018921
0.026571
0.015224
0.018612
0.024813
0.018832
0.018790
0.024675
0.017068
0.024656
0.018749
0.026605
0.016931
0.016896
0.024561
0.018839
0.026659
0.015268
0.026511
0.016811
0.018855
0.026702
0.015035
0.026567
0.015147
0.026592
0.015060
0.026504
0.015238
0.026485
0.020802
0.015095
0.026343
0.020752
0.014979
0.026441
0.014858
0.026745
0.017121
0.024893
0.013219
0.023383
0.022849
0.024972
0.013321
0.021523
0.023079
0.020841
0.023145
0.017173
0.023492
0.022958
0.016964
0.024862
0.024961
0.013241
0.024883
0.025194
0.013376
0.024826
0.025056
0.013268
0.023282
0.026764
0.013329
0.023404
0.026599
0.013354
0.023235
0.026775
0.021294
0.013314
0.023431
0.026489
0.015432
0.026749
0.013342
0.023350
0.026658
0.021281
0.013312
0.023333
0.026619
0.013340
0.023314
0.026618
0.015550
0.024358
0.024859
0.024983
0.024936
0.024937
0.024920
0.024908
0.024931
0.024937
0.024919
0.024923
0.024838
0.024947
0.025060
0.025025
0.024822
0.024992
0.024882
0.024934
0.024819
0.024966
0.024950
0.024943
0.024983
0.024936
0.024988
0.024989
0.024966
0.025041
0.025020
0.024979
0.025023
0.024943
0.024855
0.024839
0.025053
0.024877
0.024908
0.025132
0.025044
0.024896
0.024895
0.024992
0.024903
0.025038
0.025039
0.024868
0.024951
0.024842
0.024834
0.024978
0.024946
0.024861
0.025049
0.025047
0.024938
0.024910
0.025008
0.024925
0.024799
0.024969
0.024820
0.024905
0.024951
0.025071
0.024880
0.025005
0.025076
0.024998
0.024901
0.024917
0.024922
0.024879
0.024914
0.024956
0.025108
0.025010
0.024989
0.024899
0.024861
0.025036
0.024967
0.024949
0.024879
0.024868
0.025006
0.024940
0.025131
0.025036
0.024974
0.024909
0.024950
0.024871
0.024894
0.024948
0.025040
0.024870
0.024887
0.025034
0.024969
0.024979
0.024981
0.024990
0.024892
0.024980
0.024907
0.024903
0.024899
0.024949
0.024924
0.025024
0.024997
0.024869
0.024924
0.024922
0.025042
0.025032
0.024980
0.024943
0.024883
0.025006
0.025008
0.024935
0.024988
0.024947
0.024870
0.024733
0.024860
0.024953
0.025112
0.025017
0.024934
0.024976
0.025050
0.024953
0.024971
0.025025
0.025049
0.024977
0.025057
0.024962
0.024844
0.024987
0.024858
0.024840
0.025036
0.024940
0.024915
0.024829
0.025042
0.025038
0.025050
0.025121
0.024947
0.025017
0.025012
0.024985
0.025062
0.025079
0.024936
0.025076
0.025041
0.025064
0.025017
0.024994
0.025059
0.024859
0.024916
0.024847
0.024924
0.024956
0.024928
0.024967
0.024997
0.024986
0.024929
0.024938
0.024891
0.024900
0.025033
0.025017
0.024966
0.024868
0.024956
0.024999
0.025079
0.024971
0.025019
0.025090
0.024971
0.024993
0.024765
0.024944
0.024915
0.024962
0.024976
0.024907
0.025044
0.024959
0.024941
0.024846
0.024956
0.025039
0.025051
0.024958
0.024921
0.024836
0.024937
0.024888
0.025108
0.024931
0.024896
0.024967
0.024961
0.024959
0.024951
0.024901
0.024979
0.025034
0.024959
0.024895
0.024979
0.024930
0.024867
0.024793
0.024847
0.025063
0.025002
0.024899
0.024909
0.025014
0.025021
0.024989
0.024957
0.024688
0.024997
0.024901
0.024872
0.024922
0.024833
0.024898
0.024918
0.024968
0.025115
0.024913
0.024932
0.025075
0.024916
0.025031
0.024937
0.024963
0.024983
0.025049
0.025014
0.024921
0.024919
0.024783
0.025059
0.025035
0.024676
0.024721
0.024929
0.024969
0.024928
0.024931
0.024944
0.025034
0.024895
0.024936
0.024894
0.024836
0.024939
0.024989
0.024928
0.024872
0.025120
0.025022
0.024991
0.025049
0.024947
0.024986
0.024748
0.025001
0.025078
0.025052
0.024841
0.024904
0.024863
0.024999
0.025067
0.024999
0.024992
0.024912
0.025126
0.024923
0.024825
0.024873
0.024926
0.025093
0.025003
0.024993
0.024930
0.025061
0.024889
0.025034
0.024907
0.024995
0.025080
0.024998
0.025012
0.025009
0.024981
0.024984
0.025045
0.025008
0.024964
0.024897
0.024992
0.025021
0.024927
0.024979
0.025050
0.024981
0.024887
0.024973
0.024997
0.025098
0.024966
0.024935
0.024966
0.025026
0.024892
0.024966
0.024999
0.025024
0.024985
0.024975
0.024932
0.025004
0.024919
0.024913
0.024880
0.024899
0.024891
0.025004
0.025039
0.024983
0.024801
0.024884
0.024936
0.025047
0.024870
0.024985
0.025027
0.025053
0.024908
0.024942
0.024942
0.024945
0.024907
0.024792
0.024843
0.024940
0.024901
0.025038
0.024856
0.024836
0.024896
0.024805
0.024923
0.024887
0.024903
0.025042
0.025040
0.024977
0.024979
0.025034
0.024909
0.024962
0.024816
0.024863
0.024935
0.024841
0.024959
0.024804
0.025046
0.024892
0.024970
0.025061
0.025082
0.025018
0.024979
0.025005
0.025021
0.024884
0.025125
0.024949
0.024851
0.024981
0.024802
0.024935
0.025023
0.024863
0.024852
0.024889
0.024853
0.024854
0.024872
0.024970
0.024800
0.024985
0.024897
0.025010
0.025069
0.024983
0.024984
0.025063
0.024961
0.024953
0.025004
0.024996
0.024967
0.024889
0.025013
0.024990
0.025102
0.025043
0.025055
0.025021
0.024895
0.025019
0.024984
0.024919
0.024942
0.025013
0.024780
0.024832
0.024879
0.024823
0.025003
0.025054
0.024996
0.024864
0.024861
0.024958
0.024797
0.025100
0.024935
0.024985
0.024985
0.024961
0.025031
0.025066
0.024882
0.024856
0.024923
0.025001
0.024893
0.024947
0.024859
0.025087
0.024842
0.024973
0.024840
0.025066
0.024842
0.024971
0.024846
0.025015
0.025026
0.024909
0.024913
0.024883
0.024989
0.025025
0.024960
0.024951
0.024753
0.024945
0.025068
0.024860
0.024966
0.025017
0.025031
0.024903
0.024837
0.025038
0.024871
0.025128
0.024996
0.024907
0.024969
0.024980
0.024953
0.024923
0.024939
0.024860
0.025043
0.024930
0.025042
0.024830
0.024902
0.024835
0.024923
0.024911
0.024920
0.024992
0.024961
0.024963
0.024931
0.025006
0.025023
0.024968
0.024966
0.025014
0.025104
0.025011
0.025016
0.025006
0.024826
0.025000
0.024982
0.024993
0.024875
0.024941
0.025076
0.024952
0.024944
0.024925
0.024840
0.024919
0.024965
0.024986
0.024880
0.024824
0.024952
0.024773
0.024888
0.025070
0.025132
0.024832
0.024822
0.024949
0.025046
0.024965
0.025011
0.025067
0.024932
0.024867
0.024818
0.025074
0.024767
0.025001
0.024977
0.024944
0.025051
0.025059
0.025103
0.025048
0.024938
0.024972
0.024912
0.024928
0.024915
0.024900
0.024943
0.024869
0.024887
0.025093
0.024935
0.024991
0.024900
0.025023
0.024798
0.024794
0.024905
0.024885
0.024815
0.024957
0.024983
0.025152
0.024985
0.024956
0.024962
0.024959
0.024883
0.024904
0.024996
0.024856
0.024929
0.024902
0.024981
0.024939
0.024926
0.024863
0.024833
0.025018
0.024912
0.024961
0.025005
0.024931
0.025017
0.024891
0.024823
0.025099
0.025059
0.024983
0.024909
0.024976
0.025158
0.024774
0.024935
0.024947
0.024867
0.024986
0.024957
0.025012
0.024815
0.014872
0.024890
0.018644
0.018840
0.024733
0.016974
0.024724
0.018773
0.026644
0.015226
0.026424
0.014972
0.026526
0.014862
0.026667
0.015214
0.026630
0.014942
0.026575
0.015272
0.026386
0.016861
0.016908
0.024645
0.016841
0.024651
0.016957
0.024749
0.016756
0.024659
0.016807
0.024657
0.018735
0.026700
0.016951
0.016898
0.024689
0.016881
0.024681
0.024904
0.021202
0.021048
0.021060
0.021085
0.021207
0.021405
0.021368
0.021298
0.021188
0.021304
0.021103
0.021328
0.021323
0.021329
0.021410
0.016963
0.017054
0.021325
0.023170
0.026944
0.021351
0.021224
0.021376
0.013352
0.023404
0.026623
0.013312
0.023278
0.026506
0.021330
0.013326
0.023206
0.026924
0.013269
0.023264
0.026596
0.021178
0.013340
0.023114
0.026738
0.021132
0.013353
0.023136
0.026685
0.021316
0.021290
0.012928
0.020258
0.020613
0.020676
0.020644
0.020681
0.020725
0.020580
0.020446
0.020623
0.020603
0.020437
0.020552
0.020575
0.020578
0.020596
0.020483
0.020530
0.020513
0.020622
0.020482
0.020635
0.020583
0.020585
0.020607
0.020582
0.020560
0.020518
0.020492
0.020535
0.020496
0.020669
0.020460
0.020560
0.020572
0.020580
0.020538
0.020495
0.020493
0.020520
0.020882
0.020729
0.020877
0.020887
0.020818
0.020833
0.020816
0.020782
0.020955
0.020866
0.020714
0.020823
0.020782
0.020768
0.020933
0.020947
0.020871
0.020853
0.020836
0.020819
0.020978
0.020866
0.020795
0.020825
0.020960
0.020896
0.020771
0.020676
0.020766
0.020908
0.020764
0.020994
0.020770
0.020759
0.020765
0.020930
0.020810
0.020880
0.020780
0.020795
0.020841
0.020950
0.020851
0.020734
0.020886
0.020854
0.020723
0.020706
0.020773
0.020774
0.020921
0.020979
0.022959
0.024774
0.024821
0.024693
0.024899
0.024859
0.024814
0.024948
0.024858
0.024995
0.024943
0.024973
0.024864
0.025114
0.024901
0.024911
0.024910
0.024970
0.024858
0.024936
0.024763
0.024959
0.024863
0.024925
0.024868
0.024902
0.024878
0.024891
0.024874
0.024885
0.024828
0.024896
0.024821
0.024987
0.024954
0.024840
0.024827
0.024882
0.024972
0.024951
0.024864
0.024914
0.024916
0.024884
0.024914
0.024928
0.024941
0.024971
0.024774
0.024994
0.024939
0.024877
0.024833
0.024857
0.024779
0.024941
0.024763
0.024910
0.025024
0.024834
0.024999
0.024962
0.024809
0.024869
0.024801
0.024906
0.024837
0.024985
0.024914
0.025049
0.024917
0.024786
0.024799
0.025004
0.024870
0.024889
0.024894
0.024924
0.024833
0.024955
0.025106
0.024959
0.024803
0.024986
0.025028
0.025037
0.024786
0.024942
0.024984
0.024834
0.024833
0.024766
0.024790
0.024940
0.025009
0.024942
0.024919
0.024902
0.024970
0.024893
0.025022
0.025039
0.024810
0.024884
0.024868
0.025041
0.024739
0.024988
0.024871
0.024822
0.024973
0.024915
0.025038
0.024914
0.024931
0.025026
0.024810
0.024961
0.024814
0.024914
0.025066
0.025057
0.024783
0.024817
0.024949
0.025012
0.024915
0.024976
0.024798
0.024799
0.024805
0.024750
0.024855
0.024983
0.024934
0.024968
0.024816
0.024900
0.024847
0.024930
0.024747
0.024908
0.024840
0.024913
0.024911
0.024924
0.024868
0.024950
0.024904
0.024901
0.024907
0.024861
0.024919
0.025011
0.022751
0.020691
0.020602
0.020786
0.020723
0.020632
0.020619
0.020756
0.020554
0.020637
0.020602
0.020548
0.020581
0.020638
0.020559
0.020585
0.020496
0.020572
0.020476
0.020594
0.020658
0.020436
0.020439
0.020664
0.020503
0.020628
0.020400
0.020635
0.020651
0.020640
0.020419
0.020519
0.020474
0.020640
0.020513
0.020646
0.020581
0.020601
0.020520
0.020674
0.020748
0.020877
0.020882
0.020892
0.020847
0.020844
0.020777
0.020843
0.020747
0.020923
0.020888
0.020964
0.020747
0.020875
0.020837
0.020779
0.020759
0.020941
0.020720
0.020854
0.020738
0.020961
0.020791
0.020864
0.020776
0.020908
0.020696
0.020801
0.020750
0.020961
0.020897
0.020845
0.020792
0.020876
0.020828
0.020752
0.020943
0.020901
0.020922
0.020827
0.020813
0.020855
0.020835
0.020908
0.020856
