0.016657
0.024488
0.021413
0.028961
0.021036
0.028922
0.020975
0.029138
0.021121
0.029042
0.021108
0.029031
0.021145
0.028998
0.021064
0.028992
0.021044
0.029065
0.021117
0.029096
0.020999
0.028938
0.021114
0.028932
0.021193
0.029187
0.021060
0.028978
0.020947
0.029006
0.021098
0.029072
0.021094
0.029040
0.020999
0.028944
0.021057
0.028955
0.021052
0.029103
0.020992
0.029010
0.021132
0.029189
0.020992
0.028978
0.016997
0.032822
0.021143
0.028995
0.021101
0.028993
0.020972
0.028898
0.021046
0.028903
0.020967
0.028863
0.021165
0.029039
0.021137
0.029011
0.021188
0.029040
0.021019
0.028989
0.021103
0.029024
0.021061
0.028883
0.021071
0.028871
0.021063
0.029038
0.020995
0.028997
0.021092
0.029079
0.021018
0.028958
0.021077
0.028995
0.014848
0.028570
0.017062
0.024430
0.019062
0.014687
0.028515
0.018897
0.014739
0.026844
0.014702
0.028352
0.017010
0.016582
0.026750
0.014675
0.028491
0.017084
0.024519
0.017093
0.016571
0.028496
0.017089
0.024495
0.016971
0.024497
0.017157
0.024305
0.017232
0.024489
0.017088
0.020537
0.024570
0.016998
0.020499
0.024487
0.017051
0.024247
0.017180
0.016731
0.025357
0.022740
0.022988
0.013288
0.025230
0.022865
0.021354
0.022622
0.021133
0.013105
0.027095
0.022980
0.013418
0.026731
0.014826
0.025348
0.022708
0.014896
0.025595
0.022737
0.014890
0.025426
0.022736
0.022892
0.017291
0.023087
0.023014
0.017180
0.023009
0.022878
0.017253
0.021275
0.023047
0.022896
0.017157
0.024736
0.017353
0.023022
0.022971
0.017184
0.021270
0.022998
0.022927
0.017199
0.023006
0.022860
0.017283
0.024925
0.024765
0.024816
0.024937
0.024757
0.024920
0.024821
0.024832
0.024780
0.024826
0.024894
0.024903
0.024758
0.024918
0.024973
0.024887
0.024739
0.024954
0.024853
0.024755
0.024781
0.024937
0.024896
0.024824
0.024935
0.024886
0.024921
0.024956
0.024891
0.024921
0.024901
0.024934
0.024923
0.024837
0.024792
0.024832
0.024973
0.024837
0.024919
0.025049
0.024903
0.024785
0.024841
0.024845
0.024791
0.025022
0.024825
0.025000
0.024795
0.024789
0.024686
0.024947
0.024911
0.024779
0.025069
0.024969
0.024849
0.024829
0.025012
0.024793
0.024760
0.024926
0.024690
0.024910
0.024822
0.024947
0.024855
0.024970
0.025008
0.024813
0.024817
0.024858
0.024929
0.024752
0.024884
0.024978
0.025090
0.024861
0.024853
0.024913
0.024759
0.025011
0.024810
0.024882
0.024791
0.024873
0.024964
0.024857
0.024986
0.024952
0.024868
0.024810
0.024865
0.024841
0.024803
0.024923
0.024952
0.024845
0.024901
0.025028
0.024773
0.024934
0.024964
0.024784
0.024780
0.025032
0.024785
0.024810
0.024734
0.024957
0.024865
0.024955
0.024930
0.024777
0.024820
0.024885
0.025025
0.024853
0.024922
0.024929
0.024784
0.025045
0.024958
0.024835
0.024906
0.024841
0.024763
0.024683
0.024720
0.024951
0.025094
0.024839
0.024875
0.025043
0.024873
0.024948
0.024874
0.025017
0.024867
0.025001
0.024910
0.024849
0.024844
0.024925
0.024756
0.024862
0.024973
0.024829
0.024801
0.024876
0.024985
0.024961
0.025030
0.025011
0.024811
0.024992
0.024915
0.025039
0.024919
0.025056
0.024808
0.025044
0.024904
0.024973
0.024942
0.024897
0.024902
0.024894
0.024779
0.024861
0.024823
0.024936
0.024843
0.024982
0.024836
0.024915
0.024849
0.024819
0.024815
0.024949
0.024996
0.024915
0.024904
0.024798
0.024827
0.024960
0.024929
0.024975
0.024948
0.024940
0.024911
0.024840
0.024801
0.024970
0.024768
0.024973
0.024817
0.024902
0.024938
0.024845
0.024852
0.024777
0.024989
0.025017
0.024938
0.024838
0.024872
0.024692
0.024876
0.024866
0.025051
0.024835
0.024828
0.024871
0.024897
0.024805
0.024877
0.024869
0.024984
0.024929
0.024752
0.024878
0.024894
0.024833
0.024812
0.024743
0.024842
0.025026
0.024899
0.024937
0.024872
0.024924
0.024931
0.024997
0.024789
0.024680
0.024816
0.024836
0.024801
0.024897
0.024784
0.024906
0.024792
0.024934
0.024938
0.024936
0.024809
0.025009
0.024839
0.024982
0.024845
0.024934
0.024869
0.025004
0.024886
0.024732
0.024627
0.025024
0.024861
0.024878
0.024725
0.024718
0.025006
0.024843
0.024811
0.024860
0.024917
0.024940
0.024773
0.024898
0.024706
0.024905
0.024761
0.024953
0.024715
0.024921
0.025079
0.024913
0.024862
0.025028
0.024915
0.024921
0.024636
0.025060
0.025013
0.025003
0.024782
0.024867
0.024824
0.025023
0.025017
0.024919
0.024962
0.024821
0.025018
0.024819
0.024743
0.024792
0.024916
0.025066
0.024874
0.024976
0.024846
0.025024
0.024840
0.024961
0.024832
0.024961
0.024959
0.024940
0.024953
0.024961
0.024885
0.024985
0.024968
0.024916
0.024887
0.024853
0.024916
0.024943
0.024758
0.025030
0.024970
0.024965
0.024746
0.025005
0.024952
0.025003
0.024812
0.024937
0.024843
0.024927
0.024788
0.024972
0.024841
0.025003
0.024924
0.024913
0.024838
0.024925
0.024834
0.024828
0.024844
0.024839
0.024884
0.024916
0.024982
0.024898
0.024740
0.024829
0.024948
0.024981
0.024750
0.024960
0.024932
0.024981
0.024792
0.024826
0.024889
0.024854
0.024779
0.024792
0.024769
0.024824
0.024880
0.024928
0.024771
0.024782
0.024768
0.024861
0.024858
0.024749
0.024992
0.024984
0.024974
0.024893
0.024987
0.024959
0.024863
0.024841
0.024751
0.024842
0.024732
0.024844
0.024925
0.024728
0.024976
0.024809
0.024953
0.024953
0.024961
0.024912
0.024956
0.024968
0.024868
0.024966
0.025012
0.024854
0.024746
0.024935
0.024707
0.024966
0.024927
0.024828
0.024791
0.024807
0.024723
0.024783
0.024925
0.024844
0.024725
0.024975
0.024779
0.024949
0.024956
0.024891
0.024912
0.024965
0.024899
0.024965
0.024997
0.024873
0.025005
0.024786
0.024978
0.024898
0.025068
0.024947
0.025065
0.024926
0.024814
0.025007
0.024888
0.024899
0.024887
0.024917
0.024726
0.024666
0.024842
0.024798
0.024990
0.024950
0.024832
0.024909
0.024722
0.024941
0.024779
0.024962
0.024814
0.024934
0.024896
0.024967
0.024938
0.024911
0.024830
0.024881
0.024898
0.024933
0.024819
0.024872
0.024820
0.025064
0.024723
0.024911
0.024735
0.024980
0.024853
0.024801
0.024854
0.025005
0.024803
0.024843
0.024894
0.024745
0.024951
0.024930
0.024869
0.024925
0.024644
0.024893
0.025014
0.024768
0.024869
0.025006
0.024924
0.024786
0.024843
0.024990
0.024793
0.025077
0.024853
0.024842
0.024966
0.024909
0.024853
0.024878
0.024858
0.024842
0.024946
0.024951
0.024843
0.024796
0.024775
0.024805
0.024837
0.024803
0.024909
0.024812
0.024916
0.024968
0.024771
0.024972
0.024967
0.024850
0.024936
0.025017
0.025035
0.024928
0.024966
0.024891
0.024803
0.024951
0.024817
0.024995
0.024807
0.024898
0.024982
0.024920
0.024826
0.024837
0.024852
0.024777
0.024949
0.024880
0.024731
0.024876
0.024719
0.024845
0.024840
0.025072
0.024987
0.024724
0.024690
0.024963
0.024977
0.024899
0.025002
0.024935
0.024838
0.024866
0.024762
0.024971
0.024698
0.024940
0.024920
0.024930
0.024916
0.024979
0.025064
0.024878
0.024791
0.024936
0.024822
0.024857
0.024822
0.024769
0.024923
0.024784
0.024863
0.025010
0.024856
0.024913
0.024849
0.024907
0.024647
0.024837
0.024732
0.024933
0.024702
0.024959
0.024878
0.025100
0.024834
0.024840
0.024951
0.024877
0.024680
0.024911
0.024816
0.024851
0.024844
0.024756
0.024946
0.024881
0.024793
0.024740
0.024821
0.024884
0.024997
0.024825
0.025012
0.024903
0.024966
0.024736
0.024878
0.024990
0.025003
0.024894
0.024870
0.024966
0.025020
0.024700
0.024940
0.024846
0.024785
0.024984
0.024878
0.024918
0.022447
0.020925
0.020826
0.020522
0.020610
0.020854
0.020651
0.021034
0.020447
0.020230
0.020926
0.020474
0.020807
0.020470
0.020673
0.020643
0.021041
0.020556
0.020798
0.020624
0.020959
0.020477
0.020891
0.020587
0.020675
0.020565
0.020837
0.020545
0.020847
0.020558
0.020777
0.020546
0.020676
0.020620
0.020644
0.020933
0.020563
0.020884
0.020561
0.020793
0.020793
0.021153
0.020895
0.021048
0.020950
0.021159
0.021329
0.021264
0.021192
0.021183
0.021208
0.021086
0.021161
0.021332
0.021232
0.021345
0.021017
0.020818
0.021070
0.021180
0.020835
0.021312
0.021158
0.021309
0.021173
0.021348
0.020649
0.021077
0.021122
0.020659
0.021274
0.021238
0.021221
0.020712
0.021078
0.021181
0.020612
0.021210
0.021090
0.021241
0.020625
0.021090
0.021165
0.021149
0.020622
0.021265
0.021219
0.016992
0.020372
0.020619
0.020583
0.020669
0.020549
0.020652
0.020351
0.020458
0.020490
0.020536
0.020323
0.020549
0.020492
0.020608
0.020397
0.020479
0.020375
0.020448
0.020462
0.020550
0.020487
0.020516
0.020519
0.020563
0.020459
0.020391
0.020492
0.020389
0.020446
0.020604
0.020401
0.020311
0.020574
0.020482
0.020429
0.020409
0.020439
0.020397
0.020634
0.020777
0.020686
0.020903
0.020708
0.020761
0.020765
0.020778
0.020633
0.020972
0.020680
0.020675
0.020690
0.020624
0.020841
0.020893
0.020768
0.020810
0.020745
0.020825
0.020753
0.020939
0.020708
0.020747
0.020769
0.020881
0.020644
0.020661
0.020611
0.020827
0.020763
0.020741
0.020775
0.020704
0.020637
0.020865
0.020685
0.020878
0.020743
0.020609
0.020666
0.020834
0.020764
0.020720
0.020723
0.020775
0.020641
0.020650
0.020638
0.020796
0.020752
0.020829
0.020844
0.024812
0.024636
0.024782
0.024564
0.024868
0.024686
0.024892
0.024767
0.024857
0.024996
0.024864
0.024771
0.024927
0.025036
0.024801
0.024694
0.024994
0.024735
0.024855
0.024827
0.024703
0.024855
0.024945
0.024700
0.024722
0.024863
0.024784
0.024716
0.024788
0.024784
0.024876
0.024733
0.024853
0.024819
0.024901
0.024691
0.024842
0.024750
0.024974
0.024866
0.024773
0.024858
0.024812
0.024876
0.024789
0.024920
0.024892
0.024741
0.024909
0.024829
0.024933
0.024714
0.024746
0.024733
0.024827
0.024843
0.024767
0.024942
0.024837
0.024847
0.024932
0.024818
0.024732
0.024794
0.024777
0.024790
0.024852
0.024800
0.024971
0.024879
0.024857
0.024668
0.024812
0.024752
0.024901
0.024764
0.024952
0.024691
0.024865
0.024875
0.025096
0.024804
0.024750
0.024956
0.024988
0.024824
0.024795
0.024909
0.024821
0.024726
0.024780
0.024624
0.024703
0.025071
0.024864
0.024738
0.024944
0.024823
0.024830
0.024931
0.025020
0.024882
0.024792
0.024704
0.024882
0.024890
0.024733
0.024885
0.024704
0.024870
0.024937
0.024877
0.024853
0.024856
0.025024
0.024782
0.024803
0.024871
0.024662
0.024988
0.025025
0.024844
0.024679
0.024873
0.024888
0.024907
0.024853
0.024812
0.024674
0.024788
0.024794
0.024538
0.024922
0.024782
0.024991
0.024745
0.024836
0.024817
0.024860
0.024708
0.024810
0.024776
0.024780
0.024779
0.024794
0.024884
0.024792
0.024974
0.024673
0.024891
0.024841
0.024846
0.024842
0.024861
0.020640
0.020518
0.020581
0.020629
0.020679
0.020484
0.020631
0.020635
0.020561
0.020453
0.020615
0.020458
0.020650
0.020511
0.020544
0.020466
0.020509
0.020440
0.020498
0.020568
0.020462
0.020369
0.020569
0.020443
0.020537
0.020450
0.020444
0.020601
0.020585
0.020455
0.020421
0.020381
0.020505
0.020430
0.020483
0.020600
0.020551
0.020503
0.020517
0.020662
0.020728
0.020900
0.020767
0.020910
0.020703
0.020742
0.020751
0.020798
0.020756
0.020897
0.020781
0.020926
0.020681
0.020816
0.020677
0.020750
0.020773
0.020784
0.020723
0.020693
0.020745
0.020879
0.020620
0.020792
0.020815
0.020748
0.020719
0.020636
0.020791
0.020896
0.020803
0.020783
0.020804
0.020714
0.020805
0.020736
0.020903
0.020874
0.020679
0.020799
0.020802
0.020839
0.020777
0.020889
0.020698
0.016677
0.016491
0.016563
0.016541
0.016412
0.016486
0.016498
0.020448
0.020564
0.020500
0.020565
0.020464
0.020438
0.020612
0.020389
0.020468
0.020573
0.020627
0.020521
0.020485
0.020500
0.020472
0.020423
0.020470
0.020409
0.020536
0.020525
0.020448
0.020322
0.020573
0.020340
0.020461
0.020556
0.020467
0.020599
0.020620
0.020410
0.020532
0.020368
0.020544
0.020559
0.020778
0.020746
0.020969
0.020905
0.020971
0.020781
0.020711
0.020860
0.020890
0.020811
0.020848
0.021026
0.020829
0.020906
0.020853
0.020798
0.020903
0.020933
0.020814
0.020807
0.020842
0.020929
0.020940
0.020741
0.020903
0.020786
0.020783
0.020791
0.020813
0.020791
0.020820
0.020759
0.020869
0.020772
0.020808
0.020769
0.020793
0.020800
0.020801
0.020834
0.020735
0.020766
0.020804
0.020908
0.020884
0.020768
0.020694
0.020746
0.020865
0.020971
0.020813
0.020810
0.022959
0.024707
0.024869
0.024683
0.024795
0.024659
0.024696
0.024657
0.024895
0.024750
0.024762
0.024713
0.024921
0.024799
0.024889
0.024831
0.024848
0.024857
0.024751
0.024927
0.024878
0.024806
0.024833
0.024727
0.024928
0.024881
0.024954
0.024883
0.024747
0.024895
0.024822
0.024853
0.024865
0.024643
0.024977
0.024820
0.024795
0.025001
0.024903
0.024694
0.024887
0.024779
0.024757
0.024796
0.024804
0.024759
0.024762
0.024919
0.024679
0.024839
0.024955
0.024862
0.024781
0.024835
0.024787
0.024815
0.024916
0.024852
0.024850
0.024725
0.024823
0.024925
0.024851
0.024853
0.024778
0.024812
0.024960
0.024793
0.024831
0.024761
0.024794
0.024806
0.024863
0.024715
0.024695
0.024901
0.024922
0.024694
0.024873
0.024775
0.025069
0.024955
0.024755
0.024929
0.024948
0.024870
0.024971
0.024872
0.024719
0.024827
0.024887
0.024760
0.024858
0.024888
0.024777
0.024852
0.024879
0.024911
0.025090
0.024825
0.024839
0.024705
0.024833
0.024743
0.024918
0.024823
0.024802
0.024807
0.024860
0.024894
0.024982
0.024790
0.025108
0.024898
0.024977
0.024799
0.024956
0.024755
0.025010
0.024845
0.024850
0.024893
0.024904
0.024909
0.024888
0.024864
0.025100
0.024967
0.024931
0.024942
0.024822
0.024815
0.025030
0.024982
0.024892
0.024938
0.025076
0.024923
0.024808
0.024871
0.024752
0.024763
0.024752
0.024838
0.024983
0.024886
0.024713
0.024623
0.024846
0.024684
0.024879
0.024757
0.024973
0.024962
0.024773
0.024940
0.024874
0.024832
0.024697
0.024660
0.024859
0.024835
0.024903
0.024764
0.024910
0.024729
0.024912
0.024860
0.024803
0.024774
0.024865
0.024890
0.024984
0.024739
0.024842
0.024794
0.024963
0.024876
0.024913
0.024864
0.024922
0.024814
0.025051
0.024677
0.024823
0.024878
0.024841
0.024871
0.024727
0.024850
0.024933
0.024901
0.024980
0.024803
0.024787
0.024862
0.024942
0.024879
0.024762
0.024845
0.025015
0.024812
