0.003779
0.018449
0.018588
0.019052
0.018801
0.024584
0.018924
0.016925
0.026448
0.017058
0.022976
0.016791
0.024822
0.016748
0.026574
0.017183
0.022985
0.018591
0.023034
0.016826
0.024862
0.016936
0.026310
0.017339
0.023034
0.018547
0.024571
0.018947
0.017061
0.026286
0.019078
0.017142
0.026286
0.018887
0.016932
0.020550
0.025170
0.017094
0.023294
0.021410
0.021261
0.021389
0.021249
0.021443
0.021126
0.021262
0.021377
0.021335
0.022908
0.017013
0.023215
0.021382
0.021361
0.021312
0.021219
0.021231
0.021332
0.021426
0.021291
0.021477
0.021265
0.021339
0.023300
0.017023
0.023320
0.023251
0.017128
0.023342
0.024802
0.017371
0.023239
0.017007
0.023246
0.023136
0.017092
0.023311
0.023250
0.017004
0.023339
0.023265
0.017082
0.023249
0.023099
0.017128
0.023231
0.021384
0.025538
0.020949
0.029284
0.021100
0.029154
0.020983
0.029212
0.021041
0.029235
0.021004
0.029187
0.021045
0.029185
0.021089
0.029045
0.020978
0.029056
0.021076
0.029186
0.021073
0.029207
0.021084
0.029115
0.021088
0.029189
0.020975
0.029116
0.021133
0.029136
0.021102
0.029140
0.021126
0.029225
0.021015
0.029288
0.021109
0.029216
0.021078
0.029258
0.021048
0.029164
0.021050
0.029186
0.021135
0.029253
0.021140
0.029194
0.021168
0.029321
0.021167
0.029083
0.020989
0.029125
0.021095
0.029272
0.021072
0.029223
0.021137
0.029233
0.021112
0.029185
0.021023
0.029189
0.021089
0.029064
0.021028
0.029144
0.020953
0.029278
0.021021
0.029194
0.021031
0.029171
0.021077
0.029212
0.021080
0.029156
0.021271
0.029180
0.021196
0.029166
0.021013
0.029357
0.021029
0.029182
0.021011
0.029103
0.021128
0.029191
0.020991
0.029128
0.021129
0.025002
0.029369
0.021091
0.029221
0.021064
0.029108
0.021031
0.029176
0.021098
0.029228
0.020965
0.029049
0.021188
0.029213
0.021078
0.029188
0.021144
0.029271
0.021035
0.029118
0.021050
0.029085
0.021079
0.029306
0.021170
0.029197
0.021264
0.029103
0.021099
0.029069
0.021204
0.029236
0.021127
0.029323
0.021170
0.029145
0.021069
0.029181
0.021101
0.029203
0.021216
0.029238
0.021101
0.029168
0.021034
0.029278
0.021064
0.029393
0.021043
0.029161
0.021038
0.029318
0.021097
0.029209
0.021046
0.029093
0.021186
0.029179
0.021045
0.029183
0.021126
0.029179
0.021065
0.029196
0.021102
0.029109
0.021123
0.029119
0.021129
0.029182
0.021077
0.029246
0.021056
0.029205
0.020980
0.029102
0.021060
0.029174
0.021153
0.029219
0.021064
0.029322
0.021029
0.029118
0.020997
0.029062
0.021025
0.029281
0.021184
0.029138
0.021119
0.029266
0.021118
0.029138
0.021035
0.028977
0.021100
0.029230
0.021035
0.029179
0.021148
0.029235
0.021181
0.029197
0.021031
0.029191
0.021148
0.029265
0.021120
0.029176
0.021006
0.029027
0.021037
0.029092
0.020978
0.028652
0.019099
0.018825
0.024683
0.019045
0.018981
0.024693
0.017155
0.024354
0.018945
0.016881
0.024764
0.016982
0.024708
0.017013
0.024745
0.016949
0.024764
0.016990
0.024716
0.016901
0.024776
0.016950
0.024714
0.016906
0.024769
0.018772
0.024614
0.018892
0.016985
0.024780
0.016920
0.024935
0.016813
0.024840
0.016932
0.024974
0.016943
0.024858
0.022918
0.017458
0.021038
0.023444
0.017123
0.028955
0.017089
0.017164
0.026628
0.017309
0.021406
0.023033
0.017112
0.020887
0.021296
0.021284
0.021447
0.021324
0.021371
0.021319
0.021347
0.021319
0.021367
0.021343
0.021667
0.021198
0.023227
0.023324
0.025172
0.018837
0.021008
0.017332
0.023273
0.016981
0.021042
0.021297
0.027102
0.017271
0.024750
0.017394
0.023326
0.017021
0.023373
0.023216
0.017136
0.023179
0.024809
0.017218
0.023145
0.022924
0.021245
0.029292
0.021086
0.029116
0.021067
0.029322
0.021104
0.029297
0.021163
0.029202
0.021140
0.029244
0.021071
0.029176
0.021022
0.029238
0.021124
0.029284
0.021078
0.029076
0.021114
0.029140
0.021234
0.029387
0.021139
0.029133
0.021037
0.029133
0.021114
0.029248
0.021112
0.029254
0.021013
0.029198
0.021071
0.029157
0.021124
0.029236
0.020998
0.029225
0.021085
0.029341
0.021081
0.029176
0.028721
0.021285
0.021191
0.029165
0.021121
0.029263
0.020952
0.029177
0.021053
0.029102
0.021074
0.028975
0.021194
0.029264
0.021144
0.029190
0.021241
0.029323
0.021025
0.029190
0.021132
0.029140
0.021106
0.029109
0.021177
0.029045
0.021112
0.029221
0.021124
0.029184
0.021157
0.029372
0.021180
0.029182
0.021162
0.029277
0.024762
0.019225
0.016973
0.024900
0.018957
0.024735
0.019153
0.018849
0.024651
0.017347
0.024541
0.019103
0.017030
0.026532
0.017206
0.024512
0.019129
0.016973
0.024951
0.017068
0.026505
0.019095
0.017078
0.024851
0.016981
0.024819
0.017068
0.024728
0.017076
0.024936
0.016942
0.020725
0.025028
0.016846
0.020694
0.024926
0.016959
0.024639
0.017084
0.026823
0.015708
0.022900
0.023366
0.022929
0.015713
0.022973
0.021616
0.023074
0.021057
0.023079
0.017479
0.023391
0.023062
0.017251
0.024748
0.015673
0.022866
0.024809
0.015991
0.022905
0.024754
0.015803
0.022929
0.023167
0.017190
0.023288
0.023401
0.017044
0.023266
0.023206
0.017178
0.021453
0.023236
0.023381
0.017007
0.025204
0.017161
0.023271
0.023312
0.017069
0.021404
0.023164
0.023325
0.017097
0.023217
0.023262
0.017046
0.025352
0.024663
0.024952
0.025110
0.024962
0.025102
0.024997
0.025002
0.025019
0.025021
0.025017
0.025052
0.024926
0.025081
0.025124
0.025105
0.024871
0.025115
0.024948
0.025047
0.024921
0.025052
0.025033
0.025029
0.025120
0.024978
0.025069
0.025081
0.025067
0.025100
0.025153
0.025132
0.025075
0.025104
0.024906
0.024961
0.025189
0.025041
0.024985
0.025225
0.025080
0.024989
0.024999
0.025022
0.024931
0.025135
0.025120
0.025017
0.024990
0.024947
0.024939
0.025041
0.025013
0.024986
0.025184
0.025154
0.025044
0.024956
0.025140
0.025026
0.024920
0.025086
0.024894
0.024992
0.024985
0.025138
0.024966
0.025144
0.025164
0.025038
0.025037
0.024952
0.025013
0.025014
0.025045
0.025002
0.025191
0.025091
0.025038
0.025094
0.024926
0.025209
0.025000
0.025063
0.024950
0.025038
0.025130
0.025044
0.025228
0.025134
0.025036
0.025022
0.025106
0.024912
0.024995
0.025067
0.025111
0.024985
0.024968
0.025166
0.024992
0.025067
0.025078
0.025008
0.024968
0.025106
0.024977
0.024947
0.024974
0.025020
0.024987
0.025082
0.025010
0.024924
0.024989
0.025021
0.025090
0.025029
0.025032
0.025073
0.024894
0.025085
0.025070
0.024982
0.024961
0.025045
0.024892
0.024843
0.024873
0.025051
0.025206
0.025080
0.025002
0.025137
0.025052
0.025052
0.024976
0.025138
0.025056
0.025056
0.025074
0.024992
0.024898
0.025086
0.024894
0.024892
0.025088
0.025002
0.024896
0.024913
0.025093
0.025109
0.025122
0.025201
0.024949
0.025177
0.025093
0.025086
0.025081
0.025197
0.024896
0.025148
0.025057
0.025115
0.025037
0.025034
0.025109
0.024976
0.024895
0.024971
0.024975
0.025014
0.024915
0.025031
0.024993
0.025028
0.024977
0.024982
0.024927
0.025012
0.025160
0.025079
0.024983
0.024923
0.025034
0.025085
0.025079
0.025128
0.025052
0.025155
0.025034
0.025045
0.024809
0.025098
0.024918
0.025062
0.024935
0.024984
0.025088
0.025048
0.024884
0.024895
0.025044
0.025164
0.025083
0.024983
0.025031
0.024869
0.025024
0.024982
0.025161
0.024960
0.024968
0.025020
0.025015
0.025029
0.025066
0.024954
0.025105
0.025048
0.024973
0.024971
0.025009
0.024981
0.024900
0.024848
0.024912
0.025109
0.025086
0.025032
0.024927
0.025119
0.025029
0.025120
0.025024
0.024800
0.025014
0.024938
0.024953
0.025013
0.024907
0.025009
0.024924
0.025038
0.025111
0.025024
0.024946
0.025192
0.024926
0.025141
0.024947
0.025046
0.025028
0.025154
0.025025
0.024786
0.024840
0.025170
0.024909
0.025018
0.024941
0.024796
0.025029
0.024920
0.025023
0.025000
0.025038
0.025087
0.024897
0.025040
0.024943
0.024892
0.024996
0.025060
0.024928
0.024992
0.025127
0.025069
0.024980
0.025135
0.024946
0.025126
0.024817
0.025095
0.025117
0.025207
0.024867
0.025012
0.024901
0.025122
0.025129
0.025017
0.025059
0.024954
0.025123
0.025021
0.024878
0.024890
0.024938
0.025182
0.025012
0.025112
0.024979
0.025156
0.024915
0.025173
0.024957
0.025114
0.025097
0.025101
0.025052
0.025059
0.025017
0.025118
0.025057
0.025081
0.024996
0.024927
0.025022
0.025078
0.024956
0.025044
0.025048
0.025103
0.024919
0.024992
0.025128
0.025056
0.025009
0.025043
0.025036
0.025077
0.024915
0.025065
0.025017
0.025081
0.025036
0.025091
0.024967
0.025034
0.024930
0.025000
0.024965
0.024930
0.024989
0.025028
0.025076
0.025069
0.024808
0.024951
0.025033
0.025089
0.024832
0.025080
0.025140
0.025093
0.024892
0.024976
0.025062
0.025024
0.024941
0.024889
0.024965
0.024941
0.024972
0.025062
0.024935
0.024893
0.024941
0.024892
0.025007
0.024877
0.025029
0.025126
0.025085
0.024945
0.025067
0.025092
0.024931
0.025071
0.024905
0.024916
0.024990
0.024909
0.025039
0.024859
0.025145
0.024906
0.025068
0.025092
0.025115
0.025069
0.025021
0.025050
0.025011
0.025000
0.025112
0.025002
0.024888
0.025066
0.024821
0.025040
0.025041
0.024963
0.024891
0.024949
0.024929
0.024931
0.024976
0.025011
0.024864
0.025083
0.024939
0.025068
0.025095
0.025008
0.025043
0.025142
0.025021
0.025064
0.025066
0.025058
0.025065
0.024866
0.025094
0.025044
0.025157
0.025065
0.025162
0.025071
0.024930
0.025168
0.024998
0.025025
0.024969
0.025072
0.024854
0.024838
0.024905
0.024965
0.025050
0.025074
0.025039
0.024998
0.024887
0.025042
0.024826
0.025202
0.024925
0.025030
0.024990
0.025085
0.025045
0.025116
0.024948
0.024954
0.024982
0.025086
0.024945
0.024989
0.024962
0.025153
0.024835
0.025053
0.024906
0.025128
0.024940
0.024988
0.024932
0.025133
0.025068
0.024890
0.024915
0.024962
0.025084
0.025059
0.025034
0.025027
0.024764
0.025030
0.025176
0.024888
0.024992
0.025072
0.025070
0.024938
0.024898
0.025141
0.024920
0.025175
0.025016
0.025018
0.025036
0.025048
0.025080
0.024922
0.025022
0.024889
0.025117
0.025066
0.025017
0.024908
0.024982
0.024894
0.024986
0.025024
0.024996
0.025019
0.025002
0.025076
0.024910
0.025081
0.025156
0.024930
0.025027
0.025105
0.025148
0.025038
0.025095
0.025052
0.024905
0.025073
0.025015
0.025089
0.024925
0.025070
0.025135
0.024996
0.025060
0.024980
0.024916
0.024976
0.025058
0.025078
0.024941
0.024908
0.025026
0.024911
0.024917
0.025174
0.025190
0.024876
0.024839
0.025028
0.025072
0.024991
0.025100
0.025072
0.025023
0.024873
0.024885
0.025094
0.024822
0.025100
0.025065
0.025048
0.025060
0.025145
0.025213
0.025051
0.025029
0.025038
0.024934
0.024990
0.024987
0.024938
0.025067
0.024880
0.024959
0.025172
0.024990
0.024998
0.024952
0.025081
0.024808
0.024870
0.024886
0.024966
0.024873
0.025082
0.025052
0.025206
0.024997
0.025021
0.025062
0.025010
0.024924
0.025015
0.025017
0.024934
0.024954
0.024947
0.025091
0.024944
0.025007
0.024920
0.024851
0.025057
0.025054
0.024993
0.025066
0.025004
0.025072
0.024941
0.024925
0.025148
0.025117
0.025080
0.024992
0.025049
0.025221
0.024816
0.025090
0.024947
0.024992
0.025034
0.025021
0.025055
0.024859
0.014929
0.024698
0.018836
0.018877
0.024632
0.017226
0.024575
0.018985
0.016932
0.024837
0.016911
0.024751
0.016920
0.024717
0.016950
0.025021
0.017011
0.024785
0.016929
0.024936
0.016865
0.026463
0.017200
0.024451
0.017165
0.024474
0.017178
0.024602
0.017061
0.024539
0.017076
0.024503
0.018970
0.016996
0.026630
0.017186
0.024523
0.017140
0.024606
0.015314
0.021065
0.021230
0.021141
0.021203
0.021173
0.021356
0.021454
0.021417
0.021335
0.021379
0.021285
0.021315
0.021387
0.021434
0.021443
0.027107
0.017390
0.021250
0.023105
0.017331
0.021106
0.021389
0.021392
0.023653
0.023373
0.017047
0.023165
0.023196
0.016941
0.021349
0.023262
0.023266
0.017235
0.023127
0.023152
0.017061
0.021214
0.023206
0.023124
0.017112
0.021167
0.023211
0.023111
0.017107
0.021392
0.021044
0.022998
0.020544
0.020712
0.020732
0.020689
0.020718
0.020732
0.020560
0.020494
0.020664
0.020627
0.020449
0.020641
0.020604
0.020707
0.020619
0.020506
0.020545
0.020527
0.020667
0.020597
0.020596
0.020623
0.020718
0.020664
0.020620
0.020551
0.020632
0.020521
0.020593
0.020558
0.020678
0.020495
0.020581
0.020590
0.020656
0.020535
0.020507
0.020525
0.020588
0.020934
0.020821
0.020917
0.020892
0.020924
0.020858
0.020840
0.020861
0.021019
0.020903
0.020752
0.020857
0.020864
0.020868
0.020982
0.021004
0.020907
0.020932
0.020947
0.020823
0.021074
0.020843
0.020877
0.020898
0.021018
0.020865
0.020773
0.020704
0.020894
0.020892
0.020890
0.020998
0.020831
0.020799
0.020899
0.020985
0.020902
0.020893
0.020896
0.020806
0.020866
0.021033
0.020880
0.020705
0.021005
0.020856
0.020821
0.020764
0.020833
0.020883
0.020988
0.020991
0.023054
0.024788
0.024944
0.024724
0.024987
0.024848
0.024962
0.024979
0.024952
0.025119
0.025014
0.024969
0.024991
0.025198
0.024909
0.024948
0.024968
0.024992
0.024948
0.025009
0.024815
0.025068
0.024911
0.024925
0.024920
0.025027
0.024891
0.024927
0.024924
0.024919
0.024855
0.025011
0.024912
0.025038
0.024987
0.024921
0.024924
0.024918
0.025125
0.024943
0.024905
0.025011
0.024994
0.024915
0.025052
0.025018
0.024932
0.024957
0.024868
0.025029
0.025048
0.024908
0.024865
0.024915
0.024819
0.025011
0.024842
0.025020
0.025012
0.024926
0.025126
0.024992
0.024915
0.024980
0.024852
0.025063
0.024855
0.024951
0.025076
0.025106
0.024997
0.024815
0.024855
0.025083
0.024927
0.024960
0.024995
0.024934
0.024906
0.025076
0.025157
0.025034
0.024875
0.025076
0.025098
0.025127
0.024878
0.025062
0.025001
0.024894
0.024899
0.024807
0.024885
0.025038
0.024993
0.024945
0.024963
0.024922
0.025039
0.024980
0.025107
0.025043
0.024875
0.024952
0.024923
0.025085
0.024795
0.025118
0.024905
0.024895
0.025113
0.025013
0.025093
0.024943
0.025099
0.025053
0.024894
0.025054
0.024776
0.024979
0.025196
0.025081
0.024805
0.024882
0.025069
0.025080
0.025074
0.025008
0.024852
0.024825
0.024877
0.024804
0.024941
0.025044
0.025033
0.024970
0.024894
0.024978
0.025031
0.024950
0.024898
0.024960
0.024959
0.024945
0.025027
0.025035
0.024935
0.024980
0.024950
0.024947
0.025060
0.024858
0.024923
0.025078
