0.004045
0.022382
0.024919
0.024923
0.025101
0.024772
0.025000
0.024937
0.024812
0.024790
0.024936
0.024945
0.024780
0.024886
0.024946
0.024913
0.024802
0.025007
0.024988
0.024966
0.024870
0.024862
0.024722
0.024989
0.024919
0.025032
0.024900
0.024789
0.024790
0.024875
0.024913
0.024990
0.024801
0.024729
0.024991
0.024844
0.024820
0.024954
0.024847
0.024977
0.024853
0.025149
0.024872
0.024961
0.025094
0.024937
0.024892
0.024911
0.024874
0.025106
0.024858
0.024882
0.024894
0.024870
0.024891
0.024853
0.024782
0.025016
0.024888
0.025021
0.024716
0.025021
0.024796
0.025026
0.024860
0.024956
0.025129
0.024867
0.024802
0.024987
0.024895
0.024953
0.024883
0.024873
0.024825
0.024796
0.025008
0.024978
0.024901
0.024746
0.025033
0.024957
0.024890
0.024824
0.024745
0.024798
0.024978
0.025025
0.024855
0.023147
0.024971
0.024940
0.024718
0.024994
0.024884
0.024915
0.024974
0.024972
0.025034
0.025056
0.024972
0.024809
0.024867
0.024961
0.024956
0.024976
0.025019
0.024956
0.025002
0.024936
0.024967
0.024830
0.024916
0.025020
0.024806
0.024835
0.024874
0.025064
0.024939
0.024957
0.025005
0.024855
0.022617
0.024928
0.024876
0.024711
0.024841
0.024932
0.024953
0.024910
0.024957
0.025186
0.025202
0.024834
0.025008
0.024932
0.025105
0.024793
0.024978
0.024953
0.024806
0.025079
0.025116
0.024835
0.024956
0.024968
0.025056
0.024981
0.024872
0.024825
0.024930
0.024933
0.024898
0.024872
0.024827
0.020579
0.020723
0.020753
0.020629
0.020648
0.020573
0.020518
0.020557
0.020554
0.020755
0.020481
0.020558
0.020536
0.020716
0.020573
0.020551
0.020539
0.020674
0.020569
0.020604
0.020443
0.020627
0.020697
0.020520
0.020605
0.020576
0.020605
0.020612
0.020518
0.020456
0.020638
0.020622
0.020449
0.020492
0.020410
0.020507
0.020520
0.020558
0.020677
0.020769
0.020878
0.020866
0.020871
0.020956
0.020891
0.020877
0.020858
0.020885
0.020853
0.020711
0.020940
0.020893
0.020725
0.020900
0.021024
0.020920
0.020887
0.020936
0.020960
0.020966
0.020862
0.020882
0.020866
0.020839
0.020806
0.020865
0.021089
0.020872
0.020771
0.020790
0.020844
0.020776
0.020933
0.021020
0.020862
0.021013
0.020887
0.021073
0.020951
0.021036
0.020914
0.020972
0.020961
0.020734
0.020914
0.021048
0.016788
0.016614
0.016581
0.016565
0.016711
0.016586
0.020478
0.020653
0.020600
0.020602
0.020556
0.020610
0.020647
0.016442
0.020651
0.020618
0.020656
0.020633
0.020643
0.020666
0.020645
0.020553
0.020480
0.020550
0.020555
0.020769
0.020570
0.020545
0.020623
0.020580
0.020647
0.020539
0.020530
0.020537
0.020737
0.020690
0.020692
0.020606
0.020799
0.020723
0.020621
0.020845
0.020832
0.020973
0.020980
0.020935
0.020878
0.020778
0.021102
0.020871
0.020780
0.020990
0.021063
0.020951
0.020984
0.020945
0.020861
0.020943
0.021072
0.020902
0.020980
0.020836
0.020977
0.020914
0.021046
0.020936
0.020973
0.020813
0.020764
0.020864
0.020942
0.020921
0.021105
0.020825
0.020800
0.020871
0.020889
0.020861
0.020997
0.020952
0.020962
0.020868
0.021078
0.020743
0.020809
0.020990
0.020960
0.021010
0.020969
0.020925
0.020991
0.020937
0.020933
0.020859
0.024764
0.024977
0.024947
0.024928
0.024935
0.024935
0.024899
0.024961
0.024960
0.025056
0.025013
0.024783
0.025014
0.025079
0.024893
0.024758
0.025077
0.025064
0.024852
0.024929
0.025008
0.024881
0.024912
0.024946
0.024806
0.024827
0.024822
0.025055
0.024894
0.025022
0.024946
0.024837
0.025110
0.024867
0.024878
0.024923
0.024923
0.024994
0.025171
0.024840
0.024893
0.024949
0.025073
0.024896
0.024795
0.025078
0.024965
0.024916
0.024904
0.024919
0.025011
0.024901
0.024936
0.024936
0.025087
0.024937
0.024949
0.024903
0.024907
0.024858
0.025106
0.024949
0.025028
0.024975
0.025078
0.025132
0.024971
0.024793
0.025031
0.024760
0.025040
0.025107
0.024996
0.025045
0.024874
0.024936
0.025005
0.024966
0.025123
0.025099
0.025021
0.024978
0.024933
0.024970
0.024807
0.025005
0.024981
0.025012
0.024942
0.024977
0.025076
0.024945
0.024971
0.025022
0.025080
0.024885
0.024852
0.025175
0.025012
0.024868
0.025023
0.025013
0.025031
0.024781
0.024867
0.024856
0.024939
0.024885
0.024930
0.025076
0.024971
0.024983
0.024963
0.024917
0.024936
0.024897
0.025150
0.025033
0.025016
0.024906
0.024856
0.024830
0.024939
0.024830
0.024961
0.024824
0.024980
0.025116
0.024849
0.025051
0.025047
0.025115
0.024934
0.025039
0.024900
0.025084
0.024832
0.024818
0.024843
0.025012
0.024936
0.024940
0.024905
0.025022
0.024982
0.025001
0.025131
0.024956
0.024908
0.025022
0.024797
0.025021
0.024962
0.024902
0.025058
0.024926
0.025001
0.025008
0.025021
0.024863
0.024962
0.024892
0.024969
0.025043
0.024885
0.024986
0.025017
0.025077
0.024879
0.024756
0.024913
0.024885
0.024912
0.025121
0.025040
0.024917
0.024895
0.025009
0.024945
0.024999
0.024960
0.024967
0.024943
0.024882
0.024869
0.024939
0.025095
0.024919
0.025035
0.024960
0.024868
0.025085
0.024954
0.024829
0.025004
0.025101
0.024994
0.025064
0.025014
0.025005
0.020605
0.020715
0.020672
0.020745
0.020479
0.020737
0.020624
0.020578
0.020689
0.020711
0.020611
0.020567
0.020566
0.020534
0.020530
0.019405
0.024760
0.018885
0.026734
0.015124
0.026469
0.015032
0.018516
0.023253
0.018629
0.023313
0.018406
0.023308
0.026413
0.015296
0.026509
0.015251
0.026826
0.015186
0.018479
0.024919
0.018876
0.018707
0.028759
0.013300
0.023431
0.021088
0.021226
0.022980
0.017219
0.025116
0.017132
0.024986
0.017241
0.024990
0.017231
0.025170
0.017161
0.024899
0.017156
0.025093
0.017233
0.025013
0.014902
0.027521
0.021087
0.021394
0.021296
0.023475
0.015050
0.027237
0.023142
0.017333
0.021397
0.023320
0.015105
0.027236
0.014986
0.027187
0.015000
0.020963
0.027525
0.023160
0.017502
0.023112
0.015009
0.027261
0.023105
0.017425
0.023280
0.023058
0.017325
0.023164
0.022883
0.028943
0.021394
0.028817
0.021384
0.028894
0.021340
0.028870
0.021380
0.028877
0.021422
0.028938
0.021492
0.028922
0.021343
0.028813
0.021319
0.028927
0.021352
0.028901
0.021511
0.028833
0.021407
0.028931
0.021510
0.029010
0.021375
0.028956
0.021505
0.028926
0.021526
0.028868
0.021431
0.028854
0.021505
0.028894
0.021348
0.028891
0.021386
0.028948
0.021505
0.028838
0.021545
0.028792
0.021519
0.028860
0.021490
0.029023
0.021480
0.028850
0.021489
0.028966
0.021394
0.028864
0.021334
0.028885
0.021572
0.029068
0.021367
0.028933
0.021445
0.028847
0.021518
0.028966
0.021426
0.028988
0.021472
0.028853
0.021393
0.028939
0.021394
0.028837
0.021263
0.028848
0.021471
0.028946
0.021431
0.029007
0.021363
0.029032
0.015175
0.019086
0.028621
0.015213
0.018626
0.028884
0.015047
0.020647
0.019057
0.026824
0.020637
0.020940
0.016914
0.026542
0.014978
0.018833
0.028680
0.013595
0.026388
0.014911
0.028299
0.014976
0.018726
0.027148
0.015072
0.028451
0.014890
0.018898
0.028749
0.015150
0.018730
0.028659
0.014920
0.018651
0.028586
0.015038
0.018748
0.028786
0.013548
0.021300
0.028795
0.013666
0.021453
0.021422
0.022837
0.025452
0.022895
0.015169
0.026904
0.013783
0.022965
0.025278
0.022813
0.015347
0.026834
0.015200
0.026841
0.015271
0.025348
0.022783
0.015206
0.027063
0.015314
0.026958
0.013720
0.026781
0.022912
0.013616
0.026817
0.023083
0.015124
0.026981
0.013671
0.026948
0.022947
0.019212
0.023078
0.013615
0.026961
0.022993
0.015230
0.026937
0.013611
0.026983
0.022994
0.013658
0.026782
0.023024
0.023279
0.018879
0.032824
0.021468
0.028836
0.021569
0.028891
0.021385
0.028847
0.021530
0.028897
0.021445
0.028761
0.021452
0.028840
0.021557
0.028849
0.021490
0.028887
0.021430
0.028913
0.021364
0.028798
0.021476
0.029030
0.021348
0.028922
0.021598
0.028948
0.021416
0.028923
0.021358
0.028797
0.021605
0.027338
0.019144
0.032868
0.021438
0.028804
0.021502
0.028866
0.021538
0.028905
0.021299
0.028928
0.021385
0.028904
0.021451
0.029043
0.021472
0.028888
0.021544
0.028800
0.021554
0.028993
0.021405
0.028883
0.021476
0.028953
0.021478
0.028808
0.021547
0.028858
0.021404
0.028802
0.021522
0.028797
0.021437
0.028801
0.021458
0.028917
0.021368
0.029000
0.021448
0.028867
0.021356
0.028918
0.021453
0.029037
0.021600
0.028947
0.021450
0.028882
0.021472
0.028856
0.021502
0.028968
0.021663
0.028951
0.021455
0.028909
0.021529
0.028883
0.021413
0.028907
0.021331
0.028943
0.021435
0.028898
0.021416
0.028907
0.021395
0.028890
0.021432
0.028900
0.021533
0.028928
0.021523
0.028853
0.021392
0.028803
0.021419
0.028805
0.021413
0.028940
0.021386
0.028807
0.021428
0.028870
0.021409
0.028880
0.021421
0.028893
0.021443
0.028939
0.021479
0.028990
0.021538
0.028867
0.021384
0.028943
0.021528
0.028891
0.021507
0.028877
0.021427
0.028846
0.021373
0.028893
0.021441
0.028805
0.021536
0.028870
0.021527
0.028838
0.021445
0.028901
0.021524
0.028851
0.021309
0.028851
0.021457
0.028861
0.021499
0.028940
0.021464
0.028946
0.021397
0.028881
0.021508
0.028976
0.021375
0.028776
0.021487
0.028825
0.021563
0.028972
0.021569
0.028889
0.021556
0.028885
0.021456
0.028821
0.021520
0.028924
0.021387
0.028950
0.021363
0.028775
0.021361
0.028735
0.021422
0.028829
0.021394
0.029040
0.021456
0.028873
0.021413
0.028904
0.021497
0.028936
0.021478
0.028888
0.021397
0.028980
0.021438
0.028891
0.021532
0.028915
0.021472
0.028822
0.021472
0.028821
0.021506
0.028920
0.021567
0.028825
0.021499
0.028890
0.021503
0.028855
0.021520
0.028891
0.021505
0.028908
0.021680
0.028956
0.021490
0.028865
0.021479
0.028913
0.021523
0.028942
0.021519
0.028826
0.021438
0.028746
0.021456
0.028884
0.021495
0.028737
0.021575
0.028851
0.021488
0.028882
0.021512
0.028795
0.021360
0.028885
0.021569
0.028986
0.021465
0.028966
0.021431
0.028957
0.021475
0.028906
0.021524
0.028940
0.021522
0.028850
0.021446
0.028960
0.021650
0.028921
0.021563
0.028902
0.021382
0.028988
0.021517
0.028976
0.021586
0.028986
0.021350
0.028817
0.021643
0.028925
0.021313
0.028759
0.021487
0.028882
0.021524
0.028827
0.021495
0.028813
0.021469
0.028838
0.021442
0.028970
0.021451
0.028955
0.021524
0.028781
0.021482
0.028848
0.021467
0.028833
0.021371
0.028985
0.021484
0.028894
0.021412
0.028971
0.021421
0.028984
0.021488
0.029076
0.021542
0.028917
0.021524
0.028972
0.021465
0.028939
0.021499
0.028850
0.021483
0.028996
0.021416
0.028731
0.021593
0.028836
0.021428
0.028883
0.021434
0.028847
0.021526
0.028884
0.021551
0.028852
0.021649
0.028845
0.021342
0.028944
0.021630
0.028852
0.021463
0.028999
0.021449
0.028978
0.021518
0.028847
0.021435
0.028834
0.021398
0.028820
0.021522
0.028764
0.021350
0.028953
0.021525
0.029129
0.021446
0.028853
0.021496
0.028802
0.021369
0.028915
0.021493
0.028886
0.021484
0.028944
0.021529
0.028838
0.021516
0.029003
0.021574
0.028899
0.021513
0.029080
0.021502
0.028848
0.021469
0.028963
0.021591
0.028808
0.021454
0.028824
0.021443
0.028883
0.021354
0.028940
0.021470
0.028998
0.021501
0.028957
0.021383
0.028843
0.021293
0.028935
0.021569
0.028897
0.021526
0.028826
0.021481
0.028977
0.021618
0.028881
0.021459
0.028891
0.021530
0.028967
0.021510
0.028808
0.021445
0.028921
0.021439
0.028853
0.021569
0.028934
0.021525
0.028919
0.021397
0.028919
0.021410
0.028971
0.021496
0.029018
0.021535
0.029028
0.021513
0.028850
0.021440
0.028814
0.021399
0.028860
0.021408
0.028820
0.021553
0.028996
0.021462
0.028933
0.021608
0.028841
0.021578
0.028925
0.021381
0.029017
0.021499
0.028863
0.021373
0.028933
0.021410
0.028987
0.021557
0.028864
0.021458
0.028859
0.021576
0.028982
0.021575
0.028996
0.021499
0.029093
0.021625
0.029000
0.021555
0.028909
0.021591
0.028889
0.021477
0.028976
0.021491
0.028897
0.021503
0.028927
0.021370
0.028813
0.021369
0.028977
0.021394
0.028890
0.021468
0.028934
0.021570
0.028949
0.021513
0.028841
0.021642
0.028913
0.021635
0.028909
0.021401
0.028792
0.021499
0.028808
0.021561
0.028918
0.021549
0.028907
0.021535
0.028873
0.021469
0.028963
0.021558
0.028940
0.021456
0.028901
0.021446
0.028789
0.021526
0.028883
0.021415
0.028970
0.021433
0.028873
0.021398
0.028985
0.021564
0.028928
0.021455
0.028820
0.021304
0.028942
0.021518
0.028936
0.021382
0.028862
0.021474
0.029021
0.021458
0.028882
0.021483
0.028831
0.021371
0.028830
0.021390
0.028965
0.021509
0.028927
0.021634
0.024952
0.029243
0.021541
0.028931
0.021327
0.028880
0.021458
0.028960
0.021421
0.029005
0.021578
0.028925
0.021360
0.028954
0.021528
0.028838
0.021420
0.028923
0.021442
0.028949
0.021485
0.028841
0.021446
0.028885
0.021424
0.028919
0.021394
0.029056
0.021520
0.028961
0.021462
0.029084
0.021530
0.028864
0.021489
0.028839
0.021482
0.029011
0.021347
0.028940
0.021480
0.028944
0.021434
0.028905
0.021550
0.028971
0.021427
0.028863
0.021359
0.028882
0.021492
0.028961
0.021397
0.029022
0.021529
0.028956
0.021445
0.028942
0.021502
0.028958
0.021401
0.028871
0.021367
0.028975
0.021412
0.028890
0.021517
0.028909
0.021386
0.028884
0.021510
0.028876
0.021498
0.028793
0.021493
0.028881
0.021456
0.028958
0.021555
0.028899
0.021557
0.028897
0.021412
0.028850
0.021464
0.028969
0.021467
0.028921
0.021340
0.028853
0.021402
0.028968
0.021449
0.028972
0.021429
0.029013
0.021545
0.028996
0.021523
0.028946
0.019087
0.016692
0.018924
0.028617
0.020888
0.015254
0.018632
0.028721
0.016986
0.018717
0.018958
0.024880
0.018975
0.018706
0.024801
0.017000
0.024869
0.016955
0.024636
0.016935
0.024682
0.018764
0.026793
0.015127
0.026646
0.015260
0.018569
0.024649
0.016960
0.024788
0.018677
0.018801
0.024760
0.016976
0.028532
0.015239
0.018469
0.024822
0.018810
0.026865
0.021277
0.021263
0.021289
0.017008
0.025010
0.021368
0.021321
0.013497
0.024922
0.025057
0.021298
0.013394
0.024803
0.025178
0.013284
0.023300
0.026729
0.013447
0.025031
0.025198
0.013350
0.024969
0.025161
0.013494
0.024910
0.017202
0.025129
0.017201
0.024987
0.017186
0.024985
0.017077
0.024883
0.017162
0.024912
0.017119
0.023566
0.026780
0.013422
0.023360
0.026736
0.013379
0.024810
0.017098
0.023448
0.026848
0.013379
0.024953
0.017151
