0.018682
0.024954
0.019186
0.021203
0.033149
0.017234
0.033176
0.017256
0.033070
0.017312
0.033008
0.017317
0.033079
0.017208
0.033041
0.017254
0.033159
0.017323
0.033024
0.017345
0.033063
0.017381
0.032987
0.017252
0.033045
0.017398
0.033023
0.017293
0.033161
0.017337
0.032917
0.017348
0.032897
0.017190
0.033085
0.027104
0.019348
0.021059
0.033021
0.017145
0.033047
0.017228
0.033044
0.017282
0.032952
0.017278
0.032954
0.017239
0.033001
0.017436
0.033052
0.017322
0.033180
0.017277
0.033143
0.017410
0.033046
0.017348
0.033072
0.017359
0.033104
0.017269
0.033132
0.017316
0.032951
0.017218
0.033108
0.017230
0.032961
0.017171
0.033010
0.017354
0.032991
0.017282
0.033095
0.017237
0.032973
0.017299
0.033133
0.017473
0.033232
0.017322
0.032984
0.017184
0.033116
0.017239
0.032993
0.017377
0.033179
0.017307
0.032987
0.017291
0.033030
0.017314
0.032866
0.017312
0.032835
0.017350
0.032907
0.017288
0.032919
0.017293
0.032857
0.017226
0.032978
0.017296
0.033001
0.017292
0.032994
0.017268
0.032798
0.017127
0.032941
0.017178
0.032924
0.017221
0.032938
0.017178
0.032899
0.017227
0.032910
0.017205
0.032921
0.017225
0.032932
0.017236
0.032980
0.017230
0.033097
0.017234
0.032933
0.017267
0.032993
0.017243
0.032994
0.017252
0.032869
0.017242
0.032816
0.017244
0.032869
0.017120
0.033066
0.017202
0.033004
0.017145
0.032959
0.017220
0.032928
0.017171
0.032856
0.017276
0.032877
0.017181
0.032993
0.017258
0.032990
0.017259
0.032849
0.017262
0.032976
0.017281
0.032845
0.017153
0.033014
0.017192
0.032980
0.017215
0.033156
0.017276
0.032980
0.017250
0.032932
0.017206
0.032993
0.017217
0.032978
0.017238
0.032912
0.017176
0.032856
0.017049
0.032926
0.017287
0.032771
0.017325
0.033057
0.017194
0.032989
0.017275
0.033035
0.017285
0.033070
0.017349
0.032970
0.017348
0.033099
0.017402
0.033101
0.017340
0.033111
0.017345
0.033017
0.017318
0.033099
0.017337
0.033155
0.017286
0.033159
0.017378
0.033048
0.017333
0.033093
0.017362
0.033120
0.017369
0.033214
0.017402
0.033097
0.017316
0.033038
0.017384
0.033070
0.017326
0.033151
0.017307
0.033021
0.017174
0.033051
0.017297
0.033078
0.017174
0.033150
0.017222
0.033136
0.017315
0.033114
0.017240
0.032917
0.017253
0.033206
0.017292
0.033105
0.017328
0.033000
0.017340
0.033048
0.017307
0.033101
0.017355
0.033081
0.017346
0.032983
0.017399
0.033166
0.017290
0.033150
0.017327
0.032905
0.017346
0.033095
0.017390
0.033167
0.017365
0.032936
0.017243
0.033197
0.017313
0.032935
0.017192
0.033023
0.017362
0.033100
0.017237
0.033108
0.017238
0.033103
0.017244
0.033068
0.017324
0.033107
0.017366
0.033034
0.017151
0.033105
0.017315
0.032996
0.017264
0.032895
0.017341
0.033032
0.017379
0.032962
0.017369
0.033004
0.017374
0.033092
0.017446
0.033115
0.017276
0.033110
0.017381
0.033032
0.017303
0.033108
0.017262
0.033101
0.017412
0.033009
0.017201
0.033093
0.017283
0.032955
0.017238
0.033032
0.017210
0.033099
0.017279
0.033201
0.017277
0.033149
0.017237
0.032949
0.017304
0.033205
0.017276
0.033003
0.017391
0.033033
0.017399
0.033061
0.017271
0.032977
0.017294
0.032916
0.017327
0.033000
0.017192
0.032883
0.017336
0.033098
0.017449
0.033080
0.017241
0.033061
0.017274
0.032928
0.017358
0.033027
0.017309
0.033021
0.017309
0.033159
0.017256
0.033082
0.017378
0.033177
0.017291
0.033079
0.017408
0.033132
0.017308
0.032981
0.017345
0.033184
0.017227
0.032974
0.017250
0.033030
0.017283
0.032974
0.017352
0.032980
0.017377
0.033132
0.017301
0.032986
0.017294
0.032907
0.017313
0.033139
0.017357
0.032955
0.017229
0.033066
0.017337
0.033179
0.017202
0.033016
0.017332
0.033030
0.017351
0.033030
0.017215
0.033016
0.017284
0.033012
0.017266
0.033125
0.017282
0.033083
0.017239
0.033003
0.017364
0.032925
0.017271
0.033067
0.017398
0.033124
0.017305
0.033094
0.017238
0.032997
0.017242
0.032931
0.017329
0.032889
0.017179
0.033109
0.017344
0.033015
0.017257
0.033182
0.017195
0.033155
0.017314
0.032971
0.017346
0.033116
0.017287
0.032895
0.017322
0.032933
0.017381
0.033071
0.017334
0.032923
0.017217
0.033157
0.017307
0.033233
0.017307
0.033198
0.017415
0.033182
0.017352
0.033145
0.017301
0.033141
0.017347
0.032987
0.017315
0.033075
0.017303
0.033004
0.017396
0.032846
0.017298
0.032838
0.017258
0.033004
0.017259
0.033050
0.017359
0.033105
0.017245
0.033155
0.017229
0.033176
0.017242
0.033242
0.017251
0.033057
0.017179
0.033051
0.017173
0.033128
0.017372
0.033113
0.017332
0.033090
0.017299
0.033017
0.017299
0.033080
0.017359
0.032915
0.017253
0.033072
0.017265
0.032967
0.017196
0.032984
0.017306
0.032969
0.017220
0.032912
0.017315
0.033149
0.017331
0.032983
0.017244
0.032760
0.017335
0.033014
0.017237
0.032973
0.017187
0.033021
0.017383
0.033018
0.017320
0.032990
0.017283
0.032880
0.017277
0.032841
0.017324
0.033004
0.017197
0.033251
0.024946
0.017512
0.033127
0.017337
0.032836
0.017287
0.032938
0.017358
0.032998
0.017332
0.033123
0.017325
0.032904
0.017328
0.033048
0.017299
0.032960
0.017272
0.032988
0.017377
0.032998
0.017303
0.032926
0.017265
0.032972
0.017336
0.032996
0.017337
0.033097
0.017394
0.032969
0.017432
0.033081
0.017280
0.033031
0.017254
0.033051
0.017396
0.032945
0.017346
0.033036
0.017333
0.032915
0.017284
0.033036
0.017376
0.032939
0.017320
0.032880
0.017343
0.032888
0.017370
0.032863
0.017392
0.033145
0.017303
0.033019
0.017296
0.033053
0.017329
0.032983
0.017225
0.033011
0.017310
0.032994
0.017311
0.033068
0.017305
0.032884
0.017309
0.033014
0.017342
0.032960
0.017277
0.032954
0.017303
0.032965
0.017390
0.033006
0.017272
0.033100
0.017277
0.032909
0.017341
0.032892
0.017395
0.033041
0.017335
0.032858
0.017288
0.032952
0.017349
0.033029
0.017365
0.032967
0.017369
0.033064
0.017370
0.033073
0.017339
0.030627
0.016701
0.018899
0.018726
0.020609
0.025064
0.018765
0.018725
0.026692
0.018873
0.018855
0.024613
0.019299
0.018760
0.024639
0.017262
0.024586
0.017247
0.024421
0.017231
0.024440
0.019029
0.017052
0.024804
0.017045
0.024894
0.018697
0.024515
0.017149
0.024513
0.018943
0.018836
0.024552
0.017252
0.018707
0.024776
0.018723
0.024605
0.019071
0.016914
0.021399
0.021268
0.021298
0.026606
0.015498
0.021325
0.021265
0.023137
0.024761
0.015438
0.021391
0.022989
0.024654
0.015542
0.022980
0.023097
0.017062
0.023166
0.024843
0.015586
0.023014
0.024750
0.015568
0.023027
0.024697
0.017380
0.024729
0.017349
0.024619
0.017340
0.024672
0.017233
0.024598
0.017326
0.024605
0.017259
0.023264
0.016967
0.023186
0.023151
0.016995
0.023077
0.024580
0.017268
0.023152
0.017105
0.023103
0.024732
0.017332
0.022827
0.018866
0.024791
0.020732
0.019061
0.018785
0.024674
0.017100
0.024450
0.017185
0.024506
0.019224
0.018832
0.023115
0.016957
0.024857
0.018822
0.024569
0.017061
0.024345
0.018977
0.018867
0.024585
0.017164
0.024560
0.017184
0.024535
0.017152
0.024476
0.017115
0.024545
0.017181
0.023091
0.018711
0.018586
0.026451
0.017211
0.024473
0.017151
0.024899
0.017298
0.021298
0.020923
0.021694
0.021180
0.021281
0.022871
0.021178
0.016826
0.023156
0.021361
0.022870
0.017147
0.023258
0.021309
0.021270
0.021171
0.021165
0.023179
0.017033
0.023232
0.022897
0.016994
0.023124
0.023155
0.022963
0.017336
0.024685
0.017274
0.023243
0.016989
0.023230
0.023094
0.017192
0.023165
0.022994
0.017105
0.023338
0.023197
0.016980
0.023227
0.024734
0.017389
0.023234
0.017105
0.023281
0.023112
0.016990
0.030675
0.021489
0.021010
0.029109
0.021109
0.029062
0.020972
0.029025
0.021050
0.029168
0.021127
0.029227
0.021037
0.029253
0.021211
0.029046
0.021055
0.029110
0.021102
0.029131
0.021092
0.029186
0.021144
0.029042
0.020996
0.029013
0.021075
0.029058
0.021045
0.029049
0.021156
0.029203
0.021107
0.029150
0.021153
0.029001
0.021221
0.029213
0.021179
0.029077
0.021017
0.029105
0.021077
0.029147
0.021174
0.029072
0.021048
0.029122
0.020996
0.029155
0.021111
0.029061
0.021048
0.028979
0.021111
0.029118
0.021102
0.029107
0.021070
0.028941
0.021058
0.029063
0.021124
0.029084
0.021178
0.029138
0.021177
0.029200
0.021047
0.029138
0.021205
0.029045
0.021020
0.028991
0.021097
0.028991
0.021037
0.029127
0.021117
0.029128
0.021029
0.028979
0.021024
0.029017
0.021019
0.028939
0.021142
0.029013
0.021053
0.028995
0.021058
0.028983
0.021153
0.029150
0.020946
0.029122
0.021122
0.029043
0.021167
0.029143
0.021118
0.029114
0.021053
0.028981
0.021086
0.029202
0.021087
0.029142
0.021105
0.028982
0.020917
0.029206
0.021148
0.029083
0.021041
0.029042
0.021010
0.029168
0.021095
0.028999
0.021117
0.029167
0.021034
0.029107
0.021078
0.029150
0.021160
0.029043
0.021160
0.029288
0.021079
0.029051
0.021024
0.029114
0.021076
0.029220
0.021199
0.029078
0.021196
0.029154
0.021168
0.029209
0.021090
0.029068
0.021224
0.029103
0.021129
0.029048
0.021130
0.029067
0.021218
0.029103
0.021036
0.029189
0.021147
0.029266
0.021081
0.029154
0.020859
0.018858
0.020751
0.025001
0.018855
0.024652
0.018977
0.018791
0.024641
0.019088
0.018700
0.024484
0.019042
0.016948
0.024869
0.016985
0.024702
0.018791
0.022967
0.018636
0.024524
0.019059
0.018792
0.022931
0.016780
0.024794
0.016987
0.024748
0.016984
0.026473
0.018996
0.016902
0.024672
0.016955
0.024768
0.016905
0.024722
0.018738
0.024577
0.017212
0.023323
0.017064
0.020950
0.021436
0.021313
0.021325
0.021290
0.021306
0.021279
0.021387
0.021349
0.021445
0.021348
0.021428
0.021387
0.021373
0.021362
0.021392
0.021341
0.021389
0.021316
0.021392
0.021342
0.023579
0.023157
0.017006
0.023259
0.023135
0.017134
0.023180
0.023313
0.017075
0.023197
0.023131
0.017052
0.020894
0.023635
0.023173
0.022833
0.017362
0.023307
0.016974
0.023124
0.023091
0.016996
0.023176
0.023336
0.018964
0.022363
0.015123
0.026617
0.015090
0.026708
0.015053
0.020540
0.018994
0.028674
0.015030
0.018718
0.026903
0.014762
0.026940
0.015060
0.026663
0.015154
0.026557
0.014924
0.027011
0.015033
0.026679
0.014849
0.026861
0.015055
0.028483
0.015028
0.026714
0.015020
0.026496
0.015323
0.026359
0.014997
0.026832
0.015011
0.018742
0.026991
0.015109
0.026786
0.015297
0.022858
0.026821
0.015330
0.026986
0.015296
0.026887
0.015262
0.026823
0.015310
0.026892
0.015200
0.026869
0.015306
0.026843
0.015214
0.026795
0.015275
0.026951
0.015288
0.026870
0.015283
0.026889
0.015196
0.026968
0.015114
0.026813
0.015189
0.026916
0.015215
0.026938
0.015269
0.027013
0.015318
0.026936
0.013721
0.026868
0.022883
0.013360
0.027148
0.022877
0.015167
0.026942
0.013328
0.027140
0.022861
0.015143
0.026906
0.015101
0.024641
0.025024
0.024921
0.024903
0.025022
0.025109
0.024988
0.024864
0.024680
0.024712
0.024775
0.024892
0.024770
0.024866
0.024981
0.024818
0.024938
0.024806
0.024878
0.024965
0.024906
0.024932
0.024822
0.024934
0.024983
0.024803
0.025017
0.024867
0.024900
0.024918
0.024787
0.024719
0.024735
0.024846
0.024805
0.024779
0.024952
0.024856
0.025005
0.024926
0.024943
0.024873
0.024980
0.025066
0.024848
0.024843
0.024875
0.024937
0.025010
0.024972
0.024937
0.025011
0.024809
0.024919
0.024906
0.024998
0.025030
0.024996
0.024991
0.024950
0.024881
0.024994
0.024875
0.024851
0.024877
0.024933
0.024870
0.024944
0.024792
0.024859
0.024831
0.024963
0.024889
0.025051
0.024929
0.024868
0.024879
0.024902
0.024864
0.025011
0.024980
0.024753
0.024789
0.024778
0.024823
0.024868
0.024958
0.024925
0.024935
0.024912
0.024849
0.024905
0.024821
0.024813
0.024859
0.025071
0.024943
0.025053
0.024970
0.025002
0.024733
0.024704
0.024956
0.024838
0.024838
0.024918
0.024825
0.024938
0.024857
0.025031
0.024862
0.025002
0.024788
0.024972
0.024780
0.024987
0.024924
0.024885
0.024856
0.025020
0.024928
0.024769
0.024856
0.024832
0.024819
0.024975
0.024815
0.024913
0.024754
0.024998
0.024961
0.024963
0.024796
0.024738
0.024838
0.024932
0.024931
0.024729
0.024975
0.025003
0.024780
0.024637
0.024941
0.024912
0.024944
0.025017
0.025005
0.025025
0.025000
0.024933
0.024977
0.024913
0.024816
0.024913
0.025000
0.024855
0.024737
0.024911
0.024869
0.024918
0.024982
0.024984
0.024825
0.024859
0.024780
0.024982
0.024953
0.024831
0.024998
0.024915
0.024879
0.024904
0.024811
0.024925
0.024951
0.024942
0.024733
0.024714
0.024710
0.024945
0.024929
0.024877
0.024678
0.024793
0.024955
0.024882
0.024932
0.024983
0.024891
0.024846
0.024969
0.024913
0.025072
0.024941
0.025020
0.024800
0.024695
0.024920
0.024959
0.024976
0.024784
0.022942
0.019091
0.016549
0.018744
0.028681
0.015002
0.020321
0.018996
0.028639
0.015085
0.018579
0.028538
0.014969
0.025173
0.014846
0.027167
0.014877
0.026770
0.014705
0.026967
0.014941
0.026685
0.014961
0.026607
0.014790
0.026817
0.016718
0.025105
0.014733
0.026835
0.014955
0.026587
0.016677
0.018745
0.026973
0.015091
0.026527
0.015113
0.026690
0.016736
0.020820
0.027299
0.013425
0.026900
0.021052
0.021322
0.021252
0.021273
0.021285
0.021452
0.021232
0.021235
0.021390
0.021285
0.021190
0.021272
0.021297
0.021344
0.021367
0.021236
0.021336
0.021422
0.021195
0.023165
0.015033
0.025378
0.022883
0.015140
0.026778
0.015268
0.026725
0.015241
0.025325
0.022760
0.015036
0.020780
0.027060
0.015232
0.026909
0.013691
0.026696
0.023087
0.013693
0.026875
0.022927
0.015254
0.026737
0.015278
0.022876
0.032815
0.019226
0.021123
0.033090
0.017160
0.032887
0.017148
0.033183
0.017179
0.033017
0.017307
0.033059
0.017262
0.033043
0.017323
0.032922
0.017277
0.032936
0.017399
0.033090
0.017171
0.033077
0.017286
0.033169
0.017304
0.032950
0.017207
0.032905
0.017280
0.032910
0.017207
0.032956
0.017282
0.032805
0.017241
0.032905
0.017294
0.033124
0.017288
0.032916
0.017326
0.032865
0.017164
0.032873
0.017310
0.032892
0.017289
0.032995
0.017304
0.032845
0.017297
0.033078
0.017353
0.032895
0.017287
0.032863
0.017311
0.033024
0.017395
0.033110
0.017419
0.032907
0.017307
0.032780
0.017173
0.032904
0.017226
0.033011
0.017160
