0.016352
0.014984
0.028576
0.014995
0.020362
0.018987
0.028497
0.015132
0.026445
0.015001
0.026569
0.014978
0.018938
0.028518
0.013470
0.026594
0.014947
0.028431
0.014923
0.026424
0.014860
0.018615
0.028677
0.014889
0.026625
0.015003
0.026616
0.015005
0.026549
0.014968
0.026517
0.014979
0.026642
0.013537
0.028152
0.018855
0.016624
0.026658
0.015042
0.026657
0.015202
0.027061
0.021166
0.021453
0.021283
0.021279
0.021114
0.013305
0.021379
0.026544
0.022985
0.021286
0.013226
0.027119
0.022981
0.021290
0.021240
0.021286
0.021166
0.013399
0.027029
0.022961
0.013212
0.026870
0.022883
0.013564
0.022945
0.026815
0.015095
0.026803
0.013648
0.026753
0.022838
0.013345
0.027123
0.022883
0.013244
0.026982
0.023017
0.013562
0.026709
0.022898
0.015175
0.026855
0.013591
0.026915
0.022888
0.013337
0.026861
0.019305
0.032514
0.021378
0.028795
0.021283
0.028816
0.021231
0.028787
0.021295
0.028709
0.021333
0.028930
0.021294
0.028931
0.021510
0.028641
0.021235
0.028855
0.021307
0.028860
0.021352
0.028831
0.021397
0.028659
0.021236
0.028731
0.021346
0.028715
0.021251
0.028728
0.021548
0.028811
0.021359
0.028841
0.021465
0.028674
0.021491
0.028911
0.021344
0.028813
0.021249
0.028798
0.021422
0.028748
0.021536
0.028647
0.021306
0.028789
0.021274
0.028846
0.021393
0.028714
0.021337
0.028699
0.021436
0.028750
0.021430
0.028718
0.021338
0.028623
0.021394
0.028795
0.021280
0.028930
0.021412
0.028908
0.021463
0.028749
0.021398
0.028785
0.021362
0.028745
0.021339
0.028625
0.021409
0.028616
0.021421
0.028743
0.021421
0.028798
0.021301
0.028653
0.021380
0.028736
0.021352
0.028707
0.021487
0.028775
0.021313
0.028784
0.021363
0.028747
0.021419
0.028736
0.021265
0.028783
0.021458
0.028761
0.021466
0.028818
0.021453
0.028747
0.021427
0.028692
0.021408
0.028841
0.021429
0.028856
0.021327
0.028681
0.021251
0.029002
0.021282
0.028788
0.021333
0.028780
0.021304
0.028853
0.021428
0.028645
0.021397
0.028862
0.021317
0.028678
0.021442
0.028759
0.021466
0.028683
0.021513
0.028780
0.021333
0.028764
0.021130
0.028804
0.021318
0.028758
0.021494
0.028636
0.021483
0.028745
0.021315
0.028823
0.021281
0.028728
0.021364
0.028740
0.021284
0.028706
0.021388
0.028746
0.021426
0.028674
0.021325
0.028766
0.021427
0.028834
0.021351
0.028695
0.019176
0.018705
0.020657
0.024649
0.019084
0.014773
0.028545
0.018928
0.014820
0.028483
0.018879
0.014903
0.028354
0.017104
0.024608
0.017092
0.024393
0.018974
0.022630
0.018806
0.014750
0.028453
0.019044
0.022527
0.017043
0.024480
0.017189
0.024404
0.017139
0.016707
0.028480
0.017107
0.024296
0.017224
0.024445
0.017139
0.024364
0.018969
0.014734
0.026946
0.022987
0.017392
0.020839
0.021388
0.021285
0.021256
0.021360
0.021196
0.021348
0.021317
0.021336
0.021339
0.021411
0.021298
0.021384
0.021275
0.021383
0.021260
0.021338
0.021325
0.021230
0.021348
0.021361
0.023358
0.022992
0.017190
0.023106
0.022939
0.017335
0.023094
0.022966
0.017346
0.023104
0.022862
0.017320
0.020914
0.023474
0.022959
0.013267
0.026972
0.023082
0.017267
0.023056
0.022816
0.017244
0.023106
0.022902
0.017159
0.014373
0.024710
0.017049
0.024490
0.017244
0.024451
0.020778
0.018983
0.018824
0.024571
0.018984
0.016971
0.024638
0.016927
0.024880
0.016811
0.024920
0.016722
0.024817
0.017043
0.024801
0.016861
0.024746
0.016871
0.024879
0.018795
0.024583
0.017153
0.024478
0.017087
0.024441
0.017185
0.024402
0.017329
0.024498
0.019016
0.016988
0.024908
0.016909
0.025082
0.022763
0.017276
0.024848
0.017445
0.024818
0.017307
0.024780
0.017252
0.024939
0.017300
0.024681
0.017233
0.024900
0.017267
0.024781
0.017174
0.024891
0.017339
0.024891
0.017234
0.024895
0.017372
0.024849
0.017322
0.024789
0.017220
0.024862
0.017275
0.024863
0.017320
0.024878
0.017420
0.024945
0.017226
0.023389
0.016965
0.023132
0.023046
0.017245
0.023074
0.024662
0.017382
0.023001
0.017202
0.023071
0.024736
0.017271
0.024729
0.024981
0.025011
0.024936
0.024904
0.025044
0.025196
0.024960
0.024801
0.024731
0.024758
0.024778
0.024945
0.024774
0.024864
0.024976
0.024773
0.024965
0.024809
0.024922
0.025025
0.024826
0.025051
0.024865
0.024941
0.025104
0.024782
0.025071
0.024848
0.024945
0.024900
0.024801
0.024765
0.024743
0.024898
0.024753
0.024900
0.024936
0.024893
0.025030
0.024942
0.024964
0.024912
0.024950
0.025176
0.024736
0.024917
0.024857
0.024947
0.025094
0.024951
0.024895
0.025034
0.024863
0.024919
0.024975
0.024968
0.025112
0.024963
0.024928
0.024981
0.024843
0.025024
0.024930
0.024802
0.024990
0.024880
0.024925
0.024935
0.024728
0.024834
0.024775
0.024953
0.024791
0.025095
0.024886
0.024878
0.024930
0.024820
0.024869
0.025079
0.024853
0.024767
0.024811
0.024770
0.024843
0.024847
0.025016
0.024911
0.024899
0.024946
0.024811
0.024939
0.024714
0.024873
0.024822
0.025111
0.024930
0.025031
0.025030
0.024943
0.024696
0.024837
0.024831
0.024875
0.024871
0.024920
0.024872
0.024877
0.024877
0.025079
0.024818
0.025033
0.024692
0.025025
0.024801
0.024993
0.024942
0.024844
0.024925
0.025075
0.024901
0.024828
0.024918
0.024868
0.024763
0.025120
0.024756
0.024931
0.024804
0.025033
0.024842
0.025030
0.024643
0.024829
0.024798
0.025032
0.024869
0.024664
0.025082
0.025029
0.024770
0.024618
0.025002
0.024852
0.025017
0.024987
0.025006
0.025018
0.024971
0.024907
0.024967
0.024922
0.024796
0.025027
0.024913
0.024865
0.024745
0.024939
0.024800
0.024910
0.025052
0.024887
0.024804
0.024838
0.024861
0.024968
0.024967
0.024885
0.024974
0.024961
0.024873
0.024908
0.024861
0.024957
0.024991
0.024904
0.024675
0.024790
0.024806
0.025051
0.024970
0.024940
0.024658
0.024907
0.024943
0.024917
0.024981
0.025020
0.024753
0.024943
0.024903
0.024981
0.025094
0.024930
0.025022
0.024792
0.024705
0.024901
0.025016
0.024947
0.024781
0.021023
0.020795
0.020923
0.020601
0.020703
0.020837
0.020788
0.020651
0.020618
0.020998
0.020669
0.020580
0.020885
0.020776
0.021032
0.020866
0.020958
0.020645
0.020958
0.020740
0.021001
0.020645
0.020869
0.020625
0.020999
0.020617
0.020892
0.020746
0.020964
0.020642
0.020933
0.020525
0.021070
0.020635
0.020728
0.020966
0.020574
0.020870
0.020830
0.021069
0.021166
0.020954
0.021128
0.020848
0.021288
0.021283
0.021252
0.021354
0.021271
0.021324
0.021276
0.021324
0.021258
0.021314
0.021248
0.021263
0.021379
0.021366
0.021259
0.021371
0.021356
0.021325
0.021210
0.021206
0.021102
0.020931
0.021373
0.021059
0.020853
0.021199
0.020838
0.021247
0.020880
0.021145
0.021030
0.021111
0.020760
0.021272
0.020897
0.021211
0.020871
0.021372
0.021333
0.020862
0.021262
0.021156
0.020837
0.021140
0.024855
0.024716
0.025352
0.024803
0.024959
0.025237
0.024743
0.025234
0.025048
0.025122
0.024964
0.025212
0.025050
0.025260
0.024920
0.025388
0.024731
0.025275
0.024769
0.025470
0.024873
0.025084
0.024943
0.025284
0.025069
0.025089
0.025005
0.025167
0.024671
0.025309
0.024763
0.025240
0.024747
0.025243
0.024705
0.025227
0.024839
0.025207
0.025069
0.025214
0.024833
0.025186
0.024847
0.025096
0.024818
0.025348
0.024701
0.025310
0.024818
0.025259
0.024780
0.025246
0.025029
0.025349
0.024766
0.025157
0.024861
0.025333
0.024912
0.025403
0.024957
0.025428
0.024756
0.025179
0.024779
0.025270
0.024746
0.025286
0.024856
0.025107
0.020868
0.020551
0.021006
0.020914
0.020536
0.020855
0.020952
0.020646
0.020825
0.020886
0.020582
0.020793
0.020856
0.020594
0.020589
0.021080
0.020643
0.020791
0.021024
0.020547
0.020940
0.020482
0.020950
0.020658
0.020957
0.020734
0.020711
0.020957
0.020638
0.020820
0.020541
0.020907
0.020672
0.020705
0.020957
0.020557
0.020649
0.020712
0.021046
0.021016
0.021028
0.021288
0.021156
0.021136
0.021246
0.021028
0.021273
0.021183
0.020962
0.021134
0.021348
0.020738
0.021235
0.021054
0.021189
0.021239
0.021318
0.021217
0.021204
0.020851
0.021262
0.021131
0.021389
0.020789
0.021205
0.021110
0.020905
0.021315
0.021173
0.021216
0.020654
0.021255
0.021305
0.021308
0.020921
0.021189
0.021331
0.020804
0.021276
0.021281
0.020801
0.021271
0.021218
0.020827
0.021274
0.021405
0.021269
0.024876
0.024902
0.025412
0.024834
0.025258
0.024826
0.025332
0.024750
0.025299
0.024749
0.025325
0.024797
0.025104
0.024940
0.025220
0.024734
0.025201
0.024817
0.025305
0.024986
0.025145
0.024922
0.025342
0.024834
0.025360
0.024911
0.025242
0.025026
0.025256
0.024899
0.025275
0.024859
0.025302
0.024848
0.025296
0.024895
0.025173
0.024979
0.025313
0.024959
0.025164
0.024822
0.025198
0.024952
0.025216
0.024816
0.025392
0.024927
0.025206
0.025041
0.025295
0.024878
0.025110
0.024991
0.025242
0.024894
0.025213
0.024885
0.025331
0.024811
0.023475
0.024762
0.025027
0.025085
0.024856
0.024911
0.024973
0.024795
0.024946
0.024793
0.024912
0.024796
0.024999
0.024850
0.024826
0.024676
0.024981
0.024863
0.024882
0.024817
0.025103
0.024881
0.024921
0.024796
0.024900
0.024865
0.025014
0.024990
0.024905
0.024857
0.024990
0.024868
0.024877
0.024735
0.024815
0.024746
0.024783
0.024912
0.024993
0.024986
0.024801
0.024886
0.024871
0.024864
0.024886
0.024986
0.024827
0.024946
0.024897
0.024764
0.024990
0.024913
0.022747
0.024802
0.024891
0.024839
0.024739
0.024914
0.024923
0.024923
0.024843
0.024887
0.024799
0.024845
0.024909
0.024757
0.024887
0.024679
0.024698
0.024896
0.024882
0.024903
0.024671
0.024922
0.024863
0.024842
0.024841
0.025063
0.024769
0.024805
0.024831
0.024825
0.024859
0.024882
0.024839
0.024944
0.024775
0.024869
0.024676
0.024915
0.024900
0.024824
0.024820
0.024868
0.024895
0.024737
0.024881
0.024772
0.024876
0.024948
0.024926
0.024845
0.025069
0.025015
0.024889
0.024888
0.024934
0.024904
0.024948
0.024882
0.024818
0.024923
0.024951
0.024825
0.024740
0.024849
0.024768
0.024878
0.024786
0.024998
0.024695
0.024736
0.024806
0.024851
0.024904
0.024947
0.024982
0.024765
0.025035
0.024742
0.024742
0.024714
0.024830
0.024865
0.024875
0.024920
0.024812
0.024884
0.024676
0.024838
0.024684
0.024822
0.024709
0.024889
0.024853
0.025035
0.024762
0.024875
0.024834
0.024981
0.024987
0.024785
0.024781
0.024936
0.024990
0.024954
0.024729
0.025091
0.024777
0.024844
0.024720
0.024806
0.024913
0.024895
0.025045
0.024796
0.025021
0.024789
0.024840
0.024934
0.024939
0.024868
0.025019
0.024873
0.024936
0.024870
0.024927
0.024894
0.024693
0.024884
0.024924
0.024835
0.024864
0.024846
0.024873
0.024885
0.024933
0.024986
0.024926
0.024885
0.024844
0.024930
0.024786
0.024793
0.025030
0.024770
0.025054
0.024977
0.024935
0.024873
0.024851
0.024910
0.024868
0.024863
0.024851
0.024976
0.024846
0.024628
0.024927
0.024845
0.025033
0.024729
0.025012
0.024821
0.024956
0.024960
0.024902
0.025001
0.024983
0.024903
0.024944
0.024971
0.024692
0.024946
0.024759
0.024871
0.024852
0.024937
0.024898
0.024925
0.024765
0.024936
0.024912
0.025019
0.024819
0.024929
0.025052
0.024760
0.024860
0.024895
0.024893
0.024677
0.024801
0.024677
0.024904
0.024768
0.025048
0.024909
0.024925
0.024858
0.024793
0.024909
0.024960
0.024869
0.024958
0.024788
0.024853
0.024763
0.024848
0.025015
0.024761
0.024847
0.024898
0.024843
0.024901
0.025065
0.025021
0.024908
0.024972
0.024855
0.024873
0.025003
0.024898
0.024956
0.024789
0.024965
0.024825
0.025097
0.024991
0.024966
0.025060
0.024915
0.024837
0.024880
0.024965
0.024706
0.024884
0.024787
0.024976
0.024971
0.024813
0.024885
0.024972
0.024924
0.024985
0.024747
0.024833
0.024968
0.025078
0.024981
0.024861
0.025066
0.024923
0.024798
0.024926
0.024897
0.024970
0.024758
0.024828
0.024900
0.024933
0.024950
0.024863
0.024948
0.024956
0.024819
0.024974
0.025032
0.024956
0.024745
0.024633
0.024794
0.024664
0.024947
0.024897
0.025048
0.024863
0.024845
0.024681
0.024766
0.024829
0.024859
0.024841
0.024761
0.024774
0.024835
0.024798
0.024938
0.024986
0.025036
0.024748
0.024891
0.024886
0.024757
0.024907
0.025018
0.024938
0.025020
0.024752
0.024932
0.024892
0.024833
0.024827
0.024940
0.024896
0.024893
0.025041
0.024779
0.024859
0.024818
0.024838
0.024718
0.024963
0.024947
0.024840
0.024841
0.024916
0.024833
0.024993
0.025012
0.024849
0.024808
0.024837
0.024920
0.024718
0.024934
0.024883
0.024774
0.024687
0.024959
0.024730
0.024896
0.024805
0.024857
0.024934
0.024862
0.024948
0.024997
0.024933
0.024944
0.024821
0.024917
0.024870
0.024777
0.024929
0.024867
0.024895
0.024930
0.024979
0.024819
0.024897
0.025008
0.024763
0.024921
0.024912
0.024901
0.024837
0.024854
0.024914
0.024716
0.024924
0.024914
0.024923
0.024787
0.025007
0.024797
0.024859
0.024870
0.024763
0.024998
0.024734
0.024925
0.024915
0.024855
0.024917
0.024878
0.024915
0.024950
0.024829
0.024926
0.025044
0.024817
0.024854
0.024914
0.024862
0.024745
0.024782
0.024764
0.024901
0.024991
0.024803
0.024854
0.024809
0.024913
0.024800
0.024886
0.024941
0.024688
0.024811
0.024855
0.025019
0.024861
0.024869
0.024871
0.024718
0.024743
0.024888
0.024913
0.024909
0.024620
0.024947
0.025032
0.024981
0.024879
0.024844
0.024884
0.024831
0.024793
0.024815
0.024901
0.024896
0.024881
0.024843
0.025040
0.024754
0.024762
0.024745
0.024791
0.024969
0.024722
0.024922
0.025103
0.024754
0.024796
0.024856
0.024838
0.024780
0.024826
0.024745
0.024991
0.024782
0.024607
0.024850
0.024721
0.024858
0.024708
0.024866
0.025001
0.024783
0.024904
0.024903
0.024676
0.024940
0.024982
0.024949
0.024989
0.024762
0.024811
0.024880
0.024884
0.024926
0.024915
0.024971
0.024976
0.024890
0.024675
0.024916
0.024771
0.024811
0.024871
0.025095
0.024764
0.024718
0.024926
0.024934
0.024898
0.024677
0.025068
0.024853
0.024827
0.024972
0.024843
0.024939
0.024788
0.024772
0.024734
0.024850
0.024697
0.024822
0.024817
0.024693
0.024878
0.025000
0.024861
0.024845
0.024830
0.024874
0.024925
0.024895
0.025069
0.025081
0.024838
0.024887
0.024886
0.024715
0.024914
0.025037
0.024802
0.025059
0.024856
0.024941
0.024939
