0.017844
0.024912
0.021220
0.018954
0.033078
0.021150
0.028959
0.021042
0.028999
0.021256
0.028974
0.021146
0.029089
0.021239
0.029062
0.021128
0.029138
0.021026
0.028994
0.021063
0.029228
0.021122
0.028961
0.021135
0.029096
0.021296
0.029011
0.021128
0.028962
0.021042
0.029029
0.021077
0.028988
0.021102
0.029097
0.020957
0.029027
0.021099
0.029028
0.021259
0.029076
0.021011
0.029092
0.021065
0.028887
0.021098
0.029083
0.021032
0.029020
0.021143
0.029047
0.021061
0.029053
0.021211
0.029143
0.021059
0.028927
0.021144
0.029064
0.021131
0.029203
0.021236
0.029207
0.021030
0.029031
0.020982
0.028984
0.021064
0.029013
0.021105
0.028904
0.014885
0.026729
0.014940
0.020449
0.028763
0.019139
0.014804
0.028419
0.019191
0.014745
0.028344
0.019150
0.014713
0.028460
0.017292
0.016548
0.028438
0.019080
0.022691
0.017135
0.024403
0.017009
0.024408
0.017444
0.024182
0.017475
0.020266
0.024628
0.017127
0.024357
0.017240
0.016374
0.028383
0.019043
0.014745
0.028390
0.017103
0.020491
0.024697
0.013267
0.025387
0.021076
0.021447
0.021153
0.021232
0.021066
0.022874
0.014966
0.025488
0.022846
0.014934
0.025472
0.021181
0.021145
0.021121
0.021317
0.020846
0.023359
0.014873
0.025460
0.021161
0.022903
0.014980
0.025544
0.022820
0.022775
0.017352
0.021569
0.022821
0.022838
0.017164
0.021531
0.022849
0.022977
0.017323
0.023082
0.022945
0.017297
0.023042
0.022971
0.017279
0.023081
0.022956
0.017332
0.021583
0.022917
0.023042
0.023015
0.021326
0.029167
0.021204
0.029041
0.021090
0.029046
0.021048
0.029062
0.021062
0.029002
0.021127
0.028944
0.021119
0.029046
0.020978
0.028878
0.021157
0.029074
0.021174
0.029037
0.021172
0.029137
0.021082
0.029116
0.021224
0.028994
0.021224
0.029083
0.021154
0.028968
0.021218
0.029067
0.021160
0.028989
0.021192
0.028934
0.021166
0.029106
0.021174
0.028984
0.021092
0.028996
0.021181
0.029079
0.021109
0.029161
0.021167
0.028993
0.021258
0.029138
0.021102
0.028998
0.021122
0.029117
0.021049
0.029063
0.021156
0.029106
0.021008
0.018725
0.024633
0.024914
0.024988
0.024992
0.024819
0.024989
0.024897
0.024830
0.024888
0.024905
0.024797
0.024903
0.024897
0.024786
0.024709
0.024879
0.024884
0.024840
0.024796
0.025020
0.024971
0.024983
0.024782
0.024828
0.024876
0.024885
0.025044
0.024884
0.024860
0.024857
0.024980
0.024842
0.024810
0.024869
0.024682
0.024901
0.024769
0.024974
0.024976
0.024922
0.024808
0.024831
0.024849
0.024919
0.024884
0.024977
0.024891
0.024867
0.024795
0.024916
0.024915
0.024934
0.024822
0.024849
0.024887
0.024901
0.024727
0.024950
0.025028
0.024905
0.024769
0.024929
0.024951
0.024877
0.024941
0.024897
0.024786
0.024875
0.024806
0.024973
0.024905
0.024761
0.024896
0.024914
0.024901
0.024903
0.024982
0.024906
0.024810
0.024891
0.024810
0.024946
0.024893
0.024934
0.024930
0.024842
0.024849
0.024846
0.024787
0.024908
0.024897
0.024830
0.024855
0.024917
0.024827
0.024878
0.024895
0.024849
0.024918
0.024947
0.024865
0.024976
0.025082
0.025051
0.024803
0.025066
0.024894
0.025003
0.024865
0.024881
0.024969
0.024917
0.024939
0.024830
0.024788
0.024863
0.024812
0.024851
0.024913
0.024810
0.024779
0.024818
0.024772
0.024945
0.024936
0.024976
0.024870
0.024912
0.024858
0.024830
0.024757
0.024830
0.024826
0.024887
0.024919
0.024909
0.024737
0.024868
0.024797
0.024741
0.024754
0.024695
0.024885
0.024848
0.025021
0.024888
0.024828
0.024854
0.024897
0.024947
0.024880
0.024812
0.024874
0.024992
0.024989
0.024853
0.024886
0.024951
0.024846
0.024781
0.024761
0.024884
0.024993
0.024935
0.024864
0.024907
0.024906
0.024889
0.024847
0.024935
0.024944
0.024958
0.024903
0.025024
0.024745
0.025048
0.024802
0.024812
0.024886
0.024858
0.024908
0.024899
0.024811
0.024864
0.024893
0.024915
0.024928
0.024952
0.024889
0.024884
0.024804
0.024823
0.024774
0.024915
0.024851
0.024927
0.025002
0.024921
0.024869
0.024830
0.024894
0.024886
0.024903
0.024859
0.024886
0.024834
0.024719
0.024922
0.024833
0.024940
0.024838
0.024869
0.024814
0.024891
0.024907
0.024934
0.024884
0.024999
0.024850
0.024933
0.024917
0.024806
0.024801
0.024954
0.024784
0.024825
0.024930
0.024889
0.024905
0.024870
0.024790
0.024931
0.024928
0.024896
0.024884
0.025021
0.024884
0.024822
0.024797
0.024890
0.024785
0.024803
0.024714
0.024770
0.024861
0.024959
0.024896
0.024971
0.024953
0.024878
0.024822
0.025052
0.024911
0.024965
0.024861
0.024946
0.024711
0.024921
0.024905
0.024876
0.024902
0.024871
0.024875
0.024855
0.025012
0.025025
0.024934
0.024829
0.024927
0.024891
0.024780
0.025046
0.024833
0.024885
0.024757
0.024952
0.024876
0.025028
0.024952
0.025004
0.024990
0.024914
0.024826
0.024915
0.024768
0.024873
0.024752
0.025002
0.024868
0.024971
0.024749
0.024976
0.024889
0.024982
0.024769
0.024868
0.024796
0.025099
0.024987
0.024844
0.024965
0.025007
0.024760
0.024828
0.024948
0.024941
0.024795
0.024802
0.024873
0.024915
0.024904
0.024911
0.024952
0.024956
0.024840
0.025016
0.025001
0.025036
0.024880
0.024730
0.024814
0.024731
0.024871
0.024923
0.024982
0.024971
0.024817
0.024728
0.024787
0.024809
0.024854
0.024930
0.024744
0.024811
0.024793
0.024871
0.024779
0.024996
0.025004
0.024919
0.024833
0.024859
0.024861
0.024924
0.024954
0.024996
0.024976
0.024927
0.024875
0.024861
0.024874
0.024925
0.024848
0.024847
0.024973
0.024936
0.024911
0.024816
0.024755
0.024948
0.024724
0.024901
0.024948
0.024904
0.024850
0.024880
0.024781
0.024923
0.024977
0.024976
0.024801
0.024814
0.024868
0.024770
0.024880
0.024935
0.024853
0.024735
0.024849
0.024830
0.024888
0.024810
0.024873
0.024894
0.024868
0.024960
0.024990
0.024967
0.024798
0.024968
0.024858
0.024879
0.024779
0.024929
0.024868
0.024922
0.024871
0.024988
0.024844
0.024848
0.024951
0.024959
0.024806
0.024932
0.024982
0.024839
0.024928
0.024899
0.024740
0.024858
0.024924
0.024926
0.024843
0.024895
0.024734
0.025003
0.024807
0.024780
0.024854
0.024913
0.024765
0.024929
0.024863
0.024825
0.024900
0.024966
0.024870
0.024926
0.024916
0.024982
0.024911
0.024886
0.024855
0.024955
0.024807
0.024877
0.024730
0.024841
0.024975
0.024999
0.024827
0.024844
0.024898
0.024894
0.024821
0.024861
0.024797
0.024829
0.024753
0.025021
0.024857
0.024909
0.024850
0.024790
0.024794
0.024885
0.024877
0.024886
0.024851
0.024867
0.025005
0.025029
0.024884
0.024914
0.024842
0.024953
0.024774
0.024874
0.024785
0.024960
0.024874
0.024936
0.024955
0.024886
0.024777
0.024837
0.024816
0.024930
0.024870
0.024797
0.024995
0.024928
0.024752
0.024905
0.024831
0.024861
0.024735
0.024785
0.024867
0.024949
0.024596
0.024805
0.024736
0.024831
0.024772
0.024828
0.024908
0.024917
0.024848
0.024892
0.024733
0.024862
0.024917
0.024997
0.024927
0.024857
0.024781
0.024852
0.024824
0.024941
0.024917
0.024974
0.024963
0.024942
0.024801
0.024782
0.024838
0.024774
0.024868
0.024977
0.024900
0.024796
0.024843
0.024899
0.024897
0.024915
0.024915
0.024990
0.024867
0.024953
0.024847
0.024961
0.024878
0.024842
0.024734
0.024914
0.024652
0.024809
0.024802
0.024771
0.024837
0.024936
0.024848
0.024894
0.024768
0.024846
0.024810
0.024972
0.024976
0.025010
0.024909
0.024887
0.024778
0.024797
0.024729
0.024985
0.024794
0.024907
0.024870
0.024828
0.024897
0.024887
0.016773
0.028503
0.018942
0.014662
0.028300
0.017306
0.024574
0.019171
0.014913
0.028233
0.019047
0.022693
0.018957
0.015074
0.028220
0.019019
0.014731
0.028489
0.017127
0.024496
0.017104
0.024474
0.018916
0.014768
0.028377
0.016972
0.024588
0.017236
0.024597
0.017146
0.024488
0.018991
0.014733
0.028703
0.017155
0.024507
0.016995
0.024412
0.018927
0.021324
0.021145
0.022750
0.017242
0.020879
0.021127
0.021234
0.021185
0.021262
0.021205
0.021164
0.021608
0.020910
0.021181
0.021228
0.021278
0.021374
0.021280
0.021270
0.021417
0.021051
0.021200
0.021270
0.021204
0.021530
0.021054
0.023467
0.014839
0.027175
0.022867
0.017358
0.023088
0.022971
0.017288
0.021304
0.021163
0.021651
0.020865
0.023433
0.022852
0.017217
0.023068
0.022948
0.017255
0.022983
0.022831
0.017295
0.023118
0.024438
0.020941
0.020570
0.020759
0.015151
0.028252
0.014935
0.018467
0.028476
0.019024
0.020701
0.015139
0.028420
0.015085
0.018647
0.028583
0.015161
0.018488
0.026771
0.014856
0.028490
0.015315
0.018616
0.028424
0.018952
0.014900
0.028264
0.014896
0.018554
0.028579
0.014889
0.018628
0.028572
0.018993
0.015008
0.028455
0.018882
0.014981
0.028222
0.018932
0.014978
0.028395
0.018951
0.015045
0.028172
0.019023
0.015133
0.028336
0.018978
0.015121
0.028449
0.018919
0.014955
0.028216
0.018953
0.014987
0.028165
0.018924
0.014933
0.028354
0.018919
0.015047
0.028437
0.018903
0.014992
0.026742
0.014983
0.028278
0.019007
0.014996
0.028389
0.018969
0.020524
0.015296
0.028409
0.018924
0.015019
0.028153
0.018989
0.020644
0.015145
0.026597
0.015051
0.028294
0.018923
0.016521
0.018826
0.028625
0.019044
0.015000
0.028224
0.018947
0.015079
0.028419
0.018851
0.015180
0.028344
0.019008
0.014970
0.028392
0.018905
0.015147
0.028291
0.018966
0.015154
0.028345
0.019067
0.020567
0.015221
0.026754
0.014823
0.028235
0.019020
0.020641
0.020858
0.015227
0.028247
0.019032
0.015094
0.028395
0.018993
0.015110
0.028279
0.018949
0.015045
0.026775
0.015021
0.028417
0.018803
0.014981
0.028281
0.018917
0.020614
0.015193
0.028355
0.018925
0.015128
0.028401
0.018892
0.015024
0.026688
0.014920
0.026871
0.020575
0.015319
0.028335
0.019141
0.020498
0.015207
0.028194
0.018928
0.015052
0.028370
0.019107
0.015091
0.028311
0.019027
0.015049
0.028410
0.018965
0.015166
0.028353
0.019104
0.020693
0.015242
0.026633
0.020618
0.015288
0.028330
0.018928
0.020647
0.020808
0.015233
0.028329
0.018897
0.015159
0.028374
0.018877
0.014978
0.028279
0.018806
0.020554
0.015257
0.028393
0.018908
0.015064
0.028347
0.018880
0.014991
0.028260
0.018883
0.014993
0.028389
0.018810
0.020592
0.015235
0.028448
0.018984
0.020629
0.020866
0.015358
0.026851
0.015031
0.028402
0.018816
0.020676
0.015271
0.028336
0.014988
0.018714
0.028747
0.018992
0.015061
0.028327
0.018951
0.015136
0.028336
0.018947
0.015097
0.028352
0.018931
0.020741
0.015265
0.028178
0.019069
0.015016
0.028397
0.018895
0.015006
0.028284
0.018973
0.020683
0.015172
0.028452
0.018930
0.020646
0.015313
0.028244
0.019021
0.015042
0.028370
0.019020
0.014959
0.028222
0.018857
0.015004
0.028407
0.018990
0.015083
0.026698
0.016504
0.018825
0.028595
0.018961
0.015021
0.024382
0.010491
0.020168
0.012953
0.018626
0.018189
0.012838
0.020227
0.012878
0.018636
0.018243
0.014723
0.018302
0.012907
0.018574
0.018211
0.012893
0.020292
0.014787
0.018242
0.012970
0.018576
0.018273
0.012865
0.020203
0.012914
0.018577
0.018187
0.012880
0.018584
0.018173
0.012860
0.018591
0.018184
0.012912
0.020205
0.012918
0.018676
0.018215
0.012840
0.020256
0.012900
0.018605
0.018242
0.013011
0.020240
0.012971
0.018694
0.018314
0.012933
0.020336
0.012915
0.020361
0.012962
0.020275
0.012947
0.020286
0.012933
0.018669
0.018225
0.012923
0.020184
0.012902
0.020297
0.012957
0.020248
0.012920
0.020178
0.012913
0.020311
0.012962
0.020267
0.012895
0.020213
0.012866
0.018690
0.018222
0.012922
0.020262
0.012383
0.012377
0.012351
0.012336
0.012325
0.012347
0.012324
0.012336
0.012340
0.012329
0.012326
0.012245
0.012340
0.012329
0.012352
0.012354
0.012360
0.012365
0.012313
0.012300
0.012291
0.012338
0.012340
0.012293
0.012323
0.012343
0.012308
0.012338
0.012304
0.012316
0.012321
0.012280
0.012291
0.012326
0.012285
0.012357
0.012314
0.012307
0.012334
0.012284
0.012296
0.012271
0.012323
0.012341
0.012341
0.012300
0.012321
0.012313
0.012357
0.012300
0.012346
0.012327
0.012304
0.012310
0.012346
0.012277
0.012339
0.012349
0.012341
0.012318
0.012351
0.012329
0.012405
0.012341
0.012374
0.012346
0.012352
0.012360
0.012329
0.012357
0.012331
0.012367
0.012383
0.012296
0.012333
0.012346
0.012354
0.012362
0.012368
0.012393
0.012388
0.012375
0.012491
0.012331
0.012404
0.012412
0.012373
0.012389
0.012422
0.012309
0.012342
0.012345
0.012359
0.012348
0.012366
0.012359
0.012338
0.012331
0.012366
0.012372
0.012360
0.012328
0.012347
0.012312
0.012352
0.012382
0.012348
0.012305
0.012343
0.012334
0.012344
0.012397
0.012321
0.012359
0.012424
0.012320
0.012389
0.012354
0.012376
0.012429
0.012371
0.012345
0.012401
0.012407
0.012375
0.012348
0.012361
0.012346
0.012353
0.012298
0.012349
0.012359
0.012336
0.012310
0.012377
0.012352
0.012352
0.012375
0.012395
0.012347
0.012347
0.012327
0.012377
0.012356
0.012368
0.012384
0.012351
0.012331
0.012370
0.012334
0.012341
0.012328
0.012394
0.012391
0.012387
0.012372
0.012391
0.012355
0.012392
0.012376
0.012378
0.012348
0.012442
0.012388
0.012379
0.012387
0.012366
0.012460
0.012396
0.012368
0.012385
0.012378
0.012369
0.012338
0.012388
0.012364
0.012358
0.012341
0.012372
0.012375
0.012361
0.012384
0.012342
0.012328
0.012433
0.012360
0.012358
0.012335
0.012331
0.012354
0.012329
0.012369
0.012366
0.012333
0.012349
0.012398
0.012347
0.012279
0.012346
0.012340
0.012347
0.012370
0.012374
0.012375
0.012348
0.012391
0.012372
0.012376
0.012413
0.012399
0.012324
0.012393
0.012457
0.012380
0.012388
0.012400
0.012372
0.012409
0.012348
0.012408
0.012392
0.012365
0.012351
0.012380
0.012370
0.012367
0.012403
0.012363
0.012377
0.012318
0.012328
0.012353
0.012378
0.012336
0.012341
0.012439
0.012402
0.012283
0.012380
0.012345
0.012347
0.012468
0.012368
0.012395
0.012353
0.012333
0.012357
0.012395
0.012347
0.012346
0.012373
0.012381
0.012364
0.012362
0.012353
0.012323
0.012432
0.012336
0.012367
0.012356
0.012335
0.012354
0.012341
0.012352
0.012360
0.012320
0.012343
0.012269
0.012363
0.012369
0.012335
0.012319
0.012384
0.012342
0.012369
0.012339
0.012359
0.012362
0.012289
0.012348
0.012368
0.012375
0.012357
0.012347
0.012337
0.012339
0.012354
0.012383
0.012371
