0.013050
0.014652
0.024937
0.016959
0.024816
0.017111
0.024753
0.020676
0.019006
0.018946
0.024909
0.018847
0.026798
0.014988
0.026723
0.015395
0.026499
0.015386
0.026371
0.015212
0.026847
0.015339
0.026498
0.015064
0.026728
0.015316
0.018747
0.024875
0.017042
0.024791
0.017032
0.024858
0.016953
0.024736
0.017165
0.024847
0.018842
0.026901
0.015381
0.026644
0.015599
0.022894
0.017060
0.025236
0.017276
0.025160
0.017186
0.025155
0.017126
0.025259
0.017254
0.025013
0.017059
0.025187
0.017106
0.025094
0.017105
0.025172
0.017212
0.025102
0.017141
0.025141
0.017246
0.025146
0.017252
0.025079
0.017169
0.025083
0.017158
0.025145
0.017203
0.025182
0.017281
0.025221
0.017233
0.023637
0.026807
0.013442
0.023209
0.027073
0.013389
0.024991
0.017188
0.023227
0.027101
0.013411
0.024994
0.017209
0.024968
0.024836
0.025114
0.024988
0.024939
0.025136
0.025250
0.025110
0.024928
0.024759
0.024802
0.024876
0.025000
0.024836
0.024975
0.025058
0.024931
0.024978
0.024898
0.024967
0.025125
0.024981
0.025085
0.024956
0.024952
0.025118
0.024858
0.025114
0.024940
0.025034
0.025002
0.024890
0.024823
0.024768
0.024962
0.024853
0.024914
0.025007
0.025047
0.025100
0.025001
0.025108
0.024956
0.025060
0.025204
0.024897
0.025036
0.024936
0.025046
0.025097
0.025073
0.024983
0.025128
0.024923
0.025069
0.024995
0.025117
0.025201
0.025006
0.025124
0.025097
0.024976
0.025066
0.025011
0.024855
0.025060
0.025012
0.024981
0.025038
0.024912
0.025024
0.024995
0.025118
0.024975
0.025154
0.025041
0.024918
0.025041
0.024982
0.025003
0.025162
0.025068
0.024905
0.024900
0.024858
0.024926
0.025006
0.025103
0.025111
0.024966
0.025052
0.024965
0.025077
0.024898
0.024949
0.025010
0.025167
0.025025
0.025203
0.025042
0.025133
0.024781
0.024849
0.025047
0.024998
0.024870
0.025087
0.024987
0.024999
0.024983
0.025190
0.024910
0.025095
0.024926
0.025058
0.024920
0.025086
0.024987
0.024957
0.024987
0.025115
0.025035
0.024858
0.025033
0.024927
0.024894
0.025178
0.024862
0.025007
0.024795
0.025187
0.025102
0.025120
0.024806
0.024880
0.024953
0.025090
0.025025
0.024791
0.025079
0.025188
0.024839
0.024722
0.025076
0.024914
0.025116
0.025053
0.025084
0.025168
0.025083
0.025032
0.025099
0.025043
0.024888
0.025071
0.025093
0.024919
0.024862
0.025055
0.024904
0.024967
0.025069
0.025037
0.024920
0.024987
0.024924
0.025063
0.025134
0.024956
0.025109
0.025021
0.024952
0.024995
0.024884
0.025089
0.025053
0.025012
0.024812
0.024922
0.024900
0.025118
0.025017
0.025010
0.024802
0.024924
0.025054
0.024994
0.025066
0.025143
0.024949
0.024999
0.025063
0.025068
0.025170
0.025018
0.025187
0.024902
0.024771
0.025037
0.025104
0.025105
0.024865
0.015185
0.018877
0.026492
0.019137
0.019038
0.024552
0.020785
0.019125
0.018841
0.024755
0.018962
0.018844
0.024613
0.015753
0.024529
0.017497
0.024680
0.017262
0.024593
0.017325
0.024574
0.017029
0.024746
0.016945
0.024775
0.017067
0.026549
0.015705
0.024559
0.017041
0.024788
0.016983
0.026524
0.019092
0.017182
0.024910
0.016800
0.024996
0.017090
0.026556
0.021112
0.017514
0.023149
0.017246
0.021043
0.021430
0.021501
0.021366
0.021417
0.021766
0.021255
0.021265
0.021598
0.021410
0.021158
0.021377
0.021475
0.021386
0.021672
0.021242
0.021421
0.021601
0.021255
0.023572
0.024699
0.015936
0.023044
0.024817
0.017327
0.024929
0.017229
0.024933
0.015883
0.022918
0.024647
0.021169
0.017371
0.024892
0.017424
0.023364
0.017100
0.023293
0.023426
0.017180
0.023272
0.024951
0.017316
0.024888
0.023261
0.021149
0.030803
0.021415
0.021256
0.029174
0.021182
0.029136
0.021294
0.029247
0.021074
0.029358
0.021173
0.029318
0.021099
0.029399
0.021128
0.029162
0.021138
0.029390
0.021148
0.029183
0.021160
0.029253
0.021302
0.029303
0.021053
0.029178
0.021148
0.029189
0.021091
0.029178
0.021179
0.029279
0.021075
0.029188
0.021169
0.029193
0.021292
0.029323
0.021148
0.029285
0.021086
0.029142
0.021083
0.029374
0.021117
0.029249
0.021101
0.029325
0.021015
0.029285
0.021152
0.029407
0.021094
0.029219
0.021078
0.029320
0.021194
0.029427
0.021244
0.029430
0.021097
0.029218
0.021027
0.029175
0.021129
0.029214
0.021197
0.029090
0.024662
0.017276
0.024609
0.021054
0.018955
0.019090
0.024729
0.018988
0.019064
0.024578
0.019004
0.019065
0.024695
0.018999
0.017238
0.026303
0.019064
0.019000
0.023164
0.016937
0.024823
0.016815
0.024818
0.017258
0.024526
0.017323
0.020401
0.025037
0.016898
0.024742
0.017121
0.026305
0.018976
0.018950
0.024623
0.019072
0.016981
0.020672
0.025113
0.022836
0.015822
0.021076
0.021705
0.021233
0.021380
0.021236
0.022965
0.024863
0.015845
0.023030
0.024879
0.015730
0.021275
0.021305
0.021272
0.021405
0.020905
0.023547
0.024731
0.015831
0.021209
0.023109
0.024833
0.015891
0.022885
0.023225
0.017028
0.021785
0.023013
0.023207
0.016994
0.021671
0.022982
0.023324
0.017169
0.023331
0.023336
0.017171
0.023257
0.023310
0.017076
0.023285
0.023141
0.017250
0.021708
0.022999
0.023349
0.022844
0.021390
0.029422
0.021214
0.029225
0.021078
0.029246
0.021089
0.029220
0.021104
0.029206
0.021157
0.029124
0.021101
0.029292
0.021059
0.029020
0.021212
0.029259
0.021129
0.029255
0.021247
0.029258
0.021157
0.029226
0.021199
0.029199
0.021221
0.029248
0.021122
0.029145
0.021255
0.029254
0.021163
0.029184
0.021157
0.029152
0.021234
0.029314
0.021190
0.029184
0.021136
0.029122
0.021177
0.029321
0.021097
0.029370
0.021102
0.029155
0.021280
0.029331
0.021153
0.029172
0.021082
0.029372
0.021097
0.029269
0.021169
0.029263
0.021168
0.028768
0.024968
0.025068
0.025134
0.025026
0.024971
0.025038
0.024987
0.024888
0.024980
0.024964
0.024889
0.025032
0.024985
0.024844
0.024795
0.025044
0.024983
0.024950
0.024924
0.025181
0.024955
0.025125
0.024826
0.025010
0.024982
0.024971
0.025136
0.024994
0.024959
0.025023
0.025053
0.024944
0.024982
0.024949
0.024795
0.024974
0.024941
0.025102
0.025054
0.024986
0.024984
0.024975
0.024959
0.025067
0.025056
0.025003
0.025068
0.024965
0.024771
0.025114
0.024978
0.024992
0.024949
0.024983
0.024977
0.024961
0.024898
0.025082
0.025030
0.024991
0.024917
0.024978
0.025131
0.024981
0.024920
0.025045
0.024861
0.024933
0.025059
0.024984
0.025021
0.024946
0.025000
0.024987
0.024943
0.024979
0.025163
0.024974
0.024998
0.024950
0.024885
0.025029
0.025057
0.025029
0.025042
0.024909
0.024965
0.024854
0.024914
0.025006
0.024890
0.024925
0.024947
0.024968
0.024969
0.024929
0.024923
0.024909
0.025086
0.025040
0.024962
0.025088
0.025169
0.025095
0.025007
0.025140
0.024846
0.025138
0.024960
0.025031
0.025032
0.025012
0.025026
0.024899
0.024963
0.024897
0.024971
0.024859
0.024970
0.024870
0.024871
0.024942
0.024853
0.025008
0.025122
0.025111
0.025014
0.025029
0.024876
0.024946
0.024837
0.024930
0.024975
0.024997
0.024980
0.025048
0.024862
0.024947
0.024908
0.024845
0.024801
0.024844
0.025045
0.024988
0.025183
0.024834
0.024966
0.024888
0.025090
0.025059
0.024951
0.024955
0.024962
0.025121
0.025026
0.024935
0.025054
0.025002
0.025001
0.024847
0.024885
0.024981
0.025103
0.025091
0.024900
0.025006
0.024975
0.025046
0.025062
0.024930
0.025054
0.025085
0.024960
0.025086
0.024907
0.025171
0.024966
0.024744
0.025023
0.024981
0.024994
0.024952
0.024925
0.024919
0.025026
0.025067
0.025041
0.025102
0.024949
0.025006
0.024994
0.024926
0.024956
0.025005
0.024965
0.025186
0.025096
0.025022
0.024980
0.024937
0.025038
0.024986
0.025024
0.024964
0.025012
0.024908
0.024815
0.025043
0.025020
0.025008
0.024899
0.025046
0.024894
0.025036
0.025031
0.025094
0.025043
0.025175
0.024996
0.024987
0.025084
0.024877
0.025008
0.025013
0.024954
0.024970
0.025048
0.024972
0.025050
0.024907
0.024913
0.024997
0.025202
0.024830
0.025126
0.025146
0.024912
0.024935
0.024982
0.025028
0.024879
0.024899
0.024765
0.024954
0.024928
0.025175
0.025029
0.025033
0.025109
0.024877
0.025002
0.025084
0.024984
0.025011
0.024991
0.025026
0.024856
0.025039
0.024981
0.024951
0.025036
0.024993
0.024848
0.025004
0.025135
0.025099
0.025032
0.024955
0.024970
0.025021
0.025018
0.025096
0.025025
0.024976
0.024943
0.025043
0.025074
0.025141
0.025090
0.025096
0.025093
0.025051
0.024944
0.025093
0.024885
0.025005
0.024829
0.025173
0.024976
0.025021
0.024900
0.025115
0.024997
0.025141
0.024868
0.024981
0.025022
0.025242
0.025096
0.024975
0.025164
0.025091
0.024850
0.024938
0.025162
0.025104
0.024812
0.024990
0.024999
0.025174
0.024992
0.025023
0.025061
0.025055
0.025055
0.025066
0.025156
0.025150
0.025021
0.024864
0.024874
0.024854
0.025101
0.025009
0.025116
0.025110
0.024911
0.024894
0.024917
0.024933
0.025111
0.025022
0.024940
0.024861
0.024927
0.024956
0.024952
0.025136
0.025117
0.024978
0.024945
0.024954
0.024994
0.025078
0.025128
0.025033
0.025221
0.024982
0.024954
0.025155
0.024967
0.025009
0.025008
0.024895
0.025140
0.025088
0.025016
0.024875
0.024859
0.025094
0.024856
0.024938
0.024999
0.025083
0.024944
0.025034
0.024883
0.025050
0.025096
0.025052
0.024908
0.024992
0.025016
0.024846
0.024941
0.025038
0.024977
0.024775
0.025059
0.024889
0.025053
0.024963
0.024973
0.024928
0.025054
0.025019
0.025201
0.025058
0.024988
0.025025
0.025010
0.024935
0.024912
0.025090
0.024972
0.025017
0.025034
0.025129
0.024923
0.024931
0.025156
0.024953
0.024958
0.025069
0.025007
0.024969
0.024976
0.025043
0.024829
0.025096
0.024972
0.024938
0.025049
0.025039
0.024840
0.025049
0.025021
0.024840
0.025023
0.024959
0.024914
0.024996
0.024968
0.024913
0.025035
0.025012
0.025030
0.024976
0.025005
0.025062
0.025014
0.024909
0.025007
0.025011
0.024901
0.024898
0.024848
0.024924
0.025146
0.025021
0.024926
0.024965
0.025026
0.025032
0.024910
0.025034
0.024815
0.024980
0.024972
0.025159
0.024905
0.024973
0.024964
0.024950
0.024812
0.024973
0.025062
0.024946
0.024924
0.024948
0.025231
0.025075
0.024981
0.025050
0.024953
0.025060
0.024891
0.024974
0.024829
0.025100
0.024929
0.025049
0.025136
0.024871
0.024959
0.024965
0.024969
0.025061
0.024840
0.025027
0.025191
0.024959
0.024929
0.025016
0.024928
0.024961
0.024863
0.024884
0.025101
0.025000
0.024794
0.024880
0.024902
0.024979
0.024876
0.024971
0.025102
0.024923
0.024983
0.025046
0.024868
0.025041
0.025099
0.025078
0.025029
0.024888
0.024953
0.024986
0.024914
0.025066
0.025127
0.025025
0.025192
0.025012
0.024946
0.024916
0.024940
0.024906
0.024988
0.025164
0.025018
0.024910
0.025105
0.024937
0.024981
0.024956
0.025086
0.024995
0.024935
0.025131
0.024916
0.025001
0.024928
0.024980
0.024801
0.025037
0.024744
0.024960
0.024929
0.024889
0.024995
0.025090
0.024966
0.024971
0.024942
0.024978
0.024997
0.025023
0.025224
0.025144
0.025019
0.025015
0.024899
0.024925
0.024868
0.025166
0.024866
0.025078
0.024952
0.024960
0.025064
0.024975
0.021069
0.020639
0.020757
0.020893
0.020653
0.020949
0.021100
0.021011
0.020956
0.020642
0.020770
0.021160
0.020812
0.021026
0.020745
0.020857
0.020963
0.020820
0.020718
0.021058
0.020754
0.021088
0.020698
0.020899
0.020801
0.020639
0.021214
0.020827
0.021159
0.020761
0.021068
0.020805
0.020993
0.020876
0.020809
0.021060
0.020611
0.020983
0.020700
0.021367
0.021248
0.021192
0.020803
0.021282
0.021262
0.021390
0.021153
0.021415
0.021193
0.021376
0.021339
0.021320
0.021330
0.021333
0.021458
0.021487
0.021287
0.021396
0.021349
0.021348
0.021289
0.021430
0.021211
0.021326
0.021496
0.021304
0.021288
0.021009
0.021234
0.021060
0.021246
0.021412
0.020879
0.021349
0.021478
0.021469
0.021343
0.021342
0.021323
0.020826
0.021344
0.021381
0.020922
0.021248
0.021301
0.020875
0.021389
0.024736
0.020926
0.020804
0.020935
0.021033
0.020724
0.020954
0.020738
0.020620
0.020897
0.020924
0.021130
0.020823
0.021129
0.020868
0.020781
0.021040
0.020798
0.020642
0.021123
0.020821
0.021121
0.020853
0.020700
0.020795
0.021070
0.020610
0.020873
0.020892
0.020770
0.020911
0.020797
0.020803
0.020851
0.021150
0.020917
0.020663
0.021015
0.020701
0.020820
0.021141
0.020911
0.020777
0.021063
0.020684
0.020942
0.021270
0.020694
0.020922
0.021215
0.020822
0.020827
0.021093
0.020604
0.020811
0.021172
0.020578
0.020751
0.021113
0.020828
0.020828
0.021070
0.020978
0.020785
0.021095
0.020915
0.021013
0.020681
0.020876
0.021125
0.020824
0.020811
0.020856
0.021269
0.020837
0.020843
0.021048
0.020709
0.020929
0.020933
0.020950
0.020808
0.021093
0.020880
0.020774
0.021073
0.020735
0.020875
0.020882
0.021065
0.020692
0.020850
0.021128
0.020915
0.020745
0.021204
0.020727
0.020818
0.021063
0.020962
0.020701
0.021156
0.020831
0.020747
0.021181
0.020899
0.020808
0.020927
0.021073
0.020879
0.020942
0.020801
0.020876
0.020959
0.020928
0.021087
0.020846
0.020912
0.021164
0.020829
0.020892
0.021260
0.020634
0.020848
0.021242
0.020854
0.021136
0.020883
0.020591
0.021005
0.020746
0.020786
0.020870
0.021137
0.020710
0.020850
0.021207
0.020840
0.020727
0.021192
0.020687
0.021158
0.020903
0.020901
0.021315
0.020786
0.021000
0.020781
0.021093
0.020727
0.020722
0.021093
0.020888
0.020943
0.021159
0.020782
0.020851
0.021126
0.020845
0.020791
0.021199
0.020884
0.020906
0.021061
0.020975
0.020851
0.020976
0.021143
0.020780
0.020774
0.020898
0.020937
0.021165
0.020878
0.020778
0.021168
0.020951
0.020694
0.021061
0.020858
0.020637
0.020924
0.021158
0.020930
0.020746
0.021104
0.020852
0.020734
0.021084
0.020797
0.020770
0.021086
0.020866
0.020663
0.020940
0.021202
0.020870
0.020732
0.021005
0.021021
0.021265
0.020889
0.021180
0.020848
0.020696
0.020991
0.021158
0.020764
0.020962
0.020977
0.020791
0.020861
0.021180
0.020704
0.020849
0.021142
0.020836
0.020775
0.021254
0.020744
0.020808
0.021021
0.021096
0.020793
0.020915
0.021059
0.020886
0.020795
0.021010
0.020749
0.020865
0.020991
0.021196
0.020797
0.020828
0.021075
0.021028
0.020791
0.020921
0.021234
0.020821
0.020875
0.021052
0.020727
0.020747
0.021070
0.020904
0.020911
0.021169
0.020827
0.021039
0.020885
0.020815
0.020829
0.021206
