0.012423
0.016234
0.025101
0.024987
0.024971
0.025004
0.025094
0.025129
0.024983
0.024810
0.024758
0.024790
0.024971
0.024826
0.024897
0.025033
0.024951
0.024961
0.024868
0.024930
0.024962
0.025001
0.025049
0.024888
0.025026
0.024986
0.025025
0.025017
0.024928
0.025018
0.024981
0.024925
0.024847
0.024842
0.024810
0.024973
0.024833
0.025068
0.024933
0.025123
0.025043
0.025005
0.024915
0.025097
0.025107
0.024976
0.024996
0.024904
0.025049
0.025106
0.025093
0.024998
0.025096
0.024948
0.024994
0.025015
0.025075
0.025113
0.025088
0.025159
0.025019
0.025018
0.025048
0.024925
0.024982
0.024909
0.025079
0.024915
0.025030
0.024931
0.024965
0.024994
0.025033
0.024900
0.025151
0.025062
0.024963
0.024933
0.025027
0.024965
0.025025
0.025147
0.024891
0.024876
0.024839
0.024863
0.024917
0.025034
0.025031
0.025011
0.024971
0.025023
0.024941
0.024992
0.024890
0.024853
0.025125
0.025025
0.025181
0.024995
0.025146
0.024873
0.024762
0.025067
0.024922
0.025005
0.024990
0.025003
0.025014
0.024955
0.025049
0.025025
0.024978
0.024999
0.025069
0.024882
0.024976
0.025056
0.025046
0.024888
0.025098
0.025125
0.024820
0.024946
0.024905
0.024956
0.025009
0.024959
0.024992
0.024839
0.024992
0.025092
0.025041
0.025005
0.024853
0.024923
0.024970
0.025028
0.024895
0.024977
0.025090
0.024972
0.024782
0.024858
0.025022
0.025012
0.025128
0.025083
0.025068
0.025015
0.025006
0.025074
0.024982
0.024911
0.024958
0.025084
0.025008
0.024780
0.024975
0.024986
0.025020
0.024962
0.025068
0.024952
0.024953
0.024859
0.025043
0.024992
0.024909
0.025131
0.025035
0.024964
0.025035
0.024867
0.025001
0.024917
0.025108
0.024867
0.024872
0.024893
0.024972
0.025072
0.025055
0.024858
0.024811
0.025034
0.025008
0.025021
0.025059
0.025025
0.024930
0.025081
0.024981
0.025123
0.025099
0.025045
0.025004
0.024747
0.024986
0.024991
0.025015
0.024980
0.023543
0.028763
0.016832
0.018806
0.018999
0.024784
0.020439
0.019064
0.018764
0.024943
0.018616
0.018894
0.024695
0.024926
0.015147
0.026862
0.015184
0.026478
0.015079
0.026741
0.015247
0.026492
0.015147
0.026492
0.015025
0.026720
0.016922
0.024909
0.015060
0.026749
0.015154
0.026455
0.016906
0.018766
0.026833
0.015380
0.026403
0.015421
0.026545
0.017051
0.020904
0.017474
0.023280
0.026799
0.021371
0.021351
0.021368
0.021343
0.021350
0.021409
0.021345
0.021378
0.021362
0.021345
0.021299
0.021325
0.021438
0.021376
0.021334
0.021417
0.021430
0.021377
0.021374
0.013379
0.024856
0.025223
0.013501
0.024909
0.017072
0.025087
0.017072
0.025066
0.025128
0.013388
0.024823
0.020862
0.017338
0.025014
0.017178
0.023516
0.026623
0.013543
0.023519
0.026779
0.013398
0.025025
0.017083
0.025089
0.023032
0.021137
0.030982
0.021209
0.032965
0.017454
0.032717
0.017388
0.032984
0.017469
0.032844
0.017575
0.032885
0.017505
0.032834
0.017565
0.032686
0.017546
0.032748
0.017681
0.032852
0.017422
0.032856
0.017547
0.033001
0.017443
0.032783
0.017369
0.032741
0.017503
0.032752
0.017460
0.032831
0.017519
0.032679
0.017457
0.032744
0.017564
0.032981
0.017547
0.032763
0.017569
0.032702
0.017318
0.032749
0.017594
0.032695
0.017554
0.032830
0.017536
0.032685
0.017575
0.032901
0.017637
0.032722
0.017468
0.032732
0.017581
0.032937
0.017580
0.032936
0.017692
0.032715
0.017518
0.032689
0.017412
0.032751
0.017441
0.032821
0.017409
0.024798
0.016947
0.024853
0.020756
0.018991
0.019032
0.024886
0.018784
0.018962
0.024849
0.018674
0.018995
0.024863
0.018803
0.026676
0.017076
0.018730
0.018927
0.023373
0.026487
0.015286
0.026352
0.015252
0.026570
0.015117
0.026611
0.020863
0.015176
0.026477
0.015094
0.026404
0.016928
0.018667
0.018959
0.024800
0.018777
0.026734
0.020849
0.015315
0.022821
0.025218
0.021438
0.021249
0.021253
0.021235
0.021238
0.013501
0.024916
0.025213
0.013446
0.024972
0.025094
0.021253
0.021215
0.021260
0.021317
0.021330
0.013531
0.024908
0.025110
0.021282
0.013505
0.025031
0.025172
0.013423
0.023295
0.026693
0.021402
0.013513
0.023373
0.026546
0.021342
0.013533
0.023433
0.026845
0.013393
0.023401
0.026819
0.013418
0.023458
0.026691
0.013423
0.023196
0.026999
0.021374
0.013489
0.023531
0.022597
0.033205
0.017591
0.032808
0.017511
0.032677
0.017498
0.032726
0.017475
0.032682
0.017478
0.032778
0.017381
0.032783
0.017589
0.032545
0.017359
0.032841
0.017483
0.032864
0.017354
0.032851
0.017545
0.032773
0.017492
0.032863
0.017379
0.032910
0.017456
0.032799
0.017421
0.032897
0.017517
0.032789
0.017454
0.032826
0.017372
0.032912
0.017519
0.032870
0.017427
0.032746
0.017374
0.032897
0.017430
0.032721
0.017646
0.032814
0.017302
0.032978
0.017536
0.032791
0.017406
0.032819
0.017519
0.032760
0.017532
0.032845
0.017506
0.032779
0.017195
0.024714
0.025035
0.025087
0.025009
0.024977
0.025025
0.024973
0.024839
0.024969
0.024983
0.024930
0.025001
0.024971
0.024810
0.024808
0.024928
0.024983
0.024862
0.024918
0.025129
0.025011
0.025131
0.024797
0.025014
0.024918
0.024930
0.025099
0.024981
0.024958
0.024932
0.025043
0.024935
0.024889
0.024934
0.024787
0.024963
0.024894
0.025041
0.025045
0.025012
0.024919
0.024929
0.024958
0.024930
0.025031
0.024989
0.025044
0.024885
0.024878
0.025007
0.025023
0.024954
0.024922
0.024919
0.025030
0.024904
0.024870
0.025007
0.025042
0.024949
0.024893
0.024899
0.025033
0.024976
0.024982
0.024954
0.024852
0.024876
0.024982
0.025000
0.024994
0.024846
0.024971
0.025006
0.024920
0.024991
0.025109
0.024925
0.024933
0.024990
0.024860
0.025023
0.024993
0.024949
0.025004
0.024959
0.024953
0.024866
0.024857
0.024955
0.024920
0.024852
0.024903
0.024943
0.024857
0.024907
0.024946
0.024887
0.025074
0.024975
0.024892
0.025034
0.025155
0.025001
0.024961
0.025084
0.024925
0.025013
0.024966
0.024936
0.024978
0.025039
0.024988
0.024857
0.024892
0.024890
0.024910
0.024882
0.025026
0.024790
0.024861
0.024877
0.024842
0.024979
0.024968
0.025036
0.024995
0.024985
0.024862
0.024870
0.024825
0.024925
0.024892
0.024973
0.024947
0.025007
0.024861
0.024805
0.024920
0.024824
0.024837
0.024703
0.025002
0.024944
0.025140
0.024925
0.024929
0.024903
0.025039
0.025033
0.024939
0.024902
0.024893
0.025084
0.025032
0.024901
0.024997
0.024990
0.024944
0.024863
0.024837
0.024899
0.025112
0.025018
0.024882
0.024984
0.024965
0.024977
0.024993
0.024885
0.024999
0.025016
0.024963
0.025040
0.024807
0.025105
0.024902
0.024760
0.025050
0.024860
0.024972
0.024959
0.024895
0.024875
0.024958
0.025007
0.025006
0.025036
0.024976
0.024977
0.024916
0.024872
0.024895
0.025021
0.024963
0.025029
0.025121
0.024979
0.024991
0.024968
0.025011
0.024989
0.024964
0.024903
0.024973
0.024895
0.024777
0.025094
0.024868
0.024993
0.024914
0.025011
0.024875
0.025032
0.024999
0.024976
0.025051
0.025061
0.024969
0.024921
0.025009
0.024874
0.024900
0.025059
0.024867
0.024909
0.024983
0.024946
0.025019
0.024946
0.024912
0.024970
0.025065
0.024898
0.025034
0.025109
0.024970
0.024878
0.024887
0.024986
0.024868
0.024936
0.024728
0.024881
0.024910
0.025091
0.024991
0.024958
0.025044
0.024914
0.024946
0.025095
0.024981
0.025014
0.024905
0.025012
0.024834
0.024978
0.025016
0.024949
0.024981
0.024925
0.024935
0.024900
0.025108
0.025022
0.025092
0.024911
0.024979
0.024994
0.024939
0.025050
0.024957
0.025035
0.024866
0.024968
0.025029
0.025112
0.025032
0.025091
0.025073
0.025007
0.024930
0.025008
0.024820
0.025033
0.024822
0.025072
0.025006
0.024894
0.024897
0.025023
0.024984
0.025063
0.024825
0.024932
0.024950
0.025169
0.025055
0.024875
0.025049
0.025072
0.024848
0.024957
0.025096
0.025030
0.024822
0.024902
0.024947
0.025115
0.024959
0.024996
0.025094
0.025048
0.024958
0.025057
0.025146
0.025056
0.024987
0.024858
0.024852
0.024844
0.025014
0.025040
0.025093
0.024963
0.024902
0.024848
0.024886
0.024848
0.025029
0.024977
0.024811
0.024871
0.024882
0.024889
0.024894
0.025032
0.025063
0.024989
0.024858
0.024924
0.024960
0.025066
0.025023
0.025036
0.025126
0.024994
0.024923
0.025037
0.024945
0.024913
0.024932
0.024934
0.024971
0.025032
0.024975
0.024892
0.024796
0.025012
0.024841
0.024940
0.025031
0.025008
0.024933
0.024958
0.024877
0.025007
0.025127
0.025012
0.024868
0.024928
0.024916
0.024856
0.024980
0.024983
0.024939
0.024779
0.024964
0.024855
0.024990
0.024917
0.024958
0.024907
0.025075
0.024977
0.025088
0.024975
0.024949
0.024953
0.024960
0.024865
0.024856
0.025019
0.024929
0.024922
0.024990
0.024999
0.024913
0.024892
0.025022
0.024961
0.024920
0.024969
0.025015
0.024907
0.024970
0.024948
0.024794
0.024935
0.024992
0.024877
0.024898
0.025005
0.024845
0.024993
0.024889
0.024855
0.024930
0.024948
0.024853
0.025048
0.024882
0.024905
0.024968
0.025002
0.025004
0.024934
0.024967
0.025067
0.024968
0.024911
0.024935
0.024968
0.024844
0.024917
0.024782
0.024916
0.025080
0.024973
0.024871
0.024938
0.024958
0.025042
0.024875
0.024919
0.024802
0.024895
0.024848
0.025046
0.024981
0.024935
0.024920
0.024792
0.024868
0.024908
0.024942
0.024962
0.024850
0.024918
0.024996
0.025105
0.024874
0.024997
0.024870
0.024997
0.024786
0.024935
0.024885
0.024998
0.024929
0.024897
0.025064
0.024854
0.024890
0.024849
0.024917
0.024997
0.024830
0.024938
0.025115
0.024888
0.024838
0.024957
0.024941
0.024905
0.024803
0.024769
0.025059
0.024941
0.024726
0.024842
0.024823
0.024926
0.024849
0.024911
0.025011
0.024907
0.024981
0.024986
0.024805
0.024960
0.025074
0.025071
0.025035
0.024883
0.024893
0.024913
0.024894
0.024972
0.025088
0.024979
0.025096
0.024973
0.024837
0.024892
0.024905
0.024835
0.024959
0.025147
0.024891
0.024838
0.024965
0.024964
0.024959
0.024859
0.025032
0.025014
0.024925
0.024996
0.024922
0.024912
0.025004
0.024856
0.024766
0.024997
0.024695
0.024877
0.024875
0.024830
0.025006
0.025015
0.024977
0.024908
0.024897
0.024906
0.024924
0.025007
0.025128
0.025116
0.024934
0.024971
0.024925
0.024827
0.024841
0.025042
0.024830
0.024986
0.024930
0.024877
0.025028
0.024900
0.018558
0.018935
0.018796
0.024442
0.018873
0.017138
0.025040
0.018840
0.024742
0.018835
0.018912
0.023092
0.018715
0.024715
0.018946
0.018806
0.024629
0.018943
0.017050
0.024864
0.016872
0.024799
0.018764
0.024509
0.018991
0.016906
0.024908
0.016994
0.024926
0.016945
0.024882
0.018642
0.024673
0.019143
0.016937
0.024917
0.016792
0.024711
0.018635
0.021448
0.021227
0.022919
0.017148
0.020885
0.021242
0.021282
0.021362
0.021318
0.021339
0.021207
0.021680
0.021058
0.021286
0.021287
0.021355
0.021397
0.021415
0.021332
0.021580
0.021057
0.021360
0.021308
0.021352
0.021568
0.021107
0.023638
0.024667
0.017436
0.023167
0.017038
0.023277
0.023288
0.017058
0.021313
0.021187
0.021719
0.020933
0.023621
0.023126
0.017024
0.023125
0.023342
0.016976
0.023211
0.023062
0.017079
0.023231
0.022934
0.020724
0.020687
0.020824
0.025102
0.018719
0.024380
0.018945
0.018767
0.018813
0.020837
0.025120
0.018837
0.024575
0.019114
0.018872
0.024664
0.018996
0.016969
0.024714
0.018876
0.024770
0.019190
0.018656
0.018836
0.024888
0.018698
0.024375
0.019053
0.018802
0.024493
0.019019
0.018802
0.018858
0.024996
0.018910
0.018794
0.024898
0.018644
0.018815
0.024991
0.018876
0.018766
0.024999
0.018695
0.018713
0.025192
0.018778
0.018785
0.025144
0.018886
0.018730
0.024873
0.018695
0.018757
0.025004
0.018556
0.018725
0.025000
0.018834
0.018732
0.025007
0.018824
0.018803
0.024953
0.016968
0.024912
0.018773
0.018823
0.024997
0.018869
0.018740
0.020719
0.025206
0.018833
0.018747
0.024936
0.018723
0.018737
0.020777
0.025042
0.016934
0.024913
0.018740
0.018842
0.026428
0.019062
0.018913
0.018867
0.025002
0.018704
0.018736
0.025015
0.018760
0.018798
0.025068
0.018786
0.018815
0.024956
0.018766
0.018801
0.025059
0.018656
0.018862
0.025037
0.018720
0.018936
0.020691
0.025149
0.017107
0.024607
0.018691
0.018840
0.020758
0.020874
0.025276
0.018718
0.018793
0.025110
0.018843
0.018774
0.025101
0.018763
0.018737
0.024991
0.017031
0.024951
0.018849
0.018613
0.024874
0.018705
0.018655
0.020767
0.025041
0.018718
0.018748
0.025029
0.018766
0.018801
0.024959
0.016961
0.024825
0.017022
0.020614
0.025312
0.018765
0.018883
0.020708
0.025080
0.018616
0.018867
0.024992
0.018695
0.018901
0.025120
0.018700
0.018779
0.025027
0.018787
0.018752
0.025117
0.018736
0.018863
0.020839
0.025108
0.016982
0.020624
0.025238
0.018695
0.018814
0.020752
0.020904
0.025216
0.018704
0.018793
0.025135
0.018746
0.018779
0.024872
0.018758
0.018677
0.020708
0.025154
0.018857
0.018780
0.024975
0.018857
0.018715
0.024942
0.018725
0.018732
0.024905
0.018896
0.018633
0.020643
0.025153
0.018869
0.018831
0.020703
0.020922
0.025316
0.017142
0.024833
0.018777
0.018719
0.020691
0.025223
0.018790
0.024444
0.019190
0.018848
0.018833
0.024987
0.018760
0.018770
0.025077
0.018799
0.018781
0.025006
0.018804
0.018681
0.020838
0.025227
0.018662
0.018854
0.025033
0.018752
0.018791
0.024926
0.018801
0.018780
0.020776
0.025129
0.018848
0.018798
0.020769
0.025314
0.018687
0.018807
0.025093
0.018855
0.018823
0.024945
0.018719
0.018597
0.025018
0.018877
0.018835
0.025124
0.016935
0.026417
0.019045
0.018861
0.018774
0.025080
0.016840
0.018537
0.012572
0.020750
0.018518
0.010758
0.020663
0.012503
0.020832
0.018419
0.010790
0.022516
0.010786
0.020655
0.018516
0.010820
0.020767
0.012657
0.022411
0.010781
0.020789
0.018413
0.010811
0.020722
0.012498
0.020807
0.018470
0.010782
0.020630
0.018460
0.010777
0.020718
0.018480
0.010790
0.020741
0.012595
0.020679
0.018555
0.010817
0.020668
0.012506
0.020791
0.018508
0.010773
0.020818
0.012582
0.020762
0.018528
0.010925
0.020741
0.012529
0.020799
0.012730
0.020686
0.012608
0.020664
0.012540
0.020791
0.018480
0.010789
0.020712
0.012455
0.020763
0.012590
0.020754
0.012605
0.020715
0.012507
0.020697
0.012635
0.020821
0.012644
0.020714
0.012533
0.020755
0.018513
0.010824
0.020705
0.012645
