0.018602
0.021385
0.021230
0.032928
0.017611
0.032883
0.017571
0.032857
0.017561
0.032926
0.017515
0.032955
0.017756
0.032831
0.017650
0.033046
0.017453
0.032869
0.017596
0.032900
0.017602
0.033003
0.017640
0.032947
0.017548
0.032746
0.017617
0.032895
0.017550
0.032794
0.017580
0.033070
0.017649
0.032921
0.017673
0.033011
0.017479
0.033109
0.017611
0.033019
0.017586
0.032870
0.017563
0.032927
0.017673
0.032998
0.017521
0.032945
0.017638
0.032820
0.017696
0.032900
0.017519
0.032773
0.017491
0.032970
0.017632
0.032942
0.017585
0.032866
0.017492
0.032900
0.017549
0.032870
0.017609
0.033018
0.017583
0.033078
0.017605
0.032891
0.017605
0.033036
0.017578
0.032840
0.017504
0.032943
0.017464
0.032888
0.017567
0.032993
0.017602
0.032856
0.017509
0.032937
0.017610
0.032877
0.017482
0.033113
0.017508
0.032891
0.017581
0.032952
0.017491
0.033092
0.017557
0.032797
0.017589
0.033000
0.017594
0.033035
0.017603
0.032984
0.017615
0.032877
0.017529
0.032980
0.017618
0.032995
0.017607
0.032889
0.017456
0.032887
0.017668
0.032939
0.017534
0.032915
0.017543
0.032843
0.017620
0.032967
0.017465
0.033010
0.017580
0.032916
0.017538
0.032960
0.017525
0.033065
0.017463
0.033019
0.017669
0.032876
0.017565
0.032771
0.017577
0.032900
0.017632
0.032992
0.017481
0.033010
0.017577
0.032897
0.017600
0.032894
0.017505
0.032944
0.017542
0.032824
0.017555
0.032932
0.017532
0.032988
0.017521
0.032772
0.017631
0.032982
0.017667
0.032859
0.017597
0.020922
0.028818
0.020973
0.015318
0.018723
0.025020
0.018866
0.018983
0.024956
0.018958
0.018804
0.024921
0.018822
0.026841
0.015366
0.026629
0.015315
0.018708
0.023229
0.018472
0.024870
0.019000
0.018839
0.023165
0.026477
0.015210
0.026662
0.015257
0.026574
0.017115
0.018825
0.026765
0.015181
0.026663
0.015230
0.026535
0.015242
0.018667
0.024847
0.017031
0.023631
0.026825
0.021441
0.021455
0.021437
0.021379
0.021374
0.021340
0.021418
0.021522
0.021455
0.021509
0.021429
0.021478
0.021546
0.021422
0.021399
0.021468
0.021400
0.021504
0.021404
0.021475
0.021373
0.013476
0.023414
0.026762
0.013565
0.023446
0.026863
0.013448
0.023501
0.026889
0.013506
0.023379
0.026751
0.021283
0.013630
0.023430
0.022934
0.017186
0.023659
0.026776
0.013386
0.023313
0.026735
0.013417
0.023480
0.018864
0.022696
0.014968
0.026917
0.014900
0.027103
0.014862
0.020643
0.028805
0.019169
0.014854
0.028574
0.017194
0.024592
0.017265
0.024623
0.017202
0.024640
0.017116
0.024653
0.017322
0.024603
0.017200
0.024548
0.017254
0.024683
0.019106
0.014863
0.026919
0.014863
0.026854
0.015039
0.026705
0.014716
0.027102
0.014829
0.028683
0.017289
0.024671
0.017315
0.024732
0.013407
0.027019
0.015093
0.027294
0.015066
0.027142
0.015015
0.027056
0.015107
0.027136
0.015001
0.027038
0.015148
0.027128
0.014945
0.027002
0.015059
0.027174
0.015001
0.027126
0.015069
0.027228
0.015030
0.027178
0.015044
0.027183
0.015038
0.027151
0.014960
0.027298
0.015020
0.027246
0.015077
0.027221
0.023120
0.017440
0.023158
0.022985
0.017379
0.022960
0.014962
0.027056
0.022856
0.017295
0.022998
0.014811
0.027040
0.014757
0.024555
0.024956
0.024773
0.024789
0.024848
0.024986
0.024924
0.024716
0.024591
0.024548
0.024611
0.024773
0.024621
0.024733
0.024856
0.024716
0.024745
0.024642
0.024772
0.024858
0.024742
0.024794
0.024688
0.024836
0.024832
0.024683
0.024808
0.024665
0.024777
0.024759
0.024626
0.024569
0.024602
0.024704
0.024678
0.024622
0.024841
0.024709
0.024820
0.024819
0.024790
0.024688
0.024851
0.024942
0.024684
0.024794
0.024664
0.024801
0.024866
0.024859
0.024865
0.025051
0.024910
0.024856
0.024944
0.024972
0.024971
0.024862
0.024905
0.024843
0.024733
0.024913
0.024742
0.024745
0.024704
0.024783
0.024749
0.024804
0.024658
0.024714
0.024825
0.024851
0.024686
0.024934
0.025024
0.024928
0.024878
0.024873
0.024889
0.024964
0.024948
0.024705
0.024753
0.024749
0.024704
0.024850
0.025009
0.024859
0.024885
0.024862
0.024801
0.024849
0.024769
0.024781
0.024749
0.025043
0.024852
0.025008
0.024891
0.024908
0.024722
0.024682
0.024819
0.024741
0.024837
0.024845
0.024920
0.024994
0.024962
0.024967
0.024771
0.024907
0.024719
0.024958
0.024687
0.024878
0.024839
0.024820
0.024814
0.024920
0.024863
0.024692
0.024789
0.024801
0.024684
0.024877
0.024728
0.024806
0.024670
0.024926
0.024857
0.024836
0.024682
0.024627
0.024815
0.024808
0.024823
0.024628
0.024930
0.024954
0.024750
0.024568
0.024819
0.024814
0.024841
0.024949
0.024952
0.024966
0.024845
0.025051
0.025030
0.025002
0.024820
0.024886
0.024951
0.024840
0.024707
0.024879
0.024768
0.024866
0.024850
0.024949
0.024748
0.024812
0.024730
0.024898
0.025059
0.024926
0.025073
0.024941
0.024945
0.024927
0.024766
0.024794
0.024872
0.024828
0.024608
0.024769
0.024646
0.024904
0.024889
0.024879
0.024543
0.024709
0.024866
0.024796
0.024833
0.024881
0.024745
0.024750
0.024916
0.024797
0.024927
0.024806
0.024862
0.024697
0.024539
0.024835
0.024835
0.024817
0.024662
0.023027
0.018758
0.016567
0.028579
0.019075
0.014755
0.020293
0.028734
0.018808
0.014749
0.028317
0.018833
0.014627
0.025278
0.024169
0.017494
0.024121
0.017255
0.024084
0.017234
0.024201
0.016946
0.024271
0.017026
0.024349
0.016947
0.016460
0.025088
0.024162
0.017018
0.024249
0.016885
0.016475
0.028455
0.017156
0.024321
0.016864
0.024385
0.017338
0.016354
0.020609
0.027374
0.022693
0.017240
0.020803
0.021198
0.021158
0.021196
0.021266
0.021622
0.021296
0.021269
0.021559
0.021263
0.021054
0.021307
0.021215
0.021230
0.021341
0.021104
0.021214
0.021402
0.020993
0.023308
0.014742
0.025436
0.022796
0.014841
0.026920
0.014882
0.026883
0.014869
0.025737
0.022815
0.014782
0.020668
0.027251
0.014946
0.027021
0.022836
0.017220
0.023083
0.022953
0.017264
0.023015
0.014869
0.026914
0.014860
0.022719
0.032918
0.018812
0.032711
0.021297
0.028663
0.021050
0.028683
0.021387
0.028661
0.021271
0.028734
0.021337
0.028740
0.021308
0.028751
0.021156
0.028629
0.021206
0.028796
0.021477
0.028804
0.021436
0.028981
0.021558
0.028691
0.021319
0.028638
0.021168
0.028700
0.021289
0.028623
0.021194
0.028614
0.021132
0.028664
0.021157
0.028633
0.021423
0.028697
0.021225
0.028688
0.021145
0.028562
0.021156
0.028771
0.021107
0.028672
0.021194
0.028680
0.021231
0.028643
0.021298
0.028794
0.021150
0.028821
0.021224
0.028829
0.021409
0.028874
0.021347
0.028839
0.021261
0.028631
0.021144
0.028653
0.021171
0.028680
0.021227
0.028592
0.014839
0.026461
0.014954
0.020322
0.018748
0.028599
0.014818
0.018450
0.028634
0.014733
0.018339
0.028604
0.014813
0.018469
0.026956
0.016786
0.018607
0.028834
0.013448
0.026401
0.014917
0.026373
0.014846
0.026595
0.014706
0.026736
0.020274
0.014957
0.026363
0.014693
0.026407
0.016427
0.018536
0.028607
0.014868
0.018472
0.026682
0.020477
0.015075
0.022652
0.025163
0.021004
0.021166
0.021028
0.021053
0.020922
0.022671
0.015074
0.025118
0.022598
0.015014
0.025085
0.020953
0.020944
0.020927
0.021179
0.020787
0.022950
0.014947
0.025064
0.020966
0.022670
0.015003
0.025139
0.022575
0.013276
0.026533
0.021259
0.022641
0.013287
0.026395
0.021190
0.022605
0.013433
0.026649
0.022748
0.013348
0.026622
0.022695
0.013424
0.026807
0.022861
0.013179
0.027065
0.021231
0.022713
0.013405
0.032381
0.021185
0.028773
0.021110
0.028610
0.021096
0.028588
0.021069
0.028630
0.021024
0.028600
0.021024
0.028532
0.021133
0.028619
0.020958
0.028535
0.021153
0.028563
0.021470
0.028825
0.021249
0.028693
0.021194
0.028752
0.021242
0.028635
0.021220
0.028702
0.021247
0.028594
0.021220
0.028615
0.021143
0.028675
0.021160
0.028545
0.021164
0.028715
0.021386
0.028780
0.021261
0.028599
0.021290
0.028756
0.021164
0.028761
0.021170
0.028605
0.021269
0.028641
0.021138
0.028545
0.021190
0.028608
0.021144
0.028619
0.021157
0.028643
0.021155
0.021307
0.023990
0.024148
0.024902
0.023997
0.024710
0.024066
0.024040
0.024137
0.024690
0.024093
0.024159
0.024181
0.024114
0.023900
0.023869
0.024138
0.024050
0.024090
0.023991
0.024218
0.024140
0.024169
0.023993
0.024050
0.024071
0.024194
0.024189
0.024018
0.024587
0.024098
0.024624
0.024070
0.024035
0.023956
0.023977
0.023922
0.024068
0.024767
0.024132
0.024009
0.024037
0.024041
0.024035
0.024096
0.024223
0.024032
0.024063
0.024707
0.024534
0.024695
0.024688
0.017628
0.023966
0.024074
0.024142
0.023923
0.024635
0.024806
0.024653
0.024602
0.024751
0.024671
0.024845
0.025004
0.024890
0.024909
0.024843
0.024719
0.024886
0.024799
0.024581
0.024749
0.024739
0.024698
0.024648
0.024785
0.024692
0.024604
0.024624
0.024610
0.024703
0.024647
0.024702
0.024720
0.024601
0.024572
0.024616
0.024553
0.024625
0.024659
0.024538
0.024559
0.024634
0.024557
0.024602
0.024657
0.024608
0.024556
0.024656
0.024546
0.024731
0.024719
0.024901
0.024466
0.024753
0.024694
0.024706
0.024649
0.024502
0.024726
0.024594
0.024680
0.024572
0.024466
0.024646
0.024458
0.024739
0.024573
0.024579
0.024440
0.024519
0.024549
0.024664
0.024607
0.024703
0.024668
0.024626
0.024633
0.024526
0.024518
0.024527
0.024570
0.024574
0.024693
0.024615
0.024564
0.024626
0.024503
0.024471
0.024512
0.024496
0.024516
0.024627
0.024657
0.024778
0.024466
0.024652
0.024590
0.024707
0.024675
0.024521
0.024580
0.024639
0.024752
0.024580
0.024564
0.024771
0.024493
0.024546
0.024494
0.024544
0.024701
0.024621
0.024719
0.024542
0.024655
0.024645
0.024529
0.024758
0.024637
0.024597
0.024635
0.024720
0.024488
0.024740
0.024534
0.024604
0.024460
0.024569
0.024646
0.024692
0.024539
0.024539
0.024650
0.024581
0.024687
0.024653
0.024642
0.024643
0.024487
0.024668
0.024512
0.024573
0.024675
0.024605
0.024794
0.024642
0.024743
0.024649
0.024635
0.024578
0.024622
0.014821
0.024436
0.024636
0.024521
0.024554
0.024538
0.015015
0.024684
0.024559
0.024565
0.024637
0.024651
0.024651
0.024624
0.024743
0.024609
0.024687
0.024619
0.024572
0.024548
0.024728
0.024458
0.024601
0.024638
0.024705
0.024596
0.024584
0.024459
0.024678
0.024557
0.024718
0.024611
0.024772
0.014992
0.024019
0.023881
0.024619
0.024023
0.023933
0.023922
0.023786
0.024092
0.023993
0.024157
0.024152
0.024114
0.024043
0.023956
0.024154
0.024019
0.024153
0.024020
0.024049
0.023823
0.023995
0.024108
0.024015
0.024048
0.024007
0.024674
0.024471
0.024664
0.014696
0.024416
0.024074
0.024116
0.024077
0.023777
0.024233
0.024051
0.024024
0.023988
0.024695
0.024627
0.025070
0.024952
0.025008
0.025061
0.024859
0.024732
0.024807
0.024690
0.024641
0.024688
0.024729
0.024678
0.024874
0.024599
0.024791
0.024729
0.024794
0.024821
0.024951
0.024528
0.024863
0.024845
0.024724
0.024718
0.015100
0.024067
0.024068
0.024066
0.024153
0.024108
0.024015
0.024054
0.024104
0.024136
0.024133
0.024084
0.024118
0.024079
0.024205
0.024114
0.024791
0.024153
0.024015
0.024109
0.024476
0.024039
0.024120
0.024169
0.024717
0.024049
0.024483
0.023926
0.023916
0.024552
0.024714
0.024499
0.024555
0.024478
0.024664
0.024531
0.024729
0.024772
0.024706
0.014863
0.024611
0.024005
0.024681
0.024195
0.024173
0.024062
0.024142
0.024629
0.023972
0.024103
0.024005
0.024062
0.024594
0.024084
0.024646
0.024614
0.024036
0.023946
0.024189
0.024449
0.024587
0.024113
0.024613
0.023997
0.023976
0.023937
0.024016
0.024738
0.024217
0.024000
0.023824
0.024046
0.023924
0.023973
0.024020
0.024018
0.023897
0.023926
0.024031
0.024115
0.023985
0.024008
0.024030
0.023930
0.024175
0.024009
0.024200
0.023962
0.024128
0.024006
0.024076
0.023938
0.023968
0.024028
0.024152
0.023993
0.024172
0.023992
0.023943
0.024075
0.024195
0.023933
0.023910
0.024177
0.023982
0.024083
0.023940
0.023927
0.023927
0.024655
0.024101
0.023991
0.023986
0.023995
0.024236
0.024524
0.024548
0.024004
0.024036
0.024468
0.024065
0.024076
0.023947
0.024001
0.024103
0.023972
0.024022
0.024033
0.024087
0.024699
0.024669
0.024511
0.024647
0.024536
0.024549
0.024411
0.024556
0.024634
0.024769
0.024581
0.024544
0.024621
0.024629
0.024596
0.024609
0.024840
0.024809
0.024593
0.024939
0.024716
0.024778
0.024697
0.024561
0.024631
0.024665
0.024630
0.024679
0.024714
0.024647
0.024695
0.024832
0.024666
0.024753
0.024579
0.024703
0.024515
0.024657
0.024524
0.024730
0.024832
0.024945
0.024816
0.024897
0.024637
0.024643
0.024683
0.024729
0.024789
0.024583
0.024784
0.024821
0.024655
0.024658
0.024666
0.024667
0.024637
0.024657
0.024623
0.024815
0.024471
0.024598
0.024554
0.024584
0.024716
0.024565
0.024664
0.024800
0.024628
0.024743
0.024812
0.024776
0.024837
0.024974
0.024779
0.024779
0.024572
0.024804
0.024693
0.024798
0.024729
0.024847
0.024787
0.024884
0.024609
0.024639
0.024681
0.024670
0.024612
0.024823
0.024776
0.024656
0.024594
0.024733
0.024697
0.024745
0.024597
0.015186
0.024670
0.024630
0.024693
0.024158
0.024637
0.024660
0.024581
0.014220
0.023943
0.023934
0.024072
0.024084
0.023849
0.024069
0.024132
0.024693
0.024051
0.023618
0.023984
0.024191
0.024225
0.024317
0.024797
0.024034
0.024021
0.024687
0.024462
0.024692
0.024666
0.024590
0.024739
0.024661
0.024654
0.024642
0.026976
0.018761
0.028317
0.014609
0.017807
0.026228
0.014338
0.027802
0.014444
0.017696
0.027787
0.012723
0.027478
0.015010
0.017632
0.027751
0.014263
0.017822
0.026635
0.014270
0.025884
0.014164
0.027632
0.014256
0.017791
0.026544
0.014322
0.025919
0.014412
0.025889
0.014275
0.027445
0.014258
0.017941
0.026321
0.014267
0.025693
0.014245
0.027490
0.020528
0.020432
0.012578
0.026142
0.020333
0.020458
0.020575
0.020523
0.020585
0.020530
0.020525
0.020932
0.021080
0.021283
0.021204
0.021273
0.021326
0.021189
0.021170
0.021252
0.021027
0.021072
0.021214
0.021106
0.021285
0.021031
0.023135
0.014976
0.026828
0.013371
0.026647
0.022816
0.013492
0.026603
0.021137
0.021267
0.021383
0.020806
0.022989
0.013315
0.026545
0.022747
0.013501
0.026557
0.022708
0.013311
0.026669
0.022774
0.024477
