0.015623
0.014978
0.033480
0.017406
0.033090
0.017352
0.032961
0.017428
0.032975
0.017421
0.032977
0.017338
0.033075
0.017316
0.033083
0.017422
0.032916
0.017249
0.033125
0.017402
0.033151
0.017278
0.033154
0.017388
0.033068
0.017382
0.033148
0.017354
0.033170
0.017376
0.033072
0.017314
0.033158
0.017357
0.033068
0.017345
0.033123
0.017274
0.033150
0.017451
0.033129
0.017288
0.033037
0.017318
0.033174
0.017384
0.032996
0.017497
0.033104
0.017278
0.033265
0.017384
0.033098
0.017324
0.033090
0.017408
0.033026
0.017384
0.033125
0.017410
0.033032
0.017038
0.024790
0.025061
0.025154
0.025123
0.025020
0.025085
0.025066
0.024942
0.025056
0.025012
0.024953
0.025011
0.025079
0.024880
0.024876
0.025000
0.025066
0.024970
0.025012
0.025143
0.025104
0.025146
0.024910
0.025032
0.025037
0.025035
0.025156
0.025059
0.024992
0.024992
0.025153
0.024983
0.024991
0.025025
0.024853
0.025020
0.024933
0.025109
0.025125
0.025038
0.024972
0.024950
0.025040
0.025066
0.025048
0.025124
0.025045
0.024956
0.024975
0.025094
0.025102
0.024968
0.025052
0.024981
0.025051
0.024999
0.024897
0.025083
0.025127
0.025051
0.024929
0.025052
0.025114
0.025055
0.025069
0.025024
0.024940
0.024958
0.024999
0.025083
0.025057
0.024907
0.025062
0.025029
0.025019
0.025019
0.025154
0.024981
0.024975
0.025049
0.024956
0.025062
0.025002
0.025060
0.025007
0.025014
0.024953
0.024951
0.024910
0.025079
0.024955
0.024924
0.024991
0.025031
0.024912
0.024966
0.025013
0.024934
0.025092
0.025033
0.024962
0.025098
0.025151
0.025171
0.024949
0.025140
0.024992
0.025111
0.024993
0.024952
0.025082
0.025037
0.025054
0.024908
0.024916
0.024928
0.024951
0.024904
0.025030
0.024849
0.024855
0.024901
0.024882
0.025020
0.025056
0.025067
0.024998
0.025043
0.024943
0.024925
0.024867
0.024913
0.024953
0.024963
0.025027
0.025033
0.024834
0.024916
0.024913
0.024834
0.024848
0.024751
0.025036
0.024988
0.025110
0.024978
0.024971
0.024958
0.025027
0.025055
0.024997
0.024945
0.024943
0.025100
0.025113
0.024963
0.025009
0.025063
0.024955
0.024874
0.024829
0.024963
0.025109
0.025054
0.024959
0.024994
0.024971
0.025045
0.024931
0.024987
0.025016
0.025021
0.025007
0.025110
0.024780
0.025084
0.024895
0.024871
0.025012
0.024926
0.024946
0.024998
0.024905
0.024895
0.024993
0.024985
0.025010
0.025031
0.024973
0.024988
0.024911
0.024914
0.024908
0.024974
0.024992
0.025039
0.025119
0.025029
0.024929
0.024968
0.024998
0.024997
0.024947
0.024952
0.024983
0.024919
0.024786
0.025059
0.024920
0.025012
0.024953
0.024966
0.024941
0.025013
0.025013
0.025048
0.025018
0.025117
0.024958
0.025022
0.025042
0.024900
0.024907
0.025052
0.024884
0.024955
0.025048
0.024955
0.025029
0.024920
0.024949
0.025031
0.025038
0.024984
0.025028
0.025146
0.024986
0.024891
0.024873
0.024971
0.024889
0.024887
0.024759
0.024891
0.024957
0.025050
0.024972
0.025029
0.025041
0.024921
0.024894
0.025163
0.024953
0.025043
0.024968
0.025009
0.024779
0.025013
0.025012
0.024938
0.024955
0.025000
0.024961
0.024915
0.025077
0.025119
0.025072
0.024942
0.024978
0.025037
0.024882
0.025135
0.024957
0.024969
0.024901
0.025019
0.025001
0.025155
0.025064
0.025122
0.025095
0.025045
0.024970
0.025003
0.024876
0.025049
0.024906
0.025123
0.025009
0.025090
0.024871
0.025091
0.025025
0.025100
0.024884
0.024959
0.024954
0.025198
0.025131
0.024949
0.025088
0.025086
0.024884
0.024955
0.025069
0.025082
0.024891
0.024922
0.024999
0.025075
0.025002
0.025034
0.025041
0.025040
0.024913
0.025080
0.025165
0.025123
0.024978
0.024857
0.024916
0.024850
0.024983
0.025028
0.025081
0.025068
0.024908
0.024869
0.024892
0.024870
0.025023
0.025041
0.024853
0.024945
0.024914
0.024968
0.024930
0.025084
0.025136
0.025006
0.024933
0.024942
0.024990
0.025028
0.025065
0.025072
0.025081
0.025056
0.024958
0.024968
0.025001
0.024999
0.024966
0.024956
0.025055
0.025060
0.025003
0.024887
0.024900
0.025029
0.024879
0.024994
0.025007
0.025092
0.024944
0.025002
0.024847
0.025057
0.025107
0.025078
0.024831
0.024923
0.024948
0.024855
0.024964
0.024972
0.024954
0.024780
0.024946
0.024916
0.024988
0.024906
0.024942
0.024920
0.024997
0.025056
0.025061
0.025088
0.024903
0.025070
0.024958
0.024957
0.024827
0.025031
0.024958
0.024992
0.024965
0.025064
0.024914
0.024930
0.025045
0.025051
0.024881
0.024976
0.025019
0.024961
0.024960
0.024988
0.024833
0.024935
0.025034
0.024931
0.024959
0.025031
0.024827
0.025037
0.024925
0.024906
0.024923
0.024950
0.024857
0.025045
0.024882
0.024933
0.024944
0.025035
0.024969
0.025000
0.024936
0.025011
0.024969
0.024903
0.024953
0.024994
0.024861
0.024928
0.024792
0.024904
0.025072
0.025081
0.024888
0.024937
0.024945
0.025001
0.024891
0.024968
0.024803
0.024969
0.024834
0.025101
0.024933
0.025019
0.024930
0.024877
0.024851
0.024947
0.024964
0.024966
0.024913
0.024955
0.025073
0.025091
0.024956
0.024987
0.024951
0.025024
0.024827
0.024943
0.024866
0.025019
0.024921
0.024963
0.025081
0.024943
0.024912
0.024885
0.024917
0.024974
0.024896
0.024940
0.025070
0.024977
0.024845
0.025014
0.024930
0.024977
0.024829
0.024832
0.025028
0.025019
0.024721
0.024867
0.024842
0.024948
0.024879
0.024938
0.024992
0.024944
0.024985
0.025002
0.024810
0.025002
0.025009
0.025122
0.024965
0.024935
0.024900
0.024980
0.024884
0.025059
0.025011
0.025063
0.024997
0.025021
0.024854
0.024910
0.024926
0.024881
0.024913
0.025140
0.024974
0.024903
0.024968
0.024999
0.024981
0.024966
0.024996
0.025027
0.024951
0.025013
0.024950
0.025015
0.024991
0.024926
0.024810
0.025003
0.024700
0.024915
0.024871
0.024809
0.024961
0.025004
0.024956
0.024972
0.024881
0.024943
0.024913
0.024993
0.025146
0.025075
0.024967
0.025005
0.024870
0.024908
0.024858
0.025065
0.024891
0.025023
0.024918
0.024931
0.025028
0.024975
0.018497
0.019037
0.018765
0.024725
0.018675
0.026910
0.015383
0.018698
0.024998
0.018672
0.018822
0.023370
0.018527
0.025080
0.018618
0.018851
0.024886
0.018769
0.026783
0.015286
0.026492
0.015161
0.018663
0.024804
0.018768
0.026636
0.015330
0.026600
0.015344
0.026578
0.015265
0.018501
0.024845
0.018979
0.026781
0.015360
0.026295
0.015245
0.018479
0.021533
0.021204
0.023080
0.026780
0.021241
0.021171
0.021344
0.021213
0.021382
0.021188
0.021313
0.021370
0.021333
0.021225
0.021382
0.021363
0.021444
0.021329
0.021405
0.021291
0.021314
0.021303
0.021373
0.021248
0.021310
0.021454
0.013475
0.024853
0.017263
0.023364
0.026784
0.013429
0.023428
0.026688
0.021329
0.021413
0.021438
0.021333
0.013443
0.023285
0.026647
0.013436
0.023494
0.026644
0.013400
0.023233
0.026775
0.013436
0.022877
0.030588
0.020866
0.020860
0.015315
0.018500
0.024745
0.018724
0.018836
0.028755
0.020913
0.015310
0.018648
0.024932
0.018922
0.018857
0.024934
0.018817
0.026621
0.015283
0.018720
0.025105
0.018957
0.018712
0.028678
0.015246
0.018600
0.024645
0.018839
0.018909
0.024723
0.018869
0.018798
0.028787
0.015297
0.018731
0.028622
0.015283
0.018528
0.028629
0.015333
0.018654
0.028710
0.015352
0.018527
0.028655
0.015453
0.018604
0.028732
0.015451
0.018747
0.028617
0.015289
0.018539
0.028631
0.015357
0.018419
0.028606
0.015301
0.018617
0.028677
0.015338
0.018695
0.028658
0.015312
0.026562
0.015358
0.018578
0.028732
0.015297
0.018684
0.028651
0.020856
0.015430
0.018656
0.028623
0.015335
0.018541
0.028638
0.020905
0.015245
0.026485
0.015403
0.018570
0.028658
0.016829
0.018908
0.018860
0.028832
0.015294
0.018558
0.028606
0.015408
0.018547
0.028723
0.015468
0.018565
0.028743
0.015306
0.018609
0.028657
0.015424
0.018484
0.028727
0.015441
0.018571
0.028794
0.020843
0.015334
0.026531
0.015229
0.018516
0.028768
0.020881
0.020958
0.015389
0.018564
0.028701
0.015423
0.018678
0.028732
0.015393
0.018617
0.028615
0.015357
0.026595
0.015394
0.018682
0.028466
0.015298
0.018552
0.028537
0.020860
0.015320
0.018568
0.028576
0.015447
0.018587
0.028633
0.015377
0.026496
0.015320
0.026670
0.020873
0.015457
0.018621
0.028845
0.020739
0.015348
0.018450
0.028675
0.015371
0.018598
0.028801
0.015395
0.018556
0.028648
0.015344
0.018672
0.028612
0.015477
0.018498
0.028844
0.020979
0.015284
0.026494
0.020953
0.015382
0.018548
0.028645
0.020939
0.020882
0.015397
0.018575
0.028631
0.015489
0.018580
0.028664
0.015270
0.018617
0.028501
0.020888
0.015353
0.018636
0.028711
0.015341
0.018643
0.028597
0.015331
0.018543
0.028572
0.015333
0.018669
0.028484
0.020918
0.015350
0.018684
0.028703
0.020927
0.020917
0.015457
0.026602
0.015414
0.018561
0.028581
0.020921
0.015366
0.018598
0.024742
0.018895
0.018933
0.028738
0.015359
0.018556
0.028696
0.015401
0.018616
0.028672
0.015394
0.018617
0.028621
0.021019
0.015370
0.018529
0.028778
0.015316
0.018550
0.028733
0.015293
0.018571
0.028725
0.020964
0.015294
0.018652
0.028713
0.020986
0.015428
0.018512
0.028680
0.015393
0.018692
0.028682
0.015295
0.018557
0.028549
0.015338
0.018693
0.028753
0.015433
0.026492
0.016929
0.018879
0.018907
0.028670
0.015375
0.024199
0.016776
0.016728
0.016567
0.016769
0.016649
0.016448
0.016836
0.016500
0.016747
0.016629
0.016630
0.016625
0.016471
0.016798
0.016702
0.016599
0.016806
0.016556
0.016665
0.016613
0.016732
0.016743
0.016497
0.016778
0.016490
0.016758
0.016640
0.016442
0.016745
0.016598
0.016498
0.016737
0.016678
0.016467
0.016813
0.016539
0.016824
0.016603
0.016482
0.016827
0.016534
0.016762
0.016667
0.016597
0.016767
0.016585
0.016772
0.016810
0.016515
0.016865
0.016467
0.016926
0.016625
0.016723
0.016487
0.016828
0.016519
0.016789
0.016696
0.016499
0.016738
0.016505
0.016845
0.016526
0.016801
0.016511
0.016707
0.016505
0.016899
0.016592
0.016802
0.016562
0.016732
0.016524
0.016850
0.016695
0.016560
0.016858
0.012460
0.012458
0.012494
0.012424
0.012436
0.012429
0.012412
0.012374
0.012435
0.012396
0.012345
0.012364
0.012459
0.012398
0.012440
0.012401
0.012453
0.012448
0.012355
0.012405
0.012427
0.012429
0.012399
0.012408
0.012443
0.012438
0.012441
0.012438
0.012442
0.012381
0.012420
0.012345
0.012424
0.012459
0.012405
0.012467
0.012401
0.012447
0.012421
0.012425
0.012384
0.012444
0.012434
0.012454
0.012420
0.012406
0.012436
0.012397
0.012454
0.012421
0.012459
0.012395
0.012449
0.012387
0.012403
0.012432
0.012450
0.012442
0.012412
0.012421
0.012484
0.012452
0.012495
0.012473
0.012457
0.012452
0.012480
0.012457
0.012429
0.012454
0.012454
0.012408
0.012439
0.012435
0.012451
0.012433
0.012446
0.012422
0.012474
0.012429
0.012463
0.012424
0.012553
0.012415
0.012449
0.012438
0.012451
0.012429
0.012457
0.012405
0.012472
0.012400
0.012465
0.012400
0.012471
0.012408
0.012421
0.012429
0.012493
0.012425
0.012432
0.012460
0.012430
0.012433
0.012460
0.012465
0.012410
0.012430
0.012398
0.012480
0.012429
0.012466
0.012483
0.012449
0.012483
0.012454
0.012486
0.012456
0.012468
0.012528
0.012449
0.012436
0.012445
0.012506
0.012469
0.012458
0.012390
0.012455
0.012438
0.012423
0.012443
0.012433
0.012399
0.012452
0.012481
0.012455
0.012464
0.012422
0.012522
0.012408
0.012451
0.012442
0.012492
0.012467
0.012469
0.012463
0.012442
0.012427
0.012455
0.012426
0.012412
0.012459
0.012465
0.012482
0.012443
0.012454
0.012445
0.012457
0.012476
0.012448
0.012438
0.012462
0.012492
0.012466
0.012449
0.012452
0.012472
0.012507
0.012446
0.012466
0.012479
0.012457
0.012446
0.012480
0.012467
0.012460
0.012461
0.012454
0.012459
0.012452
0.012465
0.012448
0.012436
0.012468
0.012549
0.012472
0.012455
0.012457
0.012481
0.012470
0.012452
0.012450
0.012502
0.012453
0.012499
0.012466
0.012375
0.012424
0.012470
0.012426
0.012484
0.012449
0.012493
0.012443
0.012452
0.012456
0.012496
0.012458
0.012470
0.012405
0.012473
0.012442
0.012541
0.012435
0.012451
0.012459
0.012442
0.012463
0.012472
0.012469
0.012459
0.012462
0.012431
0.012477
0.012479
0.012467
0.012461
0.012458
0.012462
0.012418
0.012437
0.012430
0.012455
0.012447
0.012439
0.012531
0.012506
0.012416
0.012488
0.012419
0.012493
0.012570
0.012491
0.012502
0.012441
0.012451
0.012459
0.012466
0.012464
0.012479
0.012501
0.012486
0.012473
0.012446
0.012484
0.012473
0.012532
0.012465
0.012492
0.012457
0.012469
0.012458
0.012464
0.012484
0.012414
0.012482
0.012412
0.012462
0.012492
0.012495
0.012491
0.012488
0.012529
0.012465
0.012531
0.012480
0.012512
0.012432
0.012443
0.012443
0.012490
0.012486
0.012478
0.012470
0.012494
0.012493
0.012495
0.012490
0.012491
0.008317
0.008309
0.008303
0.008356
0.008339
0.008304
0.008303
0.008357
0.008354
0.008350
0.008291
0.008357
0.008271
0.008333
0.008324
0.008368
0.008280
0.008384
0.008303
0.008307
0.008330
0.008397
0.008245
0.008370
0.008235
0.008370
0.008332
0.008336
0.008289
0.008357
0.008309
0.008344
0.008317
0.008324
0.008265
0.008372
0.008311
0.008279
0.008293
0.008367
0.008323
0.008338
0.008328
0.008348
0.008345
0.008375
0.008311
0.008335
0.008314
0.008350
0.008351
0.008342
0.008299
0.008276
0.008316
0.008374
0.008303
0.008356
0.008302
0.008382
0.008317
0.008307
0.008383
0.008384
0.008309
0.008382
0.008281
0.008305
0.008339
0.008381
0.008312
0.008366
0.008350
0.008346
0.008288
0.008373
0.008309
0.008364
0.008331
0.008380
0.008306
0.008333
0.008315
0.008349
0.008316
0.008278
0.008326
0.008365
0.008310
0.008315
0.008347
0.008390
0.008301
0.008367
0.008345
0.008315
0.008284
0.008336
0.008334
0.008369
0.008323
0.008342
0.008339
0.008322
0.008343
0.008295
0.008332
0.008343
0.008289
0.008351
0.008338
0.008327
0.008325
0.008268
0.008317
0.008379
0.008227
0.008306
0.008331
0.008355
0.008302
0.008382
0.008339
0.008312
0.008355
0.008374
0.008315
0.008335
0.008298
0.008333
0.008356
0.008348
0.008345
0.008346
0.008330
0.008353
0.008340
0.008359
0.008351
0.008368
0.008333
0.008346
0.008359
0.008354
0.008314
0.008259
0.008345
0.008345
0.008337
0.008331
0.008348
0.008323
0.008350
0.008371
0.008301
0.008321
0.008337
