0.014620
0.024487
0.021021
0.020560
0.020823
0.024682
0.018947
0.014718
0.028338
0.018863
0.018885
0.020712
0.024757
0.019052
0.015009
0.028517
0.019106
0.015016
0.028378
0.017085
0.024479
0.019074
0.015136
0.028437
0.018947
0.018714
0.024745
0.018882
0.014852
0.028478
0.018978
0.014753
0.028554
0.018961
0.018873
0.024633
0.019207
0.018672
0.024574
0.018938
0.018800
0.024657
0.019225
0.018817
0.024736
0.018999
0.018816
0.024845
0.019026
0.018756
0.024888
0.019145
0.018743
0.024595
0.018922
0.018754
0.024599
0.018879
0.018752
0.024596
0.019099
0.018715
0.024648
0.019102
0.018746
0.024629
0.017275
0.024484
0.019012
0.018815
0.024637
0.019089
0.018739
0.020627
0.024889
0.019121
0.018848
0.024626
0.019038
0.018814
0.020705
0.024748
0.017203
0.024592
0.019045
0.018799
0.016607
0.028697
0.019113
0.018817
0.024684
0.018980
0.018767
0.024689
0.019115
0.018778
0.024810
0.019130
0.018860
0.024622
0.019118
0.018745
0.024670
0.019057
0.018812
0.024691
0.019105
0.018858
0.020664
0.024755
0.017399
0.024236
0.019055
0.018767
0.020703
0.020892
0.024871
0.019113
0.018899
0.024843
0.019224
0.018820
0.024870
0.019063
0.018811
0.024750
0.017334
0.024588
0.019217
0.018619
0.024576
0.019029
0.018705
0.020688
0.024824
0.019003
0.018832
0.024785
0.019083
0.018692
0.024750
0.017217
0.024526
0.017407
0.020596
0.024951
0.019059
0.018911
0.020591
0.024863
0.018990
0.018866
0.024692
0.019175
0.018975
0.024792
0.019078
0.018809
0.024716
0.019107
0.018819
0.024686
0.019131
0.018869
0.020807
0.024809
0.017264
0.020584
0.024885
0.019017
0.018791
0.020679
0.020845
0.024908
0.019053
0.018739
0.024698
0.019213
0.018741
0.024643
0.019139
0.018689
0.020667
0.024857
0.019182
0.018730
0.024715
0.019123
0.018739
0.024637
0.019058
0.018729
0.024611
0.019167
0.018640
0.020678
0.024919
0.019152
0.018789
0.020657
0.020929
0.025010
0.017484
0.024541
0.019152
0.018717
0.020751
0.024923
0.019061
0.014800
0.028679
0.019090
0.018885
0.024689
0.019044
0.018818
0.024692
0.019144
0.018727
0.024754
0.019094
0.018745
0.020797
0.024809
0.019064
0.018861
0.024692
0.019158
0.018820
0.024649
0.019084
0.018809
0.020793
0.024856
0.019191
0.018825
0.020757
0.024899
0.019056
0.018863
0.024765
0.019094
0.018895
0.024630
0.019013
0.018704
0.024645
0.019155
0.018919
0.024748
0.017293
0.016532
0.028740
0.019087
0.018854
0.024728
0.015058
0.018358
0.012717
0.020538
0.011147
0.018299
0.020507
0.012684
0.020582
0.011109
0.018231
0.014646
0.018661
0.020552
0.011070
0.018335
0.020669
0.012879
0.014687
0.018630
0.020639
0.011125
0.018384
0.020608
0.012766
0.020576
0.011142
0.018317
0.020605
0.011176
0.018329
0.020595
0.011129
0.018396
0.020643
0.012843
0.020630
0.011220
0.018402
0.020606
0.012826
0.020634
0.011204
0.018346
0.020773
0.012728
0.020684
0.011172
0.018413
0.020636
0.012867
0.020577
0.012975
0.020684
0.012773
0.020590
0.012856
0.020621
0.011225
0.018358
0.020664
0.012707
0.020645
0.012895
0.020611
0.012781
0.020568
0.012713
0.020533
0.012885
0.020683
0.012834
0.020620
0.012756
0.020599
0.011225
0.018383
0.020659
0.012849
0.012538
0.012540
0.012484
0.012468
0.012493
0.012496
0.012499
0.012500
0.012472
0.012519
0.012477
0.012432
0.012486
0.012503
0.012481
0.012532
0.012525
0.012548
0.012464
0.012434
0.012497
0.012528
0.012480
0.012487
0.012514
0.012512
0.012473
0.012550
0.012501
0.012511
0.012616
0.012331
0.012461
0.012531
0.012410
0.012516
0.012479
0.012546
0.012487
0.012512
0.012442
0.012486
0.012511
0.012508
0.012437
0.012498
0.012449
0.012494
0.012467
0.012497
0.012528
0.012534
0.012434
0.012501
0.012498
0.012495
0.012507
0.012503
0.012461
0.012497
0.012567
0.012506
0.012512
0.012567
0.012449
0.012537
0.012484
0.012542
0.012485
0.012506
0.012465
0.012546
0.012498
0.012505
0.012466
0.012519
0.012446
0.012495
0.012548
0.012525
0.012521
0.012541
0.012538
0.012542
0.012522
0.012535
0.012469
0.012571
0.012402
0.012529
0.012462
0.012507
0.012539
0.012539
0.012441
0.012549
0.012485
0.012504
0.012486
0.012571
0.012552
0.012513
0.012487
0.012485
0.012451
0.012552
0.012515
0.012490
0.012529
0.012489
0.012496
0.012554
0.012528
0.012476
0.012519
0.012589
0.012502
0.012557
0.012443
0.012557
0.012572
0.012508
0.012534
0.012556
0.012588
0.012570
0.012449
0.012520
0.012533
0.012469
0.012489
0.012536
0.012490
0.012446
0.012503
0.012600
0.012483
0.012576
0.012468
0.012563
0.012454
0.012490
0.012539
0.012540
0.012467
0.012589
0.012544
0.012452
0.012565
0.012500
0.012464
0.012537
0.012499
0.012523
0.012541
0.012550
0.012479
0.012529
0.012529
0.012507
0.012426
0.012511
0.012471
0.012547
0.012472
0.012515
0.012429
0.012580
0.012568
0.012497
0.012423
0.012613
0.012473
0.012540
0.012531
0.012540
0.012523
0.012538
0.012500
0.012563
0.012521
0.012494
0.012494
0.012518
0.012528
0.012586
0.012396
0.012577
0.012353
0.012590
0.012528
0.012520
0.012545
0.012493
0.012527
0.012552
0.012501
0.012441
0.012498
0.012536
0.012500
0.012521
0.012564
0.012556
0.012411
0.012628
0.012468
0.012544
0.012493
0.012548
0.012513
0.012522
0.012568
0.012539
0.012531
0.012511
0.012506
0.012572
0.012465
0.012582
0.012478
0.012506
0.012450
0.012543
0.012557
0.012554
0.012536
0.012508
0.012451
0.012538
0.012439
0.012559
0.012462
0.012507
0.012536
0.012528
0.012573
0.012539
0.012507
0.012513
0.012470
0.012610
0.012580
0.012518
0.012568
0.012507
0.012505
0.012485
0.012534
0.012554
0.012518
0.012534
0.012458
0.012592
0.012548
0.012490
0.012530
0.012538
0.012483
0.012518
0.012552
0.012535
0.012477
0.012555
0.012469
0.012500
0.012432
0.012489
0.012461
0.012549
0.012454
0.012519
0.012545
0.012518
0.012523
0.012559
0.012528
0.012516
0.012504
0.012537
0.012506
0.012535
0.012501
0.012523
0.012433
0.012526
0.012554
0.012537
0.012451
0.010262
0.008264
0.008437
0.008347
0.008440
0.008350
0.008329
0.008334
0.008391
0.008305
0.008386
0.008357
0.008387
0.008368
0.008373
0.008323
0.008378
0.008354
0.008374
0.008333
0.008365
0.008304
0.008403
0.008296
0.008382
0.008314
0.008404
0.008364
0.008371
0.008383
0.008367
0.008387
0.008387
0.008313
0.008301
0.008323
0.008421
0.008335
0.008317
0.008359
0.008397
0.008335
0.008309
0.008376
0.008326
0.008399
0.008389
0.008333
0.008360
0.008278
0.008391
0.008385
0.008376
0.008271
0.008358
0.008399
0.008371
0.008405
0.008356
0.008405
0.008399
0.008359
0.008395
0.008439
0.008334
0.008399
0.008356
0.008315
0.008390
0.008358
0.008347
0.008402
0.008413
0.008395
0.008353
0.008339
0.008360
0.008417
0.008371
0.008324
0.008430
0.008421
0.008330
0.008389
0.008355
0.008386
0.008312
0.008399
0.008372
0.008407
0.008413
0.008338
0.008417
0.008398
0.008392
0.008331
0.008372
0.008344
0.008391
0.008359
0.008428
0.008310
0.008426
0.008387
0.008383
0.008395
0.008332
0.008322
0.008377
0.008326
0.008414
0.008400
0.008402
0.008347
0.008296
0.008410
0.008329
0.008264
0.008395
0.008329
0.008380
0.008264
0.008397
0.008356
0.008376
0.008328
0.008388
0.008329
0.008324
0.008368
0.008318
0.008350
0.008399
0.008374
0.008399
0.008323
0.008385
0.008405
0.008368
0.008389
0.008368
0.008424
0.008380
0.008386
0.008396
0.008356
0.008319
0.008393
0.008374
0.008383
0.008353
0.008405
0.008357
0.008403
0.008377
0.008393
0.008343
0.008250
0.005213
0.005240
0.005229
0.005229
0.005216
0.005283
0.005265
0.005219
0.005225
0.005256
0.005288
0.005244
0.005254
0.005283
0.005238
0.005280
0.005239
0.005268
0.005255
0.005230
0.005282
0.005266
0.005226
0.005264
0.005227
0.005252
0.005225
0.005245
0.005267
0.005249
0.005236
0.005247
0.005255
0.005273
0.005268
0.005244
0.005239
0.005302
0.005225
0.005235
0.005244
0.005283
0.005251
0.005231
0.005239
0.005259
0.005280
0.005235
0.005280
0.005263
0.005288
0.005267
0.005249
0.005246
0.005276
0.005262
0.005252
0.005271
0.005281
0.005211
0.005240
0.005231
0.005274
0.005269
0.005248
0.005225
0.005255
0.005263
0.005239
0.005254
0.005251
0.005274
0.005230
0.005254
0.005256
0.005283
0.005239
0.005306
0.005247
0.005288
0.005240
0.005256
0.005238
0.005288
0.005215
0.005262
0.005237
0.005243
0.005255
0.005220
0.005285
0.005269
0.005227
0.005271
0.005245
0.005257
0.005233
0.005246
0.005269
0.005256
0.005245
0.005262
0.005243
0.005252
0.005254
0.005246
0.005292
0.005247
0.005270
0.005239
0.005218
0.005256
0.005243
0.005238
0.005286
0.005257
0.005252
0.005242
0.005268
0.005247
0.005244
0.005275
0.005233
0.005210
0.005220
0.005234
0.005227
0.005269
0.005239
0.005291
0.005242
0.005270
0.005229
0.005277
0.005257
0.005256
0.005211
0.005285
0.005259
0.005240
0.005208
0.005278
0.005250
0.005225
0.005246
0.005275
0.005281
0.005226
0.005267
0.005266
0.005284
0.005248
0.005296
0.005276
0.005255
0.005221
0.005266
0.005267
0.005259
0.005243
0.005273
0.005276
0.005226
0.005229
0.005269
0.005245
0.005244
0.005269
0.005258
0.005264
0.005230
0.005295
0.005241
0.005272
0.005319
0.005271
0.005275
0.005250
0.005296
0.005278
0.005214
0.005238
0.005278
0.005269
0.005254
0.005227
0.005256
0.005270
0.005231
0.005255
0.005270
0.005248
0.005236
0.005276
0.005287
0.005266
0.005237
0.005270
0.005291
0.005253
0.005264
0.005260
0.005254
0.005244
0.005253
0.005276
0.005239
0.005265
0.005239
0.005176
0.005238
0.005271
0.005249
0.005243
0.005280
0.005215
0.005268
0.005241
0.005269
0.005264
0.005225
0.005257
0.005291
0.005252
0.005275
0.005260
0.005276
0.005280
0.005248
0.005271
0.005280
0.005237
0.005237
0.005226
0.005269
0.005264
0.005286
0.005239
0.005284
0.005273
0.005252
0.005287
0.005263
0.005301
0.005239
0.005267
0.005302
0.005240
0.005219
0.005260
0.005282
0.005243
0.005246
0.005286
0.005274
0.005264
0.005233
0.005264
0.005275
0.005282
0.005229
0.005250
0.005295
0.005173
0.005260
0.005233
0.005283
0.005271
0.005285
0.005261
0.005250
0.005285
0.005268
0.005219
0.005254
0.005229
0.005282
0.005257
0.005283
0.005269
0.005230
0.005266
0.005274
0.005189
0.005250
0.005269
0.005245
0.005231
0.005240
0.005294
0.005247
0.005245
0.005246
0.005262
0.005244
0.005277
0.005267
0.005198
0.005235
0.005246
0.005259
0.005233
0.005257
0.005228
0.005235
0.005284
0.005258
0.005247
0.005244
0.005243
0.005280
0.005250
0.005280
0.005263
0.005265
0.005265
0.005236
0.005260
0.005280
0.005237
0.005235
0.005247
0.005277
0.005264
0.005263
0.005250
0.005265
0.005242
0.005258
0.005265
0.005252
0.005278
0.005265
0.005249
0.005237
0.005252
0.005282
0.005238
0.005255
0.005255
0.005250
0.005249
0.005257
0.005250
0.005265
0.005244
0.005220
0.005223
0.005291
0.005254
0.005247
0.005242
0.005261
0.005266
0.005281
0.005222
0.005255
0.005232
0.005278
0.005260
0.005254
0.005280
0.005267
0.005230
0.005250
0.005256
0.005260
0.005243
0.005277
0.005254
0.005286
0.005256
0.005241
0.005260
0.005296
0.005280
0.005246
0.005298
0.005258
0.005281
0.005215
0.005294
0.005243
0.005259
0.005250
0.005228
0.005259
0.005263
0.005255
0.005260
0.005272
0.005244
0.005262
0.005277
0.005255
0.005279
0.005274
0.005279
0.005278
0.005277
0.005264
0.005244
0.005286
0.005250
0.005246
0.005285
0.005249
0.005304
0.005364
0.005247
0.005273
0.005250
0.005237
0.005291
0.005259
0.005242
0.005277
0.005265
0.005278
0.005174
0.005230
0.005263
0.005231
0.005273
0.005226
0.005243
0.005270
0.005235
0.005263
0.005284
0.005226
0.005221
0.005285
0.005243
0.005225
0.005305
0.005259
0.005245
0.005263
0.005246
0.005227
0.005260
0.005263
0.005233
0.005238
0.005229
0.005291
0.005196
0.005230
0.005284
0.005236
0.005266
0.005266
0.005290
0.005263
0.005260
0.005213
0.005263
0.005273
0.005231
0.005260
0.005261
0.005240
0.005277
0.005251
0.005328
0.005264
0.005244
0.005296
0.005260
0.005239
0.005221
0.005298
0.005221
0.005280
0.005240
0.005255
0.005251
0.005249
0.005341
0.005252
0.005257
0.005250
0.005250
0.005274
0.005246
0.005255
0.005234
0.005219
0.005256
0.005266
0.005234
0.005231
0.005248
0.005258
0.005262
0.005223
0.005287
0.005266
0.005240
0.005226
0.005237
0.005297
0.005268
0.005234
0.005278
0.005284
0.005274
0.005257
0.005276
0.005260
0.005325
0.005237
0.005250
0.005293
0.005257
0.005231
0.005289
0.005281
0.005230
0.005278
0.005246
0.005308
0.005248
0.005222
0.005255
0.005297
0.005225
0.005269
0.005250
0.005269
0.005270
0.005221
0.005282
0.005259
0.005272
0.005220
0.005300
0.005221
0.005188
0.005266
0.005180
0.005272
0.005194
0.005243
0.005258
0.005250
0.005258
0.005258
0.005250
0.005289
0.005222
0.005247
0.005228
0.005273
0.005216
0.005244
0.005274
0.005246
0.005234
0.005234
0.005276
0.005262
0.005243
0.005282
0.005267
0.005242
0.005234
0.005280
0.005245
0.005252
0.005235
0.005224
0.005229
0.005254
0.005235
0.005244
0.005233
0.005284
0.005275
0.005240
0.005259
0.005236
0.005219
0.005229
0.005251
0.005254
0.005270
0.005224
0.005265
0.005257
0.005231
0.005258
0.005270
0.005220
0.005229
0.005224
0.005208
0.005239
0.005215
0.005234
0.005278
0.005258
0.005275
0.005244
0.005287
0.005246
0.005272
0.005270
0.005264
0.005275
0.005166
0.005295
0.005253
0.005288
0.005226
0.005227
0.005273
0.005234
0.005270
0.005238
0.005234
0.005249
0.005275
0.005275
0.005255
0.005244
0.005242
0.005230
0.005232
0.005237
0.005255
0.005235
0.005255
0.005235
0.005258
0.005268
0.005265
0.005276
0.005247
0.005245
0.005260
0.005255
0.005239
0.005241
0.005251
0.005276
0.005233
0.005257
0.005273
0.005254
0.005235
0.005246
0.005250
0.005249
0.005245
0.005217
0.005260
0.005269
0.005268
0.005239
0.005274
0.005237
0.005262
0.005239
0.005240
0.005262
0.005250
0.005244
0.005235
0.005281
0.005269
0.005274
0.005253
0.005254
0.005237
0.005245
0.005257
0.005270
0.005240
0.005261
0.005282
0.005235
0.005234
0.005233
0.005336
0.005226
0.005252
0.005234
0.005271
0.005262
0.005245
0.005254
0.005255
0.005268
0.005251
0.005278
0.005265
0.005265
0.005196
0.005232
0.005216
0.005223
0.005215
0.005241
0.005258
0.005280
0.005252
0.005228
